-1.166    -1.185    -1.205    -1.225    -1.245    -1.265    -1.285    -1.305
    -1.325    -1.344    -1.364    -1.384    -1.403    -1.423    -1.442    -1.461
    -1.481    -1.500    -1.519    -1.539    -1.558    -1.577    -1.595    -1.614
    -1.632    -1.650    -1.669    -1.687    -1.706    -1.724    -1.743    -1.761
    -1.778    -1.796    -1.813    -1.830    -1.847    -1.864    -1.882    -1.899
    -1.915    -1.932    -1.948    -1.964    -1.979    -1.995    -2.011    -2.026
    -2.042    -2.057    -2.072    -2.087    -2.102    -2.116    -2.131    -2.145
    -2.159    -2.173    -2.186    -2.199    -2.212    -2.224    -2.236    -2.248
    -2.260    -2.271    -2.282    -2.293    -2.304    -2.314    -2.323    -2.333
    -2.342    -2.351    -2.360    -2.369    -2.377    -2.385    -2.393    -2.401
    -2.408    -2.415    -2.422    -2.428    -2.434    -2.440    -2.446    -2.451
    -2.457    -2.462    -2.468    -2.473    -2.477    -2.482    -2.485    -2.488
    -2.491    -2.494    -2.496    -2.498    -2.500    -2.501    -2.503    -2.504
    -2.504    -2.505    -2.505    -2.505    -2.504    -2.503    -2.502    -2.501
    -2.499    -2.497    -2.494    -2.491    -2.487    -2.482    -2.477    -2.472
    -2.466    -2.460    -2.453    -2.447    -2.440    -2.433    -2.425    -2.417
    -2.408    -2.399    -2.390    -2.380    -2.369    -2.359    -2.348    -2.337
    -2.326    -2.315    -2.304    -2.293    -2.281    -2.269    -2.256    -2.242
    -2.228    -2.214    -2.199    -2.184    -2.169    -2.153    -2.138    -2.121
    -2.104    -2.086    -2.068    -2.049    -2.029    -2.010    -1.990    -1.970
    -1.950    -1.930    -1.910    -1.888    -1.867    -1.845    -1.822    -1.799
    -1.775    -1.750    -1.726    -1.701    -1.676    -1.651    -1.625    -1.598
    -1.571    -1.543    -1.515    -1.485    -1.454    -1.422    -1.390    -1.357
    -1.325    -1.292    -1.258    -1.224    -1.189    -1.154    -1.118    -1.082
    -1.046    -1.010     -.974     -.939     -.903     -.868     -.832     -.795
     -.758     -.720     -.681     -.642     -.603     -.564     -.525     -.485
     -.445     -.404     -.362     -.318     -.273     -.227     -.181     -.136
     -.090     -.044      .002      .048      .095      .142      .190      .238
      .287      .338      .389      .441      .494      .547      .600      .652
      .704      .756      .808      .861      .914      .968     1.023     1.079
     1.135     1.190     1.245     1.298     1.350     1.403     1.455     1.508
     1.563     1.617     1.672     1.727     1.781     1.835     1.889     1.942
     1.996     2.049     2.102     2.156     2.210     2.266     2.322     2.380
     2.438     2.497     2.556     2.615     2.674     2.734     2.794     2.855
     2.917     2.978     3.039     3.099     3.159     3.219     3.280     3.342
     3.404     3.468     3.531     3.595     3.659     3.723     3.787     3.852
     3.916     3.980     4.043     4.106     4.168     4.229     4.290     4.352
     4.415     4.479     4.545     4.611     4.678     4.743     4.808     4.871
     4.932     4.992     5.051     5.110     5.168     5.228     5.288     5.350
     5.411     5.471     5.531     5.591     5.652     5.714     5.776     5.838
     5.900     5.962     6.025     6.087     6.148     6.209     6.270     6.331
     6.393     6.456     6.517     6.577     6.636     6.694     6.752     6.810
     6.867     6.924     6.979     7.032     7.085     7.137     7.188     7.239
     7.291     7.344     7.397     7.449     7.501     7.553     7.605     7.656
     7.707     7.758     7.809     7.861     7.915     7.969     8.022     8.074
     8.124     8.172     8.220     8.267     8.313     8.357     8.399     8.438
     8.476     8.512     8.549     8.585     8.620     8.654     8.687     8.720
     8.754     8.788     8.824     8.860     8.896     8.934     8.971     9.007
     9.041     9.073     9.102     9.129     9.154     9.178     9.202     9.226
     9.250     9.274     9.297     9.319     9.341     9.362     9.380     9.398
     9.416     9.434     9.452     9.469     9.485     9.500     9.515     9.529
     9.543     9.557     9.571     9.585     9.598     9.610     9.622     9.634
     9.646     9.658     9.670     9.682     9.691     9.698     9.701     9.702
     9.700     9.698     9.695     9.694     9.695     9.699     9.704     9.709
     9.714     9.717     9.720     9.723     9.726     9.729     9.732     9.735
     9.736     9.736     9.733     9.728     9.722     9.714     9.705     9.697
     9.689     9.682     9.674     9.664     9.653     9.642     9.631     9.618
     9.602     9.583     9.561     9.536     9.508     9.477     9.444     9.410
     9.375     9.337     9.297     9.256     9.213     9.168     9.121     9.072
     9.021     8.970     8.917     8.862     8.806     8.750     8.693     8.635
     8.577     8.517     8.454     8.387     8.316     8.243     8.168     8.091
     8.009     7.924     7.835     7.740     7.640     7.533     7.421     7.304
     7.183     7.060     6.935     6.810     6.686     6.563     6.440     6.319
     6.201     6.086     5.977     5.873     5.772     5.676     5.584     5.495
     5.408     5.320     5.229     5.131     5.024     4.908     4.782     4.644
     4.493     4.328     4.148     3.956     3.750     3.531     3.298     3.051
     2.791     2.521     2.243     1.957     1.663     1.363     1.058      .752
      .448      .147     -.149     -.439     -.722     -.998    -1.267    -1.531
    -1.793    -2.057    -2.326    -2.600    -2.882    -3.173    -3.474    -3.788
    -4.115    -4.455    -4.808    -5.174    -5.551    -5.936    -6.325    -6.718
    -7.112    -7.506    -7.897    -8.283    -8.661    -9.030    -9.386    -9.728
   -10.055   -10.364   -10.656   -10.933   -11.202   -11.468   -11.737   -12.012
   -12.293   -12.581   -12.875   -13.172   -13.474   -13.778   -14.084   -14.388
   -14.686   -14.976   -15.260   -15.536   -15.804   -16.061   -16.305   -16.535
   -16.750   -16.951   -17.137   -17.309   -17.467   -17.610   -17.739   -17.855
   -17.959   -18.051   -18.131   -18.199   -18.257   -18.310   -18.361   -18.415
   -18.477   -18.548   -18.631   -18.726   -18.836   -18.959   -19.095   -19.243
   -19.400   -19.566   -19.740   -19.918   -20.101   -20.287   -20.476   -20.668
   -20.861   -21.057   -21.252   -21.445   -21.631   -21.807   -21.968   -22.115
   -22.247   -22.364   -22.469   -22.562   -22.650   -22.738   -22.829   -22.926
   -23.028   -23.138   -23.256   -23.382   -23.516   -23.656   -23.805   -23.959
   -24.120   -24.286   -24.457   -24.631   -24.809   -24.992   -25.180   -25.373
   -25.571   -25.771   -25.970   -26.163   -26.346   -26.517   -26.677   -26.825
   -26.957   -27.073   -27.171   -27.252   -27.318   -27.366   -27.396   -27.410
   -27.407   -27.390   -27.357   -27.310   -27.248   -27.171   -27.077   -26.966
   -26.834   -26.681   -26.506   -26.308   -26.089   -25.853   -25.603   -25.344
   -25.077   -24.803   -24.523   -24.239   -23.951   -23.659   -23.365   -23.067
   -22.766   -22.460   -22.150   -21.835   -21.517   -21.197   -20.875   -20.553
   -20.229   -19.901   -19.568   -19.229   -18.884   -18.532   -18.171   -17.801
   -17.421   -17.032   -16.633   -16.225   -15.807   -15.381   -14.949   -14.511
   -14.069   -13.623   -13.174   -12.723   -12.269   -11.811   -11.351   -10.887
   -10.419    -9.946    -9.470    -8.988    -8.503    -8.011    -7.512    -7.006
    -6.494    -5.975    -5.449    -4.916    -4.375    -3.827    -3.271    -2.707
    -2.133    -1.551     -.960     -.361      .244      .856     1.473     2.094
     2.719     3.347     3.976     4.605     5.230     5.852     6.469     7.080
     7.685     8.283     8.872     9.452    10.021    10.578    11.120    11.642
    12.141    12.614    13.058    13.471    13.852    14.201    14.518    14.805
    15.064    15.300    15.516    15.717    15.905    16.083    16.251    16.411
    16.562    16.705    16.839    16.962    17.073    17.170    17.255    17.328
    17.389    17.442    17.487    17.526    17.560    17.588    17.609    17.623
    17.630    17.627    17.614    17.590    17.559    17.523    17.484    17.441
    17.399    17.358    17.319    17.283    17.247    17.211    17.175    17.137
    17.097    17.055    17.009    16.960    16.906    16.848    16.784    16.716
    16.643    16.564    16.477    16.382    16.280    16.172    16.059    15.941
    15.819    15.696    15.573    15.453    15.337    15.227    15.125    15.030
    14.942    14.858    14.779    14.703    14.629    14.557    14.485    14.415
    14.345    14.275    14.202    14.126    14.047    13.964    13.878    13.791
    13.700    13.608    13.514    13.420    13.327    13.236    13.147    13.059
    12.971    12.884    12.797    12.710    12.623    12.536    12.448    12.360
    12.274    12.193    12.116    12.045    11.980    11.921    11.869    11.824
    11.787    11.758    11.736    11.718    11.703    11.687    11.668    11.648
    11.626    11.604    11.585    11.570    11.558    11.547    11.533    11.512
    11.484    11.445    11.394    11.330    11.253    11.165    11.066    10.956
    10.837    10.710    10.576    10.433    10.281    10.121     9.950     9.768
     9.574     9.370     9.155     8.930     8.697     8.457     8.209     7.955
     7.694     7.426     7.151     6.870     6.583     6.289     5.989     5.680
     5.364     5.042     4.716     4.389     4.064     3.743     3.430     3.125
     2.828     2.539     2.254     1.970     1.682     1.389     1.090      .786
      .477      .166     -.147     -.458     -.767    -1.071    -1.372    -1.668
    -1.960    -2.246    -2.527    -2.801    -3.067    -3.323    -3.569    -3.800
    -4.018    -4.220    -4.405    -4.575    -4.731    -4.875    -5.012    -5.145
    -5.278    -5.414    -5.553    -5.699    -5.849    -6.006    -6.168    -6.332
    -6.498    -6.663    -6.826    -6.986    -7.141    -7.290    -7.431    -7.565
    -7.689    -7.804    -7.908    -8.000    -8.079    -8.145    -8.197    -8.235
    -8.260    -8.271    -8.270    -8.255    -8.228    -8.188    -8.137    -8.074
    -8.001    -7.917    -7.823    -7.717    -7.600    -7.470    -7.326    -7.170
    -7.001    -6.821    -6.633    -6.436    -6.233    -6.024    -5.811    -5.595
    -5.376    -5.157    -4.937    -4.716    -4.494    -4.270    -4.042    -3.808
    -3.569    -3.324    -3.073    -2.818    -2.558    -2.296    -2.031    -1.765
    -1.498    -1.232     -.965     -.699     -.435     -.172      .089      .349
      .607      .865     1.123     1.382     1.641     1.900     2.158     2.413
     2.664     2.909     3.146     3.373     3.588     3.789     3.973     4.141
     4.292     4.425     4.539     4.636     4.715     4.780     4.832     4.876
     4.914     4.951     4.986     5.021     5.057     5.094     5.132     5.170
     5.208     5.243     5.275     5.304     5.330     5.354     5.377     5.400
     5.424     5.450     5.478     5.507     5.537     5.567     5.596     5.622
     5.644     5.661     5.673     5.681     5.684     5.685     5.684     5.682
     5.681     5.681     5.682     5.684     5.687     5.690     5.692     5.692
     5.689     5.682     5.672     5.661     5.648     5.635     5.622     5.612
     5.604     5.599     5.597     5.597     5.597     5.598     5.597     5.592
     5.583     5.567     5.547     5.521     5.491     5.456     5.416     5.369
     5.318     5.262     5.201     5.137     5.070     5.001     4.930     4.859
     4.786     4.714     4.643     4.575     4.510     4.449     4.391     4.337
     4.286     4.237     4.192     4.149     4.109     4.072     4.038     4.005
     3.973     3.941     3.908     3.874     3.838     3.799     3.758     3.715
     3.669     3.622     3.576     3.530     3.486     3.445     3.408     3.375
     3.347     3.322     3.302     3.286     3.276     3.270     3.270     3.276
     3.289     3.308     3.335     3.368     3.409     3.457     3.512     3.573
     3.641     3.716     3.797     3.884     3.976     4.071     4.169     4.267
     4.366     4.463     4.559     4.654     4.746     4.836     4.924     5.008
     5.089     5.166     5.238     5.305     5.367     5.424     5.475     5.520
     5.559     5.591     5.617     5.637     5.651     5.659     5.660     5.655
     5.645     5.628     5.605     5.575     5.540     5.499     5.452     5.399
     5.340     5.274     5.200     5.119     5.030     4.935     4.832     4.724
     4.610     4.491     4.365     4.235     4.100     3.961     3.818     3.674
     3.527     3.380     3.234     3.087     2.942     2.797     2.652     2.506
     2.359     2.211     2.061     1.911     1.761     1.610     1.460     1.310
     1.159     1.006      .852      .695      .535      .370      .200      .025
     -.155     -.341     -.532     -.728     -.928    -1.130    -1.335    -1.541
    -1.748    -1.953    -2.158    -2.361    -2.561    -2.760    -2.956    -3.148
    -3.336    -3.521    -3.701    -3.878    -4.050    -4.218    -4.383    -4.545
    -4.705    -4.865    -5.025    -5.187    -5.349    -5.513    -5.677    -5.842
    -6.005    -6.168    -6.329    -6.488    -6.644    -6.797    -6.946    -7.092
    -7.232    -7.366    -7.495    -7.617    -7.733    -7.844    -7.949    -8.048
    -8.144    -8.235    -8.324    -8.411    -8.497    -8.582    -8.668    -8.756
    -8.845    -8.936    -9.027    -9.120    -9.212    -9.303    -9.392    -9.479
    -9.562    -9.640    -9.715    -9.786    -9.852    -9.914    -9.972   -10.027
   -10.081   -10.134   -10.189   -10.246   -10.306   -10.371   -10.441   -10.514
   -10.593   -10.676   -10.762   -10.851   -10.940   -11.029   -11.118   -11.204
   -11.289   -11.370   -11.448   -11.521   -11.591   -11.656   -11.716   -11.772
   -11.824   -11.872   -11.916   -11.957   -11.993   -12.024   -12.051   -12.073
   -12.091   -12.103   -12.111   -12.115   -12.115   -12.111   -12.104   -12.094
   -12.081   -12.065   -12.045   -12.022   -11.995   -11.964   -11.929   -11.890
   -11.847   -11.801   -11.751   -11.698   -11.642   -11.584   -11.523   -11.459
   -11.392   -11.323   -11.250   -11.173   -11.094   -11.010   -10.924   -10.834
   -10.741   -10.646   -10.549   -10.451   -10.351   -10.251   -10.150   -10.049
    -9.947    -9.845    -9.742    -9.638    -9.533    -9.428    -9.320    -9.212
    -9.102    -8.991    -8.877    -8.760    -8.640    -8.516    -8.388    -8.256
    -8.121    -7.982    -7.840    -7.696    -7.550    -7.402    -7.254    -7.106
    -6.959    -6.813    -6.669    -6.527    -6.386    -6.247    -6.109    -5.971
    -5.834    -5.698    -5.561    -5.424    -5.288    -5.152    -5.016    -4.881
    -4.747    -4.614    -4.482    -4.350    -4.218    -4.088    -3.959    -3.831
    -3.704    -3.579    -3.455    -3.334    -3.214    -3.095    -2.978    -2.861
    -2.745    -2.630    -2.513    -2.397    -2.279    -2.160    -2.041    -1.921
    -1.801    -1.680    -1.560    -1.441    -1.321    -1.202    -1.083     -.963
     -.843     -.723     -.602     -.482     -.362     -.242     -.124     -.007
      .109      .224      .338      .451      .563      .674      .785      .893
      .999     1.104     1.206     1.304     1.400     1.492     1.580     1.665
     1.747     1.826     1.903     1.976     2.047     2.116     2.182     2.247
     2.311     2.374     2.437     2.500     2.564     2.629     2.695     2.763
     2.830     2.898     2.965     3.031     3.096     3.159     3.221     3.281
     3.339     3.396     3.452     3.507     3.561     3.614     3.665     3.717
     3.768     3.819     3.870     3.922     3.975     4.029     4.083     4.138
     4.193     4.249     4.305     4.363     4.422     4.482     4.543     4.605
     4.668     4.733     4.798     4.864     4.930     4.997     5.063     5.129
     5.195     5.261     5.326     5.391     5.456     5.522     5.588     5.655
     5.722     5.790     5.858     5.927     5.995     6.062     6.126     6.187
     6.244     6.296     6.344     6.387     6.426     6.461     6.491     6.518
     6.541     6.561     6.578     6.591     6.603     6.612     6.618     6.623
     6.627     6.628     6.629     6.630     6.630     6.630     6.631     6.634
     6.638     6.645     6.653     6.664     6.676     6.689     6.701     6.714
     6.727     6.739     6.752     6.764     6.777     6.791     6.804     6.819
     6.835     6.851     6.869     6.888     6.908     6.930     6.955     6.981
     7.010     7.041     7.074     7.107     7.141     7.174     7.206     7.236
     7.263     7.288     7.309     7.326     7.340     7.349     7.354     7.355
     7.351     7.343     7.331     7.313     7.290     7.262     7.228     7.188
     7.144     7.094     7.039     6.979     6.915     6.847     6.773     6.696
     6.615     6.529     6.441     6.349     6.255     6.159     6.062     5.964
     5.866     5.768     5.672     5.577     5.485     5.396     5.308     5.224
     5.141     5.060     4.980     4.901     4.821     4.739     4.655     4.568
     4.479     4.387     4.293     4.196     4.098     3.999     3.899     3.800
     3.701     3.604     3.508     3.414     3.322     3.231     3.142     3.055
     2.969     2.885     2.801     2.718     2.634     2.550     2.466     2.380
     2.293     2.204     2.113     2.021     1.928     1.834     1.741     1.647
     1.554     1.462     1.372     1.283     1.196     1.112     1.031      .953
      .878      .806      .738      .674      .613      .556      .503      .452
      .403      .356      .310      .264      .218      .172      .126      .079
      .031     -.017     -.066     -.115     -.164     -.214     -.263     -.312
     -.360     -.407     -.454     -.499     -.544     -.587     -.629     -.670
     -.711     -.750     -.789     -.827     -.863     -.899     -.932     -.964
     -.993    -1.020    -1.045    -1.068    -1.089    -1.110    -1.129    -1.147
    -1.165    -1.182    -1.199    -1.216    -1.232    -1.248    -1.263    -1.277
    -1.289    -1.301    -1.311    -1.319    -1.326    -1.331    -1.334    -1.335
    -1.334    -1.332    -1.330    -1.327    -1.324    -1.322    -1.322    -1.323
    -1.325    -1.328    -1.332    -1.336    -1.341    -1.347    -1.352    -1.359
    -1.366    -1.374    -1.383    -1.392    -1.402    -1.412    -1.422    -1.432
    -1.441    -1.450    -1.459    -1.466    -1.473    -1.480    -1.485    -1.490
    -1.496    -1.501    -1.507    -1.513    -1.520    -1.528    -1.536    -1.546
    -1.557    -1.570    -1.584    -1.601    -1.620    -1.642    -1.667    -1.695
    -1.725    -1.758    -1.793    -1.831    -1.870    -1.910    -1.951    -1.993
    -2.035    -2.078    -2.120    -2.161    -2.203    -2.244    -2.285    -2.326
    -2.366    -2.406    -2.446    -2.485    -2.524    -2.562    -2.601    -2.639
    -2.677    -2.716    -2.755    -2.794    -2.832    -2.871    -2.908    -2.944
    -2.978    -3.011    -3.040    -3.067    -3.090    -3.111    -3.128    -3.142
    -3.153    -3.161    -3.168    -3.172    -3.174    -3.176    -3.176    -3.175
    -3.173    -3.171    -3.170    -3.169    -3.169    -3.170    -3.173    -3.177
    -3.183    -3.190    -3.198    -3.207    -3.217    -3.227    -3.238    -3.248
    -3.259    -3.269    -3.279    -3.288    -3.296    -3.303    -3.309    -3.313
    -3.314    -3.314    -3.312    -3.309    -3.305    -3.299    -3.292    -3.284
    -3.276    -3.268    -3.261    -3.254    -3.248    -3.244    -3.241    -3.240
    -3.241    -3.243    -3.248    -3.254    -3.262    -3.272    -3.283    -3.296
    -3.309    -3.321    -3.334    -3.345    -3.354    -3.362    -3.368    -3.372
    -3.375    -3.375    -3.373    -3.369    -3.363    -3.356    -3.346    -3.335
    -3.323    -3.309    -3.294    -3.278    -3.260    -3.242    -3.223    -3.203
    -3.182    -3.159    -3.136    -3.112    -3.088    -3.063    -3.038    -3.013
    -2.988    -2.964    -2.939    -2.914    -2.888    -2.862    -2.833    -2.804
    -2.773    -2.741    -2.707    -2.672    -2.635    -2.597    -2.557    -2.517
    -2.475    -2.432    -2.388    -2.344    -2.299    -2.254    -2.210    -2.166
    -2.124    -2.082    -2.041    -2.001    -1.963    -1.926    -1.891    -1.856
    -1.824    -1.792    -1.760    -1.729    -1.698    -1.666    -1.632    -1.595
    -1.557    -1.515    -1.472    -1.425    -1.376    -1.324    -1.270    -1.213
    -1.155    -1.094    -1.032     -.968     -.903     -.837     -.770     -.702
     -.634     -.565     -.496     -.426     -.357     -.287     -.218     -.149
     -.081     -.013      .055      .123      .191      .260      .330      .401
      .474      .548      .623      .700      .778      .857      .937     1.018
     1.099     1.181     1.263     1.345     1.426     1.508     1.590     1.671
     1.753     1.834     1.914     1.994     2.074     2.153     2.232     2.311
     2.390     2.469     2.548     2.627     2.707     2.786     2.865     2.944
     3.022     3.099     3.175     3.249     3.321     3.391     3.459     3.525
     3.588     3.649     3.708     3.765     3.819     3.871     3.920     3.966
     4.009     4.049     4.085     4.118     4.147     4.173     4.194     4.211
     4.224     4.233     4.238     4.240     4.238     4.233     4.227     4.218
     4.208     4.197     4.186     4.173     4.159     4.145     4.131     4.116
     4.100     4.084     4.067     4.049     4.029     4.008     3.986     3.963
     3.938     3.912     3.886     3.858     3.828     3.797     3.764     3.730
     3.694     3.657     3.617     3.576     3.533     3.490     3.445     3.400
     3.354     3.309     3.263     3.218     3.174     3.130     3.087     3.044
     3.002     2.960     2.920     2.880     2.841     2.802     2.764     2.727
     2.689     2.652     2.615     2.579     2.543     2.508     2.474     2.441
     2.409     2.377     2.346     2.316     2.286     2.256     2.227     2.198
     2.170     2.141     2.113     2.085     2.057     2.029     2.001     1.973
     1.945     1.918     1.891     1.864     1.837     1.810     1.784     1.757
     1.731     1.704     1.678     1.652     1.625     1.599     1.573     1.546
     1.519     1.492     1.464     1.436     1.409     1.382     1.357     1.333
     1.310     1.290     1.271     1.255     1.241     1.229     1.219     1.211
     1.205     1.200     1.196     1.192     1.189     1.185     1.181     1.177
     1.171     1.165     1.156     1.146     1.135     1.120     1.104     1.084
     1.062     1.036     1.006      .974      .937      .898      .855      .810
      .762      .712      .660      .606      .551      .495      .438      .380
      .321      .261      .200      .138      .076      .013     -.050     -.114
     -.178     -.243     -.309     -.375     -.443     -.511     -.579     -.649
     -.718     -.788     -.857     -.926     -.995    -1.062    -1.129    -1.194
    -1.258    -1.321    -1.383    -1.443    -1.502    -1.559    -1.615    -1.669
    -1.722    -1.773    -1.823    -1.871    -1.918    -1.964    -2.009    -2.054
    -2.098    -2.142    -2.185    -2.229    -2.273    -2.316    -2.359    -2.401
    -2.443    -2.484    -2.525    -2.565    -2.604    -2.643    -2.680    -2.716
    -2.750    -2.783    -2.813    -2.841    -2.867    -2.891    -2.912    -2.932
    -2.948    -2.963    -2.975    -2.985    -2.992    -2.997    -3.000    -3.001
    -2.999    -2.996    -2.991    -2.984    -2.976    -2.966    -2.955    -2.942
    -2.928    -2.912    -2.895    -2.877    -2.858    -2.838    -2.817    -2.795
    -2.772    -2.748    -2.724    -2.698    -2.673    -2.648    -2.623    -2.598
    -2.574    -2.551    -2.528    -2.505    -2.483    -2.461    -2.439    -2.416
    -2.393    -2.368    -2.342    -2.315    -2.287    -2.256    -2.225    -2.192
    -2.158    -2.122    -2.086    -2.049    -2.011    -1.971    -1.931    -1.889
    -1.846    -1.801    -1.754    -1.706    -1.656    -1.605    -1.553    -1.500
    -1.446    -1.392    -1.337    -1.282    -1.226    -1.171    -1.114    -1.058
    -1.000     -.943     -.885     -.827     -.768     -.709     -.649     -.589
     -.528     -.467     -.406     -.345     -.285     -.225     -.165     -.106
     -.048      .009      .064      .118      .170      .220      .268      .313
      .356      .397      .435      .472      .506      .539      .570      .598
      .626      .651      .674      .696      .716      .735      .751      .766
      .780      .791      .801      .810      .816      .821      .824      .826
      .825      .823      .819      .812      .804      .794      .783      .771
      .757      .742      .727      .711      .694      .677      .660      .642
      .626      .609      .593      .578      .563      .548      .534      .520
      .506      .493      .480      .468      .455      .443      .432      .420
      .409      .399      .389      .379      .370      .361      .353      .344
      .336      .328      .320      .311      .303      .294      .286      .277
      .269      .261      .254      .247      .239      .232      .225      .218
      .211      .204      .196      .189      .182      .175      .168      .162
      .155      .148      .142      .135      .129      .122      .115      .107
      .100      .093      .085      .077      .068      .060      .050      .041
      .032      .022      .012      .001     -.009     -.020     -.031     -.042
     -.053     -.064     -.074     -.085     -.095     -.105     -.115     -.123
     -.131     -.138     -.144     -.149     -.154     -.157     -.160     -.162
     -.163     -.164     -.164     -.164     -.164     -.163     -.162     -.161
     -.160     -.160     -.159     -.159     -.159     -.160     -.161     -.162
     -.163     -.164     -.165     -.166     -.167     -.167     -.168     -.168
     -.168     -.168     -.167     -.165     -.163     -.160     -.156     -.152
     -.146     -.141     -.134     -.127     -.120     -.113     -.106     -.098
     -.091     -.084     -.076     -.068     -.059     -.049     -.039     -.027
     -.015     -.002      .011      .025      .039      .054      .069      .084
      .099      .114      .129      .144      .160      .176      .192      .209
      .226      .244      .262      .280      .297      .314      .330      .345
      .359      .371      .382      .393      .402      .411      .419      .427
      .435      .443      .451      .459      .467      .476      .484      .494
      .504      .514      .524      .535      .547      .558      .571      .583
      .596      .609      .622      .636      .649      .662      .675      .688
      .701      .714      .727      .740      .753      .765      .777      .789
      .800      .811      .822      .832      .842      .852      .862      .871
      .880      .889      .897      .904      .910      .915      .920      .923
      .925      .927      .927      .927      .926      .925      .923      .921
      .919      .916      .913      .911      .908      .906      .903      .901
      .900      .898      .897      .897      .897      .898      .898      .899
      .900      .900      .899      .898      .895      .891      .885      .878
      .868      .857      .843      .828      .811      .793      .773      .752
      .730      .708      .685      .662      .639      .615      .592      .568
      .544      .521      .497      .474      .451      .428      .405      .383
      .360      .338      .315      .291      .267      .242      .216      .188
      .159      .129      .098      .065      .032     -.003     -.039     -.075
     -.112     -.151     -.189     -.229     -.268     -.308     -.348     -.388
     -.428     -.468     -.508     -.548     -.588     -.628     -.669     -.710
     -.752     -.794     -.837     -.881     -.926     -.971    -1.017    -1.063
    -1.111    -1.158    -1.206    -1.255    -1.304    -1.352    -1.401    -1.451
    -1.499    -1.548    -1.596    -1.643    -1.689    -1.734    -1.778    -1.821
    -1.863    -1.903    -1.942    -1.980    -2.016    -2.052    -2.085    -2.118
    -2.149    -2.180    -2.210    -2.238    -2.266    -2.292    -2.318    -2.342
    -2.365    -2.387    -2.408    -2.427    -2.445    -2.462    -2.478    -2.493
    -2.506    -2.517    -2.528    -2.536    -2.543    -2.547    -2.550    -2.550
    -2.548    -2.543    -2.536    -2.526    -2.513    -2.498    -2.480    -2.458
    -2.434    -2.408    -2.379    -2.347    -2.313    -2.277    -2.240    -2.201
    -2.160    -2.119    -2.077    -2.034    -1.991    -1.948    -1.906    -1.863
    -1.822    -1.781    -1.740    -1.701    -1.662    -1.623    -1.585    -1.547
    -1.509    -1.471    -1.434    -1.397    -1.360    -1.323    -1.286    -1.250
    -1.214    -1.178    -1.143    -1.108    -1.073    -1.039    -1.005     -.971
     -.937     -.904     -.871     -.838     -.805     -.771     -.738     -.703
     -.668     -.632     -.595     -.556     -.517     -.477     -.435     -.392
     -.349     -.304     -.259     -.213     -.166     -.117     -.068     -.018
      .034      .086      .138      .192      .245      .299      .352      .406
      .459      .511      .563      .614      .665      .714      .763      .812
      .859      .906      .953      .999     1.045     1.090     1.135     1.180
     1.226     1.271     1.316     1.361     1.406     1.451     1.496     1.540
     1.584     1.628     1.671     1.713     1.755     1.796     1.835     1.873
     1.910     1.945     1.979     2.010     2.041     2.069     2.096     2.120
     2.143     2.164     2.183     2.200     2.215     2.228     2.239     2.249
     2.257     2.263     2.268     2.271     2.273     2.274     2.274     2.272
     2.269     2.266     2.261     2.254     2.247     2.238     2.229     2.218
     2.205     2.192     2.178     2.162     2.145     2.127     2.107     2.086
     2.064     2.040     2.015     1.989     1.961     1.932     1.903     1.872
     1.840     1.808     1.775     1.742     1.708     1.674     1.639     1.605
     1.570     1.536     1.501     1.467     1.433     1.399     1.365     1.332
     1.299     1.266     1.233     1.200     1.168     1.135     1.102     1.070
     1.037     1.005      .973      .941      .910      .879      .850      .821
      .793      .766      .741      .716      .692      .669      .646      .625
      .604      .584      .564      .544      .525      .505      .484      .464
      .442      .421      .398      .375      .351      .326      .301      .275
      .249      .222      .195      .169      .142      .115      .089      .063
      .037      .012     -.014     -.038     -.063     -.087     -.111     -.134
     -.156     -.179     -.200     -.221     -.241     -.260     -.279     -.296
     -.313     -.329     -.343     -.357     -.370     -.382     -.392     -.401
     -.409     -.416     -.421     -.424     -.427     -.428     -.428     -.427
     -.424     -.421     -.417     -.412     -.405     -.399     -.391     -.384
     -.376     -.367     -.359     -.351     -.342     -.334     -.325     -.317
     -.309     -.300     -.292     -.284     -.276     -.267     -.258     -.249
     -.240     -.229     -.219     -.207     -.195     -.182     -.167     -.152
     -.136     -.118     -.100     -.081     -.061     -.041     -.020      .001
      .023      .045      .067      .089      .111      .134      .156      .179
      .201      .223      .244      .265      .286      .306      .325      .344
      .363      .381      .398      .415      .432      .448      .464      .479
      .494      .509      .524      .539      .553      .567      .581      .594
      .607      .619      .631      .642      .653      .664      .674      .685
      .695      .704      .713      .722      .731      .739      .747      .755
      .763      .771      .778      .785      .792      .798      .804      .809
      .814      .819      .823      .827      .830      .833      .836      .839
      .841      .844      .847      .850      .854      .857      .861      .865
      .870      .874      .878      .883      .887      .891      .895      .899
      .902      .905      .908      .909      .910      .910      .910      .909
      .906      .903      .899      .894      .888      .881      .872      .863
      .852      .840      .826      .811      .795      .778      .760      .741
      .721      .700      .678      .656      .632      .608      .583      .557
      .530      .504      .476      .448      .419      .390      .361      .330
      .299      .267      .235      .202      .168      .133      .098      .062
      .025     -.012     -.050     -.088     -.127     -.165     -.204     -.243
     -.282     -.320     -.359     -.397     -.435     -.473     -.510     -.547
     -.584     -.620     -.657     -.693     -.730     -.767     -.804     -.841
     -.877     -.914     -.951     -.987    -1.024    -1.060    -1.095    -1.130
    -1.165    -1.199    -1.232    -1.265    -1.297    -1.329    -1.360    -1.390
    -1.420    -1.448    -1.476    -1.503    -1.530    -1.555    -1.580    -1.604
    -1.628    -1.650    -1.672    -1.693    -1.712    -1.732    -1.750    -1.767
    -1.784    -1.800    -1.816    -1.831    -1.845    -1.858    -1.870    -1.882
    -1.893    -1.903    -1.913    -1.922    -1.931    -1.939    -1.947    -1.955
    -1.962    -1.969    -1.974    -1.980    -1.985    -1.989    -1.992    -1.995
    -1.996    -1.997    -1.996    -1.994    -1.991    -1.987    -1.982    -1.976
    -1.969    -1.961    -1.952    -1.942    -1.932    -1.920    -1.908    -1.896
    -1.882    -1.868    -1.854    -1.838    -1.822    -1.804    -1.786    -1.766
    -1.746    -1.725    -1.702    -1.679    -1.655    -1.630    -1.603    -1.576
    -1.547    -1.518    -1.486    -1.454    -1.420    -1.384    -1.347    -1.309
    -1.270    -1.230    -1.189    -1.146    -1.103    -1.059    -1.015     -.970
     -.925     -.880     -.835     -.790     -.745     -.700     -.655     -.610
     -.566     -.522     -.479     -.435     -.392     -.349     -.307     -.264
     -.222     -.181     -.140     -.099     -.059     -.019      .019      .057
      .094      .130      .165      .199      .232      .263      .293      .322
      .350      .376      .402      .426      .449      .472      .493      .514
      .534      .553      .571      .589      .607      .624      .641      .657
      .673      .689      .705      .721      .736      .750      .765      .778
      .791      .804      .815      .826      .836      .845      .853      .860
      .866      .872      .877      .882      .887      .891      .895      .899
      .904      .908      .914      .919      .926      .933      .940      .948
      .957      .966      .977      .987      .998     1.010     1.022     1.034
     1.046     1.057     1.069     1.079     1.090     1.100     1.109     1.118
     1.127     1.135     1.143     1.150     1.157     1.164     1.170     1.176
     1.181     1.185     1.189     1.192     1.195     1.196     1.198     1.198
     1.198     1.198     1.196     1.195     1.193     1.191     1.188     1.185
     1.182     1.178     1.174     1.170     1.165     1.160     1.155     1.149
     1.143     1.137     1.130     1.123     1.116     1.108     1.100     1.092
     1.084     1.075     1.066     1.057     1.047     1.037     1.026     1.015
     1.003      .991      .978      .964      .949      .934      .918      .901
      .884      .866      .847      .828      .808      .787      .766      .744
      .722      .699      .675      .652      .627      .603      .579      .554
      .529      .504      .480      .455      .431      .406      .382      .358
      .335      .311      .288      .264      .242      .219      .197      .175
      .153      .132      .111      .091      .071      .052      .033      .014
     -.005     -.023     -.041     -.058     -.076     -.093     -.111     -.128
     -.145     -.163     -.180     -.198     -.216     -.235     -.255     -.275
     -.295     -.316     -.338     -.359     -.381     -.402     -.424     -.444
     -.464     -.483     -.501     -.518     -.535     -.549     -.563     -.576
     -.589     -.600     -.610     -.619     -.628     -.637     -.644     -.651
     -.658     -.665     -.672     -.679     -.686     -.693     -.699     -.706
     -.713     -.720     -.726     -.732     -.738     -.744     -.750     -.755
     -.760     -.764     -.767     -.770     -.773     -.774     -.775     -.776
     -.775     -.775     -.774     -.772     -.771     -.769     -.768     -.766
     -.764     -.762     -.759     -.756     -.752     -.747     -.742     -.735
     -.729     -.721     -.713     -.704     -.695     -.685     -.675     -.665
     -.655     -.644     -.634     -.625     -.615     -.606     -.597     -.588
     -.579     -.571     -.563     -.555     -.547     -.539     -.533     -.526
     -.520     -.515     -.510     -.506     -.502     -.499     -.497     -.495
     -.493     -.493     -.493     -.494     -.495     -.498     -.501     -.504
     -.508     -.513     -.518     -.524     -.530     -.537     -.544     -.551
     -.559     -.567     -.576     -.586     -.596     -.608     -.621     -.635
     -.650     -.667     -.685     -.704     -.725     -.747     -.769     -.793
     -.817     -.842     -.867     -.893     -.919     -.945     -.971     -.997
    -1.023    -1.049    -1.075    -1.101    -1.126    -1.151    -1.176    -1.201
    -1.225    -1.250    -1.274    -1.298    -1.321    -1.345    -1.368    -1.391
    -1.415    -1.438    -1.460    -1.483    -1.505    -1.527    -1.548    -1.569
    -1.590    -1.610    -1.629    -1.648    -1.666    -1.683    -1.699    -1.715
    -1.730    -1.745    -1.759    -1.773    -1.787    -1.800    -1.813    -1.825
    -1.837    -1.849    -1.860    -1.870    -1.880    -1.890    -1.899    -1.908
    -1.915    -1.923    -1.929    -1.934    -1.939    -1.943    -1.946    -1.947
    -1.948    -1.947    -1.944    -1.940    -1.934    -1.927    -1.918    -1.908
    -1.897    -1.884    -1.870    -1.855    -1.838    -1.821    -1.803    -1.785
    -1.765    -1.745    -1.724    -1.702    -1.679    -1.654    -1.629    -1.603
    -1.575    -1.546    -1.517    -1.486    -1.454    -1.422    -1.389    -1.355
    -1.319    -1.283    -1.247    -1.209    -1.171    -1.132    -1.092    -1.051
    -1.010     -.968     -.925     -.881     -.837     -.792     -.747     -.700
     -.653     -.605     -.556     -.507     -.456     -.405     -.353     -.301
     -.247     -.193     -.139     -.083     -.027      .029      .086      .143
      .201      .259      .317      .375      .434      .492      .550      .608
      .667      .725      .784      .842      .901      .960     1.020     1.079
     1.138     1.198     1.257     1.317     1.376     1.434     1.493     1.551
     1.609     1.667     1.725     1.782     1.839     1.895     1.951     2.007
     2.061     2.115     2.168     2.220     2.272     2.323     2.373     2.422
     2.472     2.520     2.569     2.617     2.665     2.714     2.761     2.809
     2.856     2.904     2.950     2.997     3.043     3.088     3.132     3.176
     3.220     3.262     3.303     3.343     3.382     3.420     3.457     3.492
     3.526     3.559     3.590     3.621     3.649     3.677     3.703     3.727
     3.750     3.771     3.791     3.809     3.825     3.840     3.853     3.864
     3.874     3.883     3.890     3.895     3.899     3.901     3.902     3.901
     3.898     3.894     3.888     3.881     3.872     3.862     3.851     3.838
     3.825     3.809     3.793     3.775     3.756     3.735     3.712     3.688
     3.662     3.635     3.607     3.576     3.545     3.513     3.479     3.444
     3.408     3.371     3.334     3.295     3.256     3.216     3.176     3.135
     3.093     3.051     3.008     2.965     2.920     2.875     2.830     2.784
     2.737     2.690     2.641     2.593     2.543     2.493     2.443     2.392
     2.340     2.288     2.236     2.183     2.130     2.077     2.024     1.971
     1.919     1.867     1.815     1.764     1.713     1.663     1.614     1.566
     1.519     1.473     1.428     1.383     1.340     1.298     1.257     1.217
     1.178     1.141     1.104     1.069     1.033      .999      .965      .932
      .899      .865      .832      .800      .767      .734      .701      .668
      .635      .602      .569      .536      .503      .470      .437      .403
      .369      .335      .301      .267      .232      .198      .164      .131
      .098      .065      .033      .002     -.028     -.058     -.086     -.114
     -.140     -.165     -.189     -.211     -.233     -.253     -.272     -.290
     -.308     -.324     -.340     -.356     -.370     -.384     -.398     -.411
     -.424     -.437     -.450     -.462     -.475     -.487     -.499     -.511
     -.522     -.534     -.546     -.558     -.569     -.581     -.593     -.605
     -.617     -.629     -.642     -.656     -.670     -.684     -.699     -.714
     -.729     -.745     -.762     -.778     -.795     -.813     -.830     -.849
     -.868     -.887     -.908     -.929     -.952     -.975     -.999    -1.023
    -1.048    -1.074    -1.099    -1.126    -1.153    -1.181    -1.209    -1.237
    -1.267    -1.296    -1.326    -1.355    -1.386    -1.416    -1.447    -1.478
    -1.509    -1.540    -1.571    -1.603    -1.634    -1.666    -1.697    -1.727
    -1.758    -1.787    -1.816    -1.845    -1.873    -1.900    -1.927    -1.953
    -1.980    -2.006    -2.031    -2.056    -2.081    -2.106    -2.130    -2.154
    -2.178    -2.203    -2.227    -2.252    -2.278    -2.303    -2.330    -2.356
    -2.384    -2.411    -2.439    -2.466    -2.494    -2.522    -2.549    -2.576
    -2.602    -2.629    -2.655    -2.681    -2.707    -2.733    -2.758    -2.784
    -2.809    -2.835    -2.859    -2.884    -2.908    -2.931    -2.954    -2.976
    -2.997    -3.017    -3.036    -3.053    -3.070    -3.085    -3.099    -3.112
    -3.124    -3.135    -3.145    -3.153    -3.160    -3.167    -3.172    -3.176
    -3.179    -3.181    -3.181    -3.181    -3.180    -3.178    -3.175    -3.172
    -3.167    -3.162    -3.155    -3.148    -3.139    -3.130    -3.119    -3.108
    -3.095    -3.081    -3.067    -3.051    -3.035    -3.018    -3.001    -2.983
    -2.964    -2.944    -2.924    -2.903    -2.881    -2.859    -2.835    -2.811
    -2.787    -2.762    -2.736    -2.710    -2.683    -2.656    -2.628    -2.600
    -2.572    -2.543    -2.513    -2.483    -2.452    -2.421    -2.388    -2.355
    -2.321    -2.286    -2.249    -2.212    -2.173    -2.133    -2.092    -2.051
    -2.008    -1.964    -1.919    -1.874    -1.828    -1.781    -1.733    -1.685
    -1.636    -1.587    -1.538    -1.488    -1.439    -1.389    -1.339    -1.289
    -1.239    -1.189    -1.139    -1.089    -1.039     -.989     -.939     -.890
     -.841     -.792     -.744     -.696     -.649     -.603     -.558     -.513
     -.468     -.425     -.381     -.338     -.296     -.254     -.213     -.172
     -.132     -.092     -.053     -.015      .023      .059      .095      .130
      .163      .196      .227      .257      .287      .314      .341      .366
      .389      .412      .433      .453      .472      .490      .507      .522
      .536      .549      .560      .570      .579      .586      .592      .597
      .601      .604      .606      .608      .609      .610      .609      .608
      .605      .601      .596      .589      .581      .572      .562      .551
      .540      .529      .517      .505      .493      .480      .467      .454
      .442      .430      .418      .407      .395      .383      .371      .360
      .349      .338      .327      .316      .306      .297      .289      .281
      .273      .267      .262      .259      .256      .255      .255      .255
      .258      .261      .266      .271      .277      .284      .291      .299
      .308      .317      .326      .335      .345      .355      .365      .375
      .385      .396      .407      .419      .431      .444      .458      .472
      .488      .504      .520      .537      .554      .572      .590      .609
      .628      .648      .668      .689      .710      .732      .755      .778
      .802      .826      .851      .877      .904      .931      .959      .987
     1.016     1.044     1.073     1.102     1.130     1.159     1.187     1.215
     1.242     1.270     1.297     1.324     1.350     1.376     1.402     1.427
     1.452     1.477     1.502     1.526     1.550     1.574     1.597     1.619
     1.641     1.663     1.683     1.703     1.722     1.740     1.758     1.774
     1.789     1.803     1.816     1.829     1.841     1.852     1.863     1.873
     1.883     1.893     1.902     1.911     1.921     1.929     1.938     1.947
     1.956     1.965     1.974     1.983     1.992     2.002     2.012     2.021
     2.031     2.040     2.049     2.057     2.066     2.073     2.081     2.088
     2.094     2.100     2.105     2.110     2.115     2.118     2.121     2.124
     2.126     2.128     2.129     2.130     2.130     2.129     2.129     2.127
     2.125     2.122     2.117     2.113     2.107     2.101     2.094     2.086
     2.078     2.069     2.059     2.049     2.038     2.026     2.014     2.001
     1.988     1.975     1.962     1.949     1.936     1.923     1.910     1.897
     1.883     1.869     1.853     1.837     1.820     1.803     1.786     1.769
     1.753     1.737     1.721     1.704     1.687     1.668     1.648     1.626
     1.604     1.580     1.557     1.533     1.509     1.485     1.461     1.436
     1.411     1.385     1.359     1.332     1.305     1.278     1.251     1.224
     1.197     1.170     1.144     1.117     1.091     1.065     1.039     1.014
      .989      .965      .941      .917      .894      .871      .848      .824
      .801      .778      .755      .732      .709      .686      .662      .639
      .616      .594      .571      .549      .527      .506      .484      .462
      .440      .419      .397      .376      .355      .334      .313      .292
      .271      .249      .228      .207      .186      .165      .144      .122
      .101      .079      .056      .034      .011     -.011     -.034     -.056
     -.077     -.099     -.121     -.143     -.165     -.188     -.210     -.233
     -.255     -.277     -.299     -.320     -.343     -.365     -.387     -.409
     -.432     -.455     -.478     -.501     -.524     -.546     -.569     -.591
     -.613     -.635     -.657     -.679     -.701     -.722     -.744     -.765
     -.787     -.808     -.829     -.850     -.871     -.891     -.910     -.929
     -.947     -.964     -.980     -.995    -1.010    -1.024    -1.038    -1.051
    -1.064    -1.076    -1.086    -1.096    -1.104    -1.111    -1.117    -1.121
    -1.125    -1.128    -1.129    -1.130    -1.129    -1.127    -1.123    -1.119
    -1.114    -1.107    -1.100    -1.092    -1.084    -1.075    -1.065    -1.055
    -1.044    -1.034    -1.023    -1.011    -1.000     -.988     -.976     -.964
     -.952     -.939     -.927     -.914     -.901     -.888     -.876     -.863
     -.850     -.837     -.825     -.812     -.799     -.787     -.775     -.763
     -.752     -.741     -.730     -.720     -.709     -.699     -.688     -.678
     -.668     -.659     -.649     -.641     -.632     -.624     -.616     -.609
     -.601     -.593     -.585     -.577     -.568     -.559     -.549     -.539
     -.530     -.519     -.509     -.498     -.488     -.477     -.467     -.456
     -.446     -.436     -.427     -.418     -.410     -.402     -.394     -.386
     -.379     -.372     -.366     -.360     -.355     -.350     -.347     -.343
     -.341     -.338     -.337     -.335     -.333     -.332     -.331     -.329
     -.328     -.326     -.325     -.324     -.322     -.321     -.319     -.318
     -.317     -.316     -.316     -.315     -.315     -.315     -.316     -.317
     -.318     -.320     -.323     -.326     -.329     -.332     -.335     -.339
     -.343     -.349     -.354     -.361     -.368     -.375     -.383     -.391
     -.399     -.408     -.416     -.425     -.435     -.444     -.453     -.463
     -.472     -.481     -.491     -.501     -.511     -.522     -.533     -.544
     -.556     -.567     -.578     -.589     -.599     -.610     -.621     -.632
     -.642     -.653     -.664     -.674     -.683     -.692     -.700     -.708
     -.715     -.721     -.727     -.733     -.738     -.743     -.748     -.752
     -.755     -.759     -.762     -.765     -.769     -.772     -.776     -.779
     -.784     -.788     -.793     -.798     -.803     -.808     -.814     -.820
     -.826     -.832     -.839     -.846     -.853     -.861     -.869     -.877
     -.885     -.893     -.902     -.910     -.919     -.928     -.937     -.946
     -.955     -.963     -.972     -.981     -.989     -.997    -1.005    -1.013
    -1.022    -1.030    -1.039    -1.048    -1.056    -1.064    -1.073    -1.080
    -1.088    -1.095    -1.102    -1.110    -1.116    -1.123    -1.130    -1.136
    -1.142    -1.148    -1.153    -1.159    -1.164    -1.168    -1.173    -1.177
    -1.181    -1.184    -1.187    -1.190    -1.192    -1.194    -1.196    -1.197
    -1.197    -1.197    -1.196    -1.195    -1.193    -1.191    -1.188    -1.184
    -1.179    -1.173    -1.167    -1.159    -1.151    -1.142    -1.132    -1.122
    -1.110    -1.099    -1.086    -1.074    -1.061    -1.047    -1.033    -1.019
    -1.005     -.990     -.975     -.960     -.945     -.930     -.915     -.900
     -.885     -.869     -.854     -.838     -.822     -.806     -.790     -.773
     -.756     -.739     -.722     -.704     -.686     -.668     -.650     -.632
     -.614     -.596     -.578     -.561     -.543     -.526     -.509     -.492
     -.475     -.457     -.440     -.423     -.405     -.387     -.368     -.349
     -.329     -.308     -.287     -.265     -.243     -.220     -.197     -.173
     -.149     -.124     -.098     -.072     -.046     -.020      .006      .033
      .059      .086      .113      .141      .169      .197      .225      .254
      .283      .313      .342      .372      .402      .433      .464      .495
      .527      .560      .593      .627      .661      .696      .731      .766
      .802      .837      .873      .908      .944      .979     1.014     1.048
     1.083     1.117     1.151     1.184     1.217     1.249     1.281     1.312
     1.343     1.372     1.402     1.430     1.458     1.485     1.512     1.537
     1.562     1.586     1.609     1.632     1.654     1.676     1.696     1.716
     1.735     1.753     1.771     1.787     1.802     1.817     1.831     1.844
     1.856     1.868     1.878     1.889     1.899     1.908     1.917     1.925
     1.933     1.940     1.947     1.952     1.958     1.963     1.967     1.972
     1.975     1.978     1.981     1.984     1.986     1.988     1.989     1.991
     1.991     1.992     1.992     1.991     1.991     1.989     1.988     1.986
     1.984     1.981     1.978     1.975     1.972     1.968     1.964     1.960
     1.955     1.950     1.945     1.939     1.932     1.925     1.918     1.910
     1.901     1.892     1.882     1.872     1.861     1.849     1.837     1.825
     1.812     1.799     1.786     1.772     1.759     1.745     1.730     1.716
     1.701     1.685     1.670     1.654     1.638     1.621     1.604     1.586
     1.567     1.549     1.529     1.509     1.488     1.467     1.444     1.421
     1.398     1.373     1.347     1.321     1.293     1.265     1.236     1.207
     1.177     1.146     1.115     1.083     1.051     1.018      .985      .951
      .917      .883      .848      .813      .777      .741      .704      .668
      .631      .595      .558      .522      .485      .449      .412      .376
      .340      .305      .269      .234      .200      .166      .133      .101
      .069      .039      .009     -.021     -.049     -.077     -.105     -.131
     -.157     -.182     -.206     -.229     -.251     -.273     -.294     -.314
     -.333     -.352     -.370     -.388     -.404     -.421     -.436     -.451
     -.465     -.479     -.492     -.504     -.516     -.527     -.537     -.547
     -.555     -.563     -.570     -.576     -.581     -.586     -.589     -.592
     -.594     -.595     -.596     -.596     -.595     -.595     -.594     -.592
     -.590     -.588     -.586     -.583     -.580     -.576     -.572     -.567
     -.563     -.557     -.552     -.546     -.540     -.535     -.528     -.522
     -.516     -.509     -.502     -.495     -.488     -.482     -.475     -.468
     -.462     -.455     -.449     -.442     -.437     -.431     -.425     -.420
     -.415     -.411     -.407     -.403     -.400     -.397     -.394     -.392
     -.390     -.389     -.389     -.388     -.388     -.389     -.389     -.390
     -.391     -.392     -.393     -.393     -.394     -.394     -.394     -.394
     -.394     -.394     -.393     -.392     -.391     -.390     -.388     -.387
     -.385     -.383     -.381     -.378     -.376     -.374     -.371     -.368
     -.366     -.363     -.360     -.356     -.354     -.350     -.347     -.344
     -.341     -.338     -.334     -.330     -.327     -.323     -.319     -.315
     -.310     -.306     -.303     -.299     -.295     -.292     -.289     -.287
     -.285     -.283     -.282     -.281     -.280     -.280     -.280     -.280
     -.281     -.282     -.283     -.284     -.285     -.287     -.289     -.291
     -.294     -.296     -.300     -.303     -.307     -.311     -.316     -.321
     -.326     -.332     -.338     -.344     -.350     -.358     -.365     -.373
     -.382     -.391     -.400     -.409     -.419     -.430     -.440     -.451
     -.462     -.474     -.486     -.498     -.511     -.524     -.537     -.550
     -.564     -.579     -.594     -.609     -.624     -.640     -.655     -.672
     -.688     -.705     -.722     -.739     -.756     -.772     -.789     -.806
     -.823     -.839     -.855     -.871     -.887     -.903     -.918     -.934
     -.949     -.964     -.979     -.994    -1.010    -1.025    -1.039    -1.054
    -1.069    -1.084    -1.098    -1.112    -1.126    -1.140    -1.152    -1.165
    -1.176    -1.187    -1.197    -1.207    -1.215    -1.223    -1.230    -1.236
    -1.241    -1.246    -1.250    -1.253    -1.256    -1.258    -1.259    -1.260
    -1.260    -1.259    -1.258    -1.257    -1.255    -1.253    -1.251    -1.249
    -1.246    -1.244    -1.241    -1.238    -1.235    -1.232    -1.229    -1.225
    -1.222    -1.218    -1.214    -1.209    -1.205    -1.200    -1.194    -1.189
    -1.183    -1.177    -1.171    -1.164    -1.158    -1.151    -1.144    -1.137
    -1.130    -1.124    -1.117    -1.110    -1.104    -1.097    -1.090    -1.083
    -1.076    -1.069    -1.061    -1.053    -1.044    -1.034    -1.024    -1.014
    -1.003     -.993     -.982     -.971     -.960     -.950     -.939     -.929
     -.919     -.909     -.899     -.889     -.880     -.870     -.861     -.853
     -.844     -.836     -.829     -.822     -.816     -.810     -.805     -.801
     -.797     -.793     -.790     -.787     -.785     -.784     -.783     -.783
     -.783     -.784     -.786     -.788     -.790     -.793     -.796     -.799
     -.803     -.807     -.811     -.815     -.820     -.824     -.830     -.835
     -.840     -.846     -.852     -.858     -.864     -.870     -.875     -.881
     -.887     -.892     -.897     -.902     -.906     -.911     -.915     -.919
     -.924     -.927     -.931     -.934     -.937     -.939     -.941     -.943
     -.944     -.944     -.944     -.943     -.941     -.938     -.935     -.931
     -.927     -.921     -.915     -.908     -.900     -.890     -.880     -.869
     -.857     -.844     -.830     -.815     -.799     -.781     -.762     -.743
     -.723     -.701     -.679     -.656     -.632     -.608     -.583     -.557
     -.531     -.504     -.477     -.449     -.420     -.392     -.363     -.334
     -.305     -.276     -.246     -.217     -.188     -.159     -.129     -.100
     -.071     -.042     -.014      .015      .044      .072      .101      .129
      .157      .186      .214      .243      .271      .299      .328      .356
      .385      .414      .442      .472      .501      .530      .560      .589
      .619      .648      .678      .707      .737      .766      .795      .824
      .853      .882      .910      .939      .968      .996     1.024     1.052
     1.080     1.108     1.135     1.162     1.188     1.214     1.240     1.266
     1.291     1.316     1.340     1.364     1.388     1.411     1.434     1.456
     1.478     1.500     1.521     1.542     1.563     1.583     1.603     1.622
     1.642     1.661     1.680     1.698     1.716     1.734     1.752     1.769
     1.785     1.802     1.818     1.834     1.849     1.865     1.880     1.894
     1.908     1.922     1.936     1.949     1.962     1.974     1.986     1.998
     2.010     2.021     2.032     2.043     2.053     2.063     2.073     2.083
     2.092     2.101     2.110     2.119     2.127     2.135     2.142     2.149
     2.155     2.161     2.166     2.170     2.174     2.177     2.180     2.181
     2.182     2.183     2.182     2.181     2.179     2.176     2.172     2.168
     2.163     2.157     2.150     2.142     2.133     2.124     2.113     2.101
     2.088     2.074     2.059     2.043     2.025     2.006     1.986     1.965
     1.943     1.920     1.896     1.871     1.845     1.819     1.791     1.762
     1.733     1.703     1.673     1.641     1.609     1.577     1.544     1.511
     1.478     1.445     1.411     1.377     1.343     1.310     1.276     1.242
     1.208     1.174     1.141     1.108     1.075     1.042     1.009      .977
      .945      .913      .882      .850      .820      .789      .759      .728
      .698      .669      .639      .610      .581      .552      .524      .496
      .468      .441      .414      .388      .362      .336      .312      .287
      .264      .241      .219      .198      .177      .157      .139      .120
      .103      .086      .070      .055      .041      .027      .014      .001
     -.012     -.023     -.035     -.046     -.057     -.067     -.078     -.088
     -.098     -.108     -.117     -.127     -.137     -.147     -.157     -.167
     -.177     -.186     -.196     -.206     -.215     -.225     -.235     -.245
     -.255     -.265     -.276     -.286     -.297     -.308     -.318     -.329
     -.340     -.351     -.362     -.373     -.384     -.395     -.406     -.417
     -.428     -.439     -.450     -.461     -.472     -.483     -.494     -.505
     -.516     -.527     -.538     -.548     -.559     -.569     -.579     -.589
     -.598