-1.298    -1.320    -1.342    -1.364    -1.385    -1.407    -1.429    -1.450
    -1.472    -1.493    -1.515    -1.536    -1.557    -1.578    -1.599    -1.620
    -1.641    -1.662    -1.683    -1.704    -1.725    -1.745    -1.766    -1.786
    -1.806    -1.826    -1.846    -1.866    -1.885    -1.905    -1.925    -1.944
    -1.964    -1.983    -2.002    -2.021    -2.039    -2.058    -2.076    -2.094
    -2.112    -2.131    -2.148    -2.166    -2.183    -2.200    -2.217    -2.234
    -2.250    -2.266    -2.282    -2.298    -2.314    -2.330    -2.345    -2.360
    -2.375    -2.390    -2.405    -2.419    -2.433    -2.447    -2.461    -2.474
    -2.487    -2.500    -2.513    -2.525    -2.537    -2.549    -2.560    -2.572
    -2.582    -2.593    -2.603    -2.613    -2.623    -2.632    -2.642    -2.651
    -2.660    -2.669    -2.677    -2.685    -2.693    -2.700    -2.707    -2.713
    -2.720    -2.726    -2.732    -2.737    -2.743    -2.748    -2.752    -2.757
    -2.760    -2.764    -2.766    -2.769    -2.771    -2.772    -2.774    -2.775
    -2.776    -2.777    -2.777    -2.777    -2.776    -2.775    -2.773    -2.772
    -2.770    -2.768    -2.765    -2.763    -2.759    -2.756    -2.751    -2.747
    -2.741    -2.735    -2.729    -2.721    -2.714    -2.706    -2.698    -2.690
    -2.681    -2.672    -2.662    -2.652    -2.642    -2.632    -2.621    -2.609
    -2.597    -2.585    -2.573    -2.561    -2.548    -2.535    -2.522    -2.508
    -2.493    -2.477    -2.461    -2.444    -2.428    -2.410    -2.393    -2.375
    -2.358    -2.339    -2.320    -2.300    -2.280    -2.259    -2.237    -2.215
    -2.192    -2.169    -2.146    -2.124    -2.101    -2.078    -2.055    -2.032
    -2.007    -1.982    -1.955    -1.928    -1.901    -1.873    -1.844    -1.815
    -1.786    -1.757    -1.727    -1.696    -1.664    -1.630    -1.596    -1.560
    -1.524    -1.487    -1.449    -1.412    -1.375    -1.337    -1.299    -1.260
    -1.221    -1.180    -1.139    -1.097    -1.055    -1.013     -.971     -.930
     -.888     -.846     -.803     -.760     -.716     -.671     -.625     -.578
     -.531     -.483     -.435     -.387     -.338     -.288     -.237     -.185
     -.132     -.079     -.025      .028      .082      .135      .188      .240
      .293      .346      .399      .453      .509      .565      .623      .681
      .739      .798      .857      .915      .973     1.031     1.090     1.150
     1.211     1.272     1.335     1.397     1.459     1.520     1.580     1.640
     1.698     1.757     1.816     1.876     1.937     2.000     2.064     2.128
     2.193     2.257     2.320     2.383     2.445     2.508     2.571     2.635
     2.699     2.765     2.831     2.899     2.966     3.034     3.102     3.170
     3.239     3.307     3.375     3.443     3.510     3.578     3.646     3.715
     3.785     3.855     3.925     3.994     4.063     4.132     4.202     4.272
     4.343     4.415     4.486     4.558     4.629     4.701     4.772     4.842
     4.912     4.982     5.053     5.125     5.198     5.271     5.343     5.416
     5.488     5.560     5.630     5.699     5.766     5.832     5.898     5.965
     6.033     6.101     6.169     6.238     6.306     6.375     6.444     6.512
     6.580     6.647     6.714     6.782     6.850     6.918     6.986     7.054
     7.122     7.189     7.255     7.320     7.384     7.446     7.507     7.567
     7.625     7.683     7.740     7.797     7.853     7.908     7.963     8.018
     8.072     8.125     8.179     8.231     8.284     8.337     8.390     8.444
     8.497     8.550     8.601     8.652     8.703     8.754     8.805     8.856
     8.907     8.957     9.007     9.055     9.103     9.150     9.194     9.237
     9.278     9.318     9.357     9.395     9.432     9.469     9.504     9.539
     9.574     9.608     9.643     9.678     9.713     9.749     9.786     9.823
     9.860     9.896     9.932     9.966     9.999    10.030    10.060    10.088
    10.114    10.139    10.161    10.182    10.203    10.223    10.243    10.263
    10.281    10.299    10.316    10.333    10.349    10.366    10.383    10.401
    10.419    10.437    10.454    10.470    10.486    10.499    10.512    10.523
    10.533    10.542    10.552    10.561    10.569    10.576    10.582    10.586
    10.589    10.591    10.591    10.590    10.588    10.587    10.587    10.589
    10.591    10.594    10.598    10.602    10.606    10.609    10.612    10.614
    10.615    10.614    10.611    10.608    10.604    10.598    10.591    10.583
    10.574    10.564    10.551    10.537    10.521    10.505    10.489    10.472
    10.455    10.437    10.419    10.399    10.378    10.356    10.333    10.307
    10.278    10.244    10.207    10.166    10.123    10.078    10.031     9.982
     9.932     9.878     9.822     9.763     9.701     9.638     9.574     9.510
     9.446     9.381     9.315     9.246     9.174     9.100     9.024     8.946
     8.864     8.778     8.687     8.589     8.484     8.375     8.260     8.141
     8.018     7.890     7.757     7.619     7.477     7.334     7.188     7.042
     6.896     6.752     6.611     6.473     6.339     6.208     6.081     5.957
     5.836     5.719     5.604     5.489     5.371     5.248     5.118     4.981
     4.834     4.676     4.505     4.320     4.120     3.906     3.678     3.435
     3.180     2.912     2.634     2.346     2.049     1.744     1.433     1.116
      .795      .475      .157     -.156     -.463     -.762    -1.053    -1.337
    -1.612    -1.881    -2.145    -2.409    -2.674    -2.945    -3.224    -3.516
    -3.821    -4.143    -4.482    -4.839    -5.212    -5.600    -6.002    -6.418
    -6.845    -7.285    -7.735    -8.193    -8.655    -9.117    -9.574   -10.022
   -10.457   -10.877   -11.277   -11.656   -12.014   -12.349   -12.664   -12.963
   -13.251   -13.536   -13.824   -14.119   -14.427   -14.748   -15.085   -15.436
   -15.798   -16.167   -16.539   -16.913   -17.286   -17.655   -18.018   -18.374
   -18.724   -19.066   -19.398   -19.717   -20.021   -20.305   -20.568   -20.808
   -21.025   -21.221   -21.394   -21.545   -21.674   -21.778   -21.859   -21.920
   -21.963   -21.995   -22.021   -22.049   -22.084   -22.131   -22.191   -22.265
   -22.354   -22.460   -22.582   -22.720   -22.872   -23.035   -23.203   -23.375
   -23.547   -23.717   -23.884   -24.046   -24.204   -24.354   -24.495   -24.626
   -24.745   -24.850   -24.940   -25.013   -25.067   -25.104   -25.126   -25.134
   -25.134   -25.130   -25.127   -25.128   -25.136   -25.154   -25.183   -25.225
   -25.281   -25.355   -25.446   -25.556   -25.685   -25.830   -25.991   -26.164
   -26.346   -26.535   -26.729   -26.927   -27.125   -27.322   -27.513   -27.695
   -27.864   -28.015   -28.145   -28.254   -28.341   -28.405   -28.448   -28.472
   -28.481   -28.478   -28.466   -28.448   -28.424   -28.394   -28.361   -28.322
   -28.279   -28.231   -28.177   -28.114   -28.041   -27.956   -27.859   -27.750
   -27.630   -27.499   -27.356   -27.203   -27.041   -26.869   -26.690   -26.504
   -26.312   -26.113   -25.905   -25.689   -25.462   -25.224   -24.972   -24.706
   -24.426   -24.129   -23.817   -23.490   -23.147   -22.790   -22.418   -22.033
   -21.635   -21.226   -20.806   -20.375   -19.931   -19.476   -19.009   -18.531
   -18.042   -17.541   -17.029   -16.507   -15.976   -15.434   -14.883   -14.323
   -13.754   -13.178   -12.594   -12.004   -11.408   -10.806   -10.196    -9.580
    -8.956    -8.324    -7.685    -7.038    -6.384    -5.723    -5.056    -4.384
    -3.706    -3.022    -2.333    -1.639     -.940     -.235      .474     1.188
     1.907     2.630     3.357     4.087     4.818     5.547     6.274     6.997
     7.714     8.425     9.127     9.821    10.505    11.180    11.844    12.496
    13.136    13.762    14.371    14.961    15.530    16.076    16.598    17.094
    17.564    18.007    18.424    18.814    19.180    19.522    19.843    20.143
    20.426    20.692    20.944    21.183    21.408    21.619    21.817    22.002
    22.171    22.327    22.468    22.598    22.716    22.823    22.921    23.010
    23.088    23.157    23.215    23.260    23.292    23.309    23.310    23.297
    23.269    23.227    23.172    23.107    23.030    22.944    22.847    22.741
    22.625    22.497    22.358    22.207    22.045    21.871    21.687    21.493
    21.291    21.080    20.860    20.632    20.395    20.149    19.893    19.630
    19.359    19.082    18.800    18.516    18.230    17.944    17.658    17.374
    17.093    16.816    16.544    16.278    16.019    15.768    15.526    15.293
    15.069    14.854    14.647    14.448    14.256    14.069    13.887    13.709
    13.533    13.360    13.189    13.019    12.851    12.685    12.521    12.359
    12.201    12.044    11.891    11.741    11.593    11.449    11.306    11.163
    11.020    10.875    10.729    10.580    10.429    10.276    10.123     9.971
     9.823     9.680     9.547     9.425     9.318     9.229     9.159     9.108
     9.076     9.063     9.069     9.092     9.133     9.191     9.264     9.351
     9.450     9.557     9.670     9.785     9.897    10.003    10.102    10.190
    10.267    10.329    10.375    10.406    10.421    10.419    10.401    10.368
    10.319    10.256    10.179    10.088     9.986     9.872     9.747     9.612
     9.468     9.317     9.158     8.995     8.827     8.657     8.484     8.309
     8.134     7.958     7.782     7.608     7.434     7.262     7.092     6.926
     6.766     6.611     6.463     6.323     6.190     6.063     5.939     5.815
     5.688     5.555     5.411     5.254     5.081     4.891     4.682     4.454
     4.206     3.939     3.652     3.346     3.022     2.681     2.325     1.958
     1.581     1.197      .808      .417      .026     -.363     -.748    -1.126
    -1.497    -1.861    -2.216    -2.564    -2.905    -3.241    -3.573    -3.903
    -4.231    -4.559    -4.888    -5.218    -5.549    -5.881    -6.212    -6.542
    -6.868    -7.189    -7.503    -7.810    -8.109    -8.398    -8.678    -8.949
    -9.210    -9.463    -9.706    -9.940   -10.164   -10.379   -10.584   -10.780
   -10.966   -11.143   -11.309   -11.466   -11.613   -11.749   -11.875   -11.990
   -12.093   -12.183   -12.260   -12.323   -12.372   -12.405   -12.422   -12.425
   -12.413   -12.386   -12.343   -12.286   -12.216   -12.133   -12.038   -11.931
   -11.811   -11.678   -11.532   -11.373   -11.200   -11.015   -10.815   -10.602
   -10.373   -10.129    -9.869    -9.592    -9.298    -8.988    -8.662    -8.321
    -7.967    -7.601    -7.222    -6.834    -6.435    -6.027    -5.610    -5.185
    -4.753    -4.313    -3.868    -3.419    -2.966    -2.512    -2.058    -1.606
    -1.155     -.709     -.267      .170      .600     1.023     1.439     1.846
     2.243     2.628     2.999     3.355     3.696     4.020     4.328     4.621
     4.901     5.168     5.426     5.675     5.917     6.154     6.386     6.616
     6.844     7.070     7.296     7.522     7.751     7.981     8.215     8.452
     8.693     8.938     9.185     9.435     9.685     9.936    10.186    10.435
    10.681    10.925    11.166    11.403    11.638    11.868    12.094    12.314
    12.529    12.739    12.943    13.138    13.322    13.491    13.642    13.771
    13.876    13.956    14.011    14.042    14.052    14.042    14.012    13.960
    13.886    13.791    13.674    13.533    13.367    13.176    12.962    12.726
    12.469    12.193    11.900    11.593    11.274    10.942    10.599    10.248
     9.891     9.531     9.172     8.814     8.461     8.114     7.776     7.449
     7.135     6.836     6.552     6.284     6.033     5.799     5.582     5.381
     5.196     5.026     4.869     4.725     4.592     4.470     4.356     4.249
     4.147     4.048     3.951     3.854     3.757     3.659     3.559     3.456
     3.350     3.241     3.129     3.013     2.895     2.774     2.650     2.525
     2.399     2.273     2.148     2.024     1.903     1.785     1.671     1.561
     1.456     1.357     1.262     1.173     1.091     1.015      .945      .883
      .828      .780      .741      .710      .688      .674      .671      .679
      .700      .732      .778      .837      .907      .988     1.079     1.178
     1.282     1.392     1.506     1.622     1.740     1.859     1.976     2.092
     2.206     2.316     2.420     2.520     2.613     2.699     2.778     2.850
     2.914     2.969     3.016     3.055     3.084     3.105     3.117     3.121
     3.116     3.102     3.081     3.053     3.019     2.978     2.933     2.883
     2.830     2.774     2.716     2.658     2.599     2.541     2.484     2.429
     2.377     2.329     2.283     2.242     2.206     2.175     2.150     2.132
     2.120     2.115     2.116     2.122     2.135     2.151     2.171     2.192
     2.212     2.230     2.242     2.248     2.244     2.229     2.201     2.158
     2.100     2.025     1.933     1.824     1.698     1.557     1.398     1.223
     1.031      .824      .603      .368      .123     -.132     -.396     -.666
     -.942    -1.222    -1.505    -1.791    -2.078    -2.365    -2.653    -2.940
    -3.226    -3.510    -3.793    -4.074    -4.353    -4.630    -4.904    -5.175
    -5.444    -5.709    -5.971    -6.230    -6.487    -6.740    -6.992    -7.240
    -7.486    -7.730    -7.971    -8.211    -8.449    -8.685    -8.920    -9.156
    -9.392    -9.628    -9.866   -10.104   -10.344   -10.584   -10.825   -11.065
   -11.305   -11.543   -11.778   -12.010   -12.237   -12.459   -12.674   -12.883
   -13.083   -13.277   -13.464   -13.644   -13.817   -13.986   -14.149   -14.307
   -14.462   -14.613   -14.762   -14.907   -15.050   -15.191   -15.330   -15.466
   -15.600   -15.731   -15.859   -15.983   -16.103   -16.218   -16.327   -16.431
   -16.528   -16.618   -16.701   -16.777   -16.844   -16.903   -16.954   -16.996
   -17.030   -17.055   -17.071   -17.078   -17.077   -17.068   -17.051   -17.025
   -16.991   -16.948   -16.895   -16.833   -16.760   -16.678   -16.584   -16.481
   -16.367   -16.244   -16.110   -15.967   -15.815   -15.655   -15.487   -15.311
   -15.130   -14.943   -14.752   -14.556   -14.357   -14.155   -13.950   -13.743
   -13.533   -13.321   -13.108   -12.892   -12.674   -12.455   -12.235   -12.014
   -11.793   -11.572   -11.352   -11.134   -10.916   -10.699   -10.483   -10.268
   -10.054    -9.840    -9.626    -9.413    -9.200    -8.987    -8.774    -8.560
    -8.346    -8.130    -7.913    -7.695    -7.474    -7.250    -7.024    -6.796
    -6.564    -6.330    -6.094    -5.854    -5.613    -5.370    -5.126    -4.880
    -4.635    -4.389    -4.144    -3.900    -3.657    -3.417    -3.179    -2.944
    -2.712    -2.483    -2.259    -2.039    -1.824    -1.614    -1.410    -1.212
    -1.020     -.836     -.660     -.491     -.332     -.182     -.040      .092
      .215      .331      .438      .538      .632      .721      .805      .886
      .964     1.039     1.113     1.186     1.258     1.329     1.400     1.469
     1.539     1.608     1.675     1.742     1.809     1.874     1.939     2.002
     2.063     2.124     2.182     2.239     2.293     2.346     2.397     2.446
     2.493     2.539     2.582     2.624     2.663     2.699     2.732     2.761
     2.787     2.809     2.827     2.842     2.852     2.858     2.860     2.859
     2.855     2.849     2.839     2.828     2.816     2.803     2.790     2.778
     2.768     2.759     2.753     2.750     2.751     2.755     2.763     2.775
     2.791     2.810     2.834     2.861     2.892     2.926     2.963     3.003
     3.045     3.089     3.136     3.185     3.236     3.289     3.343     3.398
     3.456     3.514     3.575     3.637     3.701     3.766     3.833     3.902
     3.972     4.043     4.115     4.188     4.262     4.337     4.413     4.491
     4.570     4.652     4.736     4.824     4.914     5.007     5.103     5.203
     5.305     5.410     5.517     5.627     5.739     5.853     5.969     6.086
     6.204     6.322     6.439     6.555     6.669     6.780     6.889     6.993
     7.094     7.190     7.282     7.369     7.452     7.529     7.603     7.672
     7.737     7.798     7.856     7.910     7.961     8.010     8.056     8.100
     8.143     8.185     8.227     8.269     8.311     8.354     8.398     8.442
     8.488     8.535     8.582     8.629     8.677     8.724     8.772     8.819
     8.867     8.915     8.962     9.010     9.057     9.105     9.152     9.199
     9.245     9.291     9.335     9.378     9.419     9.456     9.488     9.516
     9.538     9.554     9.563     9.566     9.563     9.554     9.537     9.515
     9.486     9.451     9.409     9.362     9.309     9.252     9.188     9.120
     9.048     8.970     8.889     8.803     8.713     8.618     8.520     8.417
     8.311     8.200     8.085     7.967     7.844     7.718     7.589     7.456
     7.321     7.184     7.045     6.906     6.766     6.626     6.488     6.351
     6.216     6.083     5.952     5.824     5.697     5.572     5.449     5.326
     5.205     5.083     4.962     4.839     4.716     4.593     4.468     4.342
     4.215     4.088     3.960     3.832     3.704     3.577     3.451     3.326
     3.202     3.080     2.960     2.841     2.724     2.608     2.493     2.378
     2.264     2.150     2.035     1.920     1.803     1.686     1.567     1.446
     1.325     1.203     1.082      .961      .841      .724      .609      .498
      .389      .285      .185      .089     -.002     -.089     -.172     -.250
     -.325     -.396     -.463     -.527     -.588     -.647     -.705     -.760
     -.815     -.868     -.921     -.972    -1.022    -1.071    -1.118    -1.163
    -1.206    -1.247    -1.286    -1.324    -1.360    -1.394    -1.428    -1.461
    -1.494    -1.527    -1.560    -1.593    -1.626    -1.659    -1.693    -1.726
    -1.759    -1.791    -1.822    -1.851    -1.879    -1.904    -1.926    -1.945
    -1.960    -1.973    -1.982    -1.987    -1.990    -1.989    -1.986    -1.979
    -1.971    -1.960    -1.946    -1.931    -1.913    -1.894    -1.872    -1.850
    -1.825    -1.799    -1.772    -1.744    -1.714    -1.685    -1.655    -1.625
    -1.596    -1.568    -1.541    -1.517    -1.494    -1.474    -1.457    -1.442
    -1.430    -1.421    -1.414    -1.410    -1.408    -1.410    -1.413    -1.418
    -1.425    -1.434    -1.442    -1.452    -1.461    -1.470    -1.479    -1.486
    -1.493    -1.499    -1.504    -1.508    -1.511    -1.514    -1.516    -1.518
    -1.520    -1.523    -1.526    -1.530    -1.534    -1.540    -1.548    -1.557
    -1.569    -1.584    -1.601    -1.622    -1.646    -1.674    -1.706    -1.742
    -1.781    -1.825    -1.872    -1.922    -1.976    -2.032    -2.091    -2.151
    -2.214    -2.278    -2.344    -2.410    -2.477    -2.545    -2.612    -2.679
    -2.745    -2.810    -2.875    -2.938    -3.000    -3.061    -3.121    -3.179
    -3.236    -3.290    -3.342    -3.393    -3.440    -3.485    -3.527    -3.566
    -3.603    -3.636    -3.668    -3.696    -3.723    -3.747    -3.770    -3.791
    -3.812    -3.831    -3.850    -3.868    -3.886    -3.905    -3.925    -3.945
    -3.967    -3.990    -4.014    -4.040    -4.067    -4.096    -4.126    -4.156
    -4.186    -4.217    -4.247    -4.277    -4.305    -4.333    -4.359    -4.383
    -4.406    -4.426    -4.445    -4.461    -4.474    -4.485    -4.494    -4.501
    -4.505    -4.507    -4.506    -4.503    -4.498    -4.491    -4.483    -4.472
    -4.460    -4.446    -4.432    -4.417    -4.401    -4.385    -4.370    -4.356
    -4.343    -4.331    -4.320    -4.311    -4.303    -4.296    -4.291    -4.286
    -4.281    -4.277    -4.273    -4.269    -4.264    -4.259    -4.254    -4.247
    -4.239    -4.230    -4.220    -4.207    -4.193    -4.178    -4.160    -4.140
    -4.118    -4.094    -4.067    -4.038    -4.007    -3.973    -3.937    -3.899
    -3.860    -3.819    -3.776    -3.733    -3.689    -3.644    -3.599    -3.553
    -3.508    -3.463    -3.418    -3.375    -3.333    -3.293    -3.254    -3.218
    -3.183    -3.151    -3.119    -3.089    -3.060    -3.031    -3.003    -2.974
    -2.945    -2.915    -2.885    -2.854    -2.822    -2.789    -2.756    -2.722
    -2.687    -2.652    -2.616    -2.579    -2.543    -2.506    -2.469    -2.432
    -2.394    -2.355    -2.316    -2.276    -2.235    -2.192    -2.148    -2.103
    -2.056    -2.008    -1.958    -1.907    -1.854    -1.799    -1.743    -1.685
    -1.625    -1.564    -1.501    -1.437    -1.371    -1.303    -1.233    -1.161
    -1.088    -1.013     -.937     -.859     -.780     -.700     -.619     -.538
     -.455     -.372     -.288     -.202     -.116     -.030      .058      .146
      .235      .324      .413      .503      .594      .684      .776      .867
      .959     1.052     1.145     1.239     1.334     1.429     1.526     1.624
     1.723     1.823     1.924     2.026     2.130     2.234     2.340     2.447
     2.554     2.662     2.771     2.880     2.988     3.096     3.204     3.311
     3.416     3.520     3.621     3.721     3.819     3.914     4.008     4.099
     4.187     4.273     4.357     4.438     4.516     4.591     4.662     4.731
     4.796     4.858     4.916     4.970     5.020     5.066     5.108     5.147
     5.182     5.214     5.243     5.269     5.293     5.315     5.335     5.354
     5.371     5.387     5.402     5.415     5.428     5.440     5.450     5.459
     5.467     5.473     5.478     5.481     5.483     5.482     5.480     5.475
     5.468     5.458     5.446     5.430     5.412     5.390     5.365     5.335
     5.302     5.266     5.225     5.181     5.132     5.079     5.022     4.961
     4.895     4.826     4.753     4.677     4.599     4.518     4.436     4.353
     4.268     4.183     4.098     4.013     3.928     3.845     3.762     3.680
     3.599     3.520     3.443     3.367     3.293     3.221     3.151     3.081
     3.014     2.947     2.882     2.818     2.754     2.691     2.628     2.566
     2.503     2.441     2.378     2.316     2.253     2.189     2.126     2.062
     1.999     1.935     1.871     1.807     1.744     1.680     1.617     1.554
     1.492     1.431     1.370     1.311     1.253     1.196     1.141     1.088
     1.038      .990      .946      .904      .866      .832      .803      .777
      .756      .740      .729      .722      .719      .721      .726      .734
      .746      .759      .775      .793      .812      .832      .852      .873
      .893      .912      .930      .947      .962      .975      .985      .992
      .997      .998      .997      .992      .985      .974      .961      .945
      .927      .908      .886      .862      .838      .812      .785      .758
      .730      .702      .674      .646      .618      .591      .565      .540
      .515      .492      .469      .447      .426      .406      .387      .369
      .353      .337      .323      .309      .296      .282      .269      .255
      .241      .224      .206      .185      .161      .133      .102      .066
      .025     -.021     -.072     -.129     -.190     -.256     -.327     -.401
     -.479     -.559     -.642     -.727     -.814     -.902     -.992    -1.082
    -1.172    -1.263    -1.354    -1.444    -1.533    -1.622    -1.709    -1.796
    -1.880    -1.963    -2.043    -2.122    -2.198    -2.272    -2.343    -2.411
    -2.477    -2.540    -2.600    -2.658    -2.713    -2.765    -2.816    -2.864
    -2.911    -2.955    -2.998    -3.040    -3.080    -3.119    -3.158    -3.195
    -3.231    -3.266    -3.299    -3.332    -3.364    -3.394    -3.423    -3.450
    -3.476    -3.501    -3.524    -3.547    -3.568    -3.588    -3.607    -3.625
    -3.641    -3.656    -3.669    -3.681    -3.691    -3.698    -3.703    -3.705
    -3.705    -3.702    -3.697    -3.688    -3.675    -3.660    -3.640    -3.617
    -3.589    -3.556    -3.517    -3.474    -3.425    -3.371    -3.312    -3.248
    -3.178    -3.105    -3.027    -2.946    -2.861    -2.773    -2.681    -2.587
    -2.491    -2.393    -2.293    -2.192    -2.090    -1.987    -1.884    -1.781
    -1.677    -1.573    -1.469    -1.365    -1.261    -1.158    -1.055     -.952
     -.850     -.748     -.647     -.548     -.449     -.352     -.256     -.161
     -.069      .022      .111      .198      .284      .368      .450      .530
      .610      .688      .766      .843      .919      .995     1.071     1.146
     1.221     1.295     1.369     1.442     1.514     1.584     1.653     1.719
     1.784     1.845     1.903     1.958     2.009     2.055     2.097     2.135
     2.167     2.194     2.216     2.233     2.244     2.250     2.251     2.247
     2.238     2.225     2.207     2.184     2.158     2.127     2.092     2.054
     2.012     1.967     1.919     1.867     1.813     1.756     1.697     1.636
     1.574     1.510     1.445     1.378     1.312     1.244     1.176     1.108
     1.040      .971      .902      .833      .763      .692      .620      .548
      .474      .399      .324      .247      .170      .092      .013     -.067
     -.146     -.226     -.306     -.386     -.465     -.543     -.619     -.695
     -.768     -.840     -.910     -.978    -1.045    -1.109    -1.172    -1.232
    -1.291    -1.348    -1.403    -1.456    -1.508    -1.558    -1.606    -1.652
    -1.696    -1.739    -1.780    -1.818    -1.854    -1.888    -1.919    -1.948
    -1.974    -1.999    -2.021    -2.040    -2.058    -2.074    -2.088    -2.099
    -2.109    -2.117    -2.123    -2.128    -2.130    -2.131    -2.129    -2.125
    -2.119    -2.111    -2.100    -2.086    -2.069    -2.050    -2.027    -2.001
    -1.971    -1.938    -1.902    -1.863    -1.821    -1.778    -1.732    -1.685
    -1.636    -1.586    -1.536    -1.485    -1.433    -1.381    -1.328    -1.275
    -1.222    -1.168    -1.114    -1.060    -1.006     -.951     -.896     -.840
     -.785     -.729     -.672     -.616     -.559     -.503     -.447     -.391
     -.335     -.280     -.225     -.171     -.117     -.064     -.011      .042
      .094      .147      .200      .254      .308      .363      .419      .475
      .533      .590      .648      .706      .764      .822      .879      .935
      .990     1.043     1.095     1.144     1.190     1.234     1.275     1.312
     1.345     1.375     1.400     1.420     1.437     1.449     1.456     1.459
     1.459     1.455     1.448     1.437     1.424     1.408     1.390     1.370
     1.349     1.326     1.303     1.278     1.253     1.229     1.204     1.179
     1.155     1.132     1.109     1.088     1.067     1.047     1.028     1.009
      .992      .975      .958      .942      .926      .911      .896      .881
      .865      .850      .834      .817      .800      .782      .763      .743
      .723      .702      .680      .658      .635      .611      .586      .561
      .535      .509      .482      .455      .428      .401      .373      .347
      .321      .295      .271      .249      .228      .209      .192      .178
      .166      .158      .152      .150      .150      .153      .160      .169
      .181      .195      .211      .229      .249      .269      .291      .312
      .334      .355      .376      .395      .414      .431      .447      .462
      .475      .486      .496      .505      .513      .520      .527      .532
      .537      .541      .545      .549      .553      .556      .560      .563
      .567      .572      .578      .584      .590      .598      .606      .615
      .625      .635      .646      .656      .667      .678      .689      .699
      .709      .719      .727      .734      .740      .745      .747      .747
      .745      .740      .731      .720      .705      .685      .663      .636
      .605      .570      .531      .488      .441      .391      .338      .282
      .224      .164      .101      .037     -.028     -.095     -.162     -.231
     -.300     -.369     -.439     -.509     -.578     -.648     -.718     -.788
     -.857     -.927     -.996    -1.065    -1.133    -1.202    -1.269    -1.337
    -1.404    -1.471    -1.538    -1.604    -1.671    -1.737    -1.803    -1.869
    -1.935    -2.001    -2.067    -2.132    -2.197    -2.261    -2.325    -2.388
    -2.449    -2.510    -2.569    -2.627    -2.683    -2.737    -2.789    -2.838
    -2.885    -2.929    -2.970    -3.009    -3.043    -3.075    -3.102    -3.126
    -3.147    -3.163    -3.175    -3.183    -3.187    -3.187    -3.183    -3.175
    -3.163    -3.147    -3.128    -3.105    -3.079    -3.050    -3.019    -2.985
    -2.950    -2.912    -2.874    -2.834    -2.793    -2.751    -2.710    -2.667
    -2.624    -2.581    -2.538    -2.494    -2.449    -2.405    -2.359    -2.313
    -2.267    -2.220    -2.172    -2.123    -2.073    -2.022    -1.969    -1.916
    -1.860    -1.804    -1.745    -1.685    -1.623    -1.560    -1.495    -1.428
    -1.359    -1.288    -1.214    -1.139    -1.062     -.982     -.900     -.816
     -.729     -.641     -.550     -.458     -.364     -.269     -.173     -.075
      .023      .122      .221      .321      .421      .522      .622      .722
      .822      .920     1.019     1.116     1.213     1.308     1.402     1.495
     1.586     1.675     1.763     1.849     1.932     2.014     2.094     2.171
     2.247     2.320     2.391     2.461     2.527     2.592     2.655     2.716
     2.774     2.830     2.884     2.935     2.984     3.031     3.076     3.118
     3.157     3.195     3.229     3.262     3.291     3.318     3.342     3.362
     3.380     3.395     3.407     3.415     3.421     3.423     3.421     3.417
     3.409     3.397     3.382     3.365     3.343     3.319     3.292     3.262
     3.230     3.195     3.157     3.118     3.076     3.032     2.986     2.938
     2.889     2.838     2.786     2.732     2.678     2.622     2.566     2.509
     2.451     2.393     2.335     2.276     2.217     2.158     2.099     2.040
     1.981     1.922     1.863     1.804     1.745     1.685     1.626     1.566
     1.507     1.447     1.387     1.327     1.267     1.208     1.148     1.089
     1.030      .971      .913      .855      .799      .743      .688      .633
      .580      .528      .477      .428      .380      .333      .288      .244
      .203      .163      .125      .089      .055      .023     -.006     -.034
     -.059     -.082     -.103     -.123     -.140     -.156     -.171     -.184
     -.196     -.207     -.218     -.227     -.236     -.245     -.254     -.263
     -.271     -.280     -.288     -.296     -.305     -.313     -.321     -.329
     -.337     -.345     -.352     -.359     -.366     -.372     -.379     -.384
     -.390     -.394     -.399     -.403     -.406     -.409     -.411     -.413
     -.413     -.413     -.412     -.410     -.406     -.402     -.396     -.390
     -.382     -.373     -.363     -.352     -.340     -.327     -.313     -.299
     -.283     -.268     -.251     -.235     -.218     -.202     -.185     -.169
     -.154     -.139     -.125     -.112     -.100     -.089     -.079     -.071
     -.063     -.057     -.052     -.048     -.045     -.044     -.043     -.043
     -.043     -.045     -.046     -.048     -.050     -.052     -.053     -.055
     -.056     -.056     -.056     -.055     -.053     -.051     -.048     -.044
     -.039     -.034     -.028     -.021     -.014     -.006      .002      .010
      .018      .027      .035      .044      .052      .060      .068      .075
      .082      .088      .093      .098      .103      .107      .110      .113
      .116      .118      .120      .122      .123      .125      .126      .128
      .130      .131      .133      .135      .138      .141      .145      .149
      .155      .161      .168      .177      .186      .197      .208      .221
      .234      .248      .263      .279      .295      .312      .329      .346
      .363      .380      .397      .413      .430      .446      .462      .477
      .492      .507      .521      .535      .548      .562      .575      .588
      .602      .615      .629      .643      .657      .672      .687      .702
      .717      .733      .748      .764      .780      .796      .812      .828
      .843      .858      .872      .886      .900      .912      .923      .933
      .942      .950      .955      .959      .961      .961      .958      .953
      .946      .936      .924      .909      .893      .874      .853      .830
      .805      .779      .751      .722      .692      .660      .628      .596
      .562      .529      .494      .460      .424      .389      .353      .317
      .279      .242      .203      .163      .122      .080      .037     -.007
     -.052     -.098     -.146     -.194     -.243     -.292     -.343     -.394
     -.446     -.499     -.552     -.605     -.659     -.713     -.768     -.822
     -.877     -.932     -.987    -1.042    -1.096    -1.150    -1.204    -1.257
    -1.309    -1.360    -1.410    -1.459    -1.507    -1.553    -1.599    -1.643
    -1.687    -1.729    -1.771    -1.811    -1.850    -1.888    -1.926    -1.962
    -1.998    -2.033    -2.067    -2.101    -2.133    -2.165    -2.196    -2.225
    -2.254    -2.281    -2.307    -2.332    -2.355    -2.378    -2.399    -2.418
    -2.437    -2.455    -2.471    -2.487    -2.501    -2.514    -2.527    -2.538
    -2.549    -2.558    -2.567    -2.574    -2.580    -2.586    -2.589    -2.592
    -2.593    -2.592    -2.590    -2.586    -2.581    -2.573    -2.564    -2.552
    -2.539    -2.524    -2.507    -2.489    -2.469    -2.448    -2.425    -2.401
    -2.377    -2.351    -2.324    -2.296    -2.268    -2.239    -2.209    -2.178
    -2.146    -2.113    -2.079    -2.044    -2.008    -1.970    -1.932    -1.892
    -1.852    -1.810    -1.766    -1.722    -1.676    -1.629    -1.580    -1.530
    -1.478    -1.425    -1.370    -1.314    -1.256    -1.197    -1.137    -1.076
    -1.013     -.950     -.886     -.822     -.756     -.691     -.625     -.559
     -.493     -.428     -.363     -.298     -.234     -.171     -.109     -.047
      .013      .072      .129      .186      .241      .296      .349      .401
      .451      .501      .549      .596      .642      .687      .731      .773
      .814      .854      .893      .930      .967     1.002     1.037     1.070
     1.103     1.135     1.166     1.196     1.225     1.254     1.281     1.308
     1.334     1.359     1.382     1.405     1.427     1.447     1.467     1.485
     1.501     1.517     1.530     1.542     1.552     1.561     1.567     1.572
     1.576     1.577     1.577     1.575     1.572     1.567     1.561     1.554
     1.546     1.537     1.528     1.518     1.508     1.497     1.487     1.477
     1.467     1.457     1.449     1.440     1.432     1.425     1.419     1.413
     1.408     1.404     1.400     1.396     1.393     1.390     1.388     1.385
     1.382     1.379     1.376     1.372     1.368     1.363     1.358     1.353
     1.347     1.339     1.332     1.323     1.314     1.304     1.293     1.282
     1.270     1.257     1.244     1.231     1.217     1.203     1.189     1.175
     1.161     1.148     1.135     1.123     1.111     1.100     1.090     1.081
     1.072     1.065     1.059     1.053     1.048     1.044     1.040     1.036
     1.033     1.031     1.028     1.025     1.023     1.020     1.017     1.014
     1.010     1.006     1.002      .997      .992      .986      .979      .972
      .964      .956      .946      .936      .925      .913      .900      .887
      .873      .858      .843      .826      .810      .793      .775      .757
      .739      .720      .702      .683      .664      .645      .627      .608
      .590      .571      .553      .535      .517      .499      .482      .464
      .447      .429      .412      .394      .376      .358      .340      .322
      .303      .284      .264      .244      .223      .201      .179      .155
      .131      .107      .081      .055      .028      .000     -.028     -.057
     -.086     -.117     -.148     -.179     -.211     -.243     -.276     -.309
     -.342     -.374     -.407     -.439     -.470     -.501     -.531     -.561
     -.589     -.616     -.642     -.667     -.691     -.713     -.735     -.755
     -.774     -.793     -.810     -.827     -.843     -.858     -.872     -.886
     -.900     -.913     -.926     -.939     -.951     -.962     -.974     -.985
     -.995    -1.005    -1.015    -1.024    -1.033    -1.041    -1.048    -1.056
    -1.062    -1.068    -1.073    -1.078    -1.082    -1.086    -1.089    -1.091
    -1.092    -1.092    -1.091    -1.089    -1.086    -1.080    -1.074    -1.065
    -1.055    -1.043    -1.029    -1.013     -.995     -.976     -.955     -.933
     -.910     -.886     -.862     -.837     -.812     -.786     -.761     -.736
     -.711     -.687     -.663     -.640     -.617     -.594     -.572     -.550
     -.529     -.508     -.488     -.468     -.449     -.431     -.413     -.396
     -.380     -.364     -.350     -.336     -.322     -.309     -.297     -.286
     -.275     -.265     -.255     -.245     -.236     -.227     -.219     -.211
     -.202     -.195     -.187     -.180     -.174     -.168     -.163     -.159
     -.157     -.156     -.157     -.160     -.165     -.172     -.182     -.194
     -.208     -.226     -.245     -.266     -.290     -.316     -.343     -.372
     -.403     -.434     -.467     -.501     -.536     -.571     -.607     -.643
     -.680     -.717     -.755     -.793     -.831     -.870     -.908     -.947
     -.986    -1.026    -1.065    -1.105    -1.144    -1.184    -1.223    -1.263
    -1.302    -1.342    -1.381    -1.420    -1.460    -1.499    -1.538    -1.578
    -1.618    -1.658    -1.698    -1.738    -1.778    -1.819    -1.860    -1.901
    -1.941    -1.982    -2.022    -2.061    -2.099    -2.137    -2.174    -2.210
    -2.244    -2.277    -2.309    -2.339    -2.368    -2.396    -2.422    -2.446
    -2.468    -2.489    -2.508    -2.524    -2.539    -2.553    -2.564    -2.573
    -2.580    -2.585    -2.588    -2.589    -2.588    -2.585    -2.579    -2.572
    -2.563    -2.553    -2.540    -2.526    -2.510    -2.492    -2.473    -2.451
    -2.428    -2.404    -2.377    -2.349    -2.319    -2.287    -2.253    -2.217
    -2.180    -2.141    -2.101    -2.058    -2.014    -1.969    -1.922    -1.874
    -1.825    -1.774    -1.722    -1.669    -1.615    -1.559    -1.502    -1.444
    -1.384    -1.324    -1.262    -1.198    -1.134    -1.068    -1.001     -.933
     -.863     -.793     -.722     -.649     -.576     -.502     -.428     -.353
     -.277     -.200     -.123     -.046      .032      .110      .189      .268
      .347      .425      .504      .583      .662      .741      .819      .898
      .976     1.054     1.131     1.208     1.285     1.360     1.436     1.510
     1.584     1.656     1.728     1.798     1.868     1.936     2.004     2.070
     2.135     2.200     2.263     2.325     2.386     2.446     2.505     2.562
     2.619     2.675     2.730     2.783     2.836     2.888     2.938     2.988
     3.037     3.085     3.132     3.178     3.222     3.266     3.309     3.350
     3.390     3.429     3.466     3.502     3.537     3.570     3.603     3.634
     3.663     3.691     3.718     3.744     3.768     3.791     3.812     3.832
     3.850     3.867     3.882     3.896     3.909     3.920     3.929     3.937
     3.944     3.948     3.952     3.954     3.954     3.954     3.951     3.948
     3.943     3.936     3.929     3.920     3.910     3.899     3.886     3.873
     3.859     3.844     3.828     3.811     3.793     3.775     3.755     3.735
     3.713     3.691     3.667     3.643     3.617     3.590     3.563     3.534
     3.504     3.473     3.441     3.409     3.375     3.341     3.306     3.270
     3.233     3.195     3.157     3.118     3.079     3.039     2.998     2.956
     2.914     2.871     2.827     2.783     2.738     2.693     2.647     2.601
     2.554     2.507     2.459     2.411     2.363     2.314     2.266     2.216
     2.167     2.118     2.068     2.018     1.968     1.918     1.867     1.817
     1.767     1.717     1.667     1.618     1.569     1.520     1.473     1.426
     1.379     1.334     1.289     1.246     1.203     1.161     1.120     1.080
     1.041     1.002      .965      .927      .891      .854      .819      .783
      .748      .713      .678      .643      .608      .573      .538      .502
      .467      .431      .395      .359      .322      .285      .248      .211
      .173      .135      .098      .060      .023     -.014     -.051     -.087
     -.122     -.156     -.189     -.221     -.251     -.279     -.306     -.330
     -.353     -.373     -.392     -.409     -.424     -.437     -.449     -.459
     -.468     -.477     -.484     -.491     -.498     -.504     -.510     -.516
     -.523     -.529     -.536     -.543     -.551     -.559     -.567     -.576
     -.585     -.595     -.605     -.615     -.626     -.637     -.648     -.660
     -.672     -.684     -.697     -.709     -.722     -.734     -.746     -.758
     -.770     -.782     -.793     -.804     -.814     -.825     -.836     -.846
     -.857     -.868     -.880     -.892     -.905     -.918     -.932     -.947
     -.963     -.980     -.998    -1.017    -1.037    -1.059    -1.081    -1.104
    -1.128    -1.153    -1.179    -1.206    -1.233    -1.261    -1.290    -1.319
    -1.349    -1.380    -1.411    -1.442    -1.474    -1.505    -1.536    -1.567
    -1.598    -1.628    -1.658    -1.688    -1.718    -1.748    -1.777    -1.806
    -1.834    -1.863    -1.892    -1.921    -1.951    -1.982    -2.013    -2.045
    -2.078    -2.113    -2.148    -2.185    -2.223    -2.263    -2.303    -2.345
    -2.388    -2.431    -2.475    -2.519    -2.564    -2.609    -2.655    -2.700
    -2.745    -2.791    -2.836    -2.880    -2.925    -2.968    -3.012    -3.054
    -3.095    -3.135    -3.174    -3.212    -3.248    -3.282    -3.314    -3.345
    -3.374    -3.401    -3.425    -3.448    -3.470    -3.489    -3.506    -3.522
    -3.537    -3.549    -3.561    -3.572    -3.581    -3.589    -3.596    -3.602
    -3.608    -3.612    -3.615    -3.618    -3.620    -3.620    -3.620    -3.618
    -3.616    -3.612    -3.606    -3.600    -3.592    -3.582    -3.571    -3.559
    -3.545    -3.530    -3.514    -3.496    -3.477    -3.457    -3.435    -3.411
    -3.385    -3.358    -3.329    -3.297    -3.264    -3.229    -3.192    -3.154
    -3.114    -3.073    -3.031    -2.988    -2.944    -2.899    -2.853    -2.807
    -2.760    -2.713    -2.665    -2.617    -2.568    -2.518    -2.468    -2.416
    -2.363    -2.310    -2.255    -2.199    -2.142    -2.085    -2.026    -1.967
    -1.907    -1.845    -1.783    -1.720    -1.657    -1.593    -1.528    -1.463
    -1.398    -1.332    -1.266    -1.200    -1.134    -1.067    -1.001     -.936
     -.870     -.805     -.740     -.676     -.613     -.550     -.488     -.427
     -.367     -.309     -.253     -.198     -.145     -.093     -.043      .005
      .052      .097      .142      .185      .228      .269      .310      .350
      .389      .427      .464      .500      .536      .570      .604      .636
      .668      .698      .728      .756      .783      .809      .834      .858
      .880      .901      .920      .938      .954      .968      .981      .992
     1.001     1.008     1.013     1.016     1.017     1.016     1.013     1.008
     1.002      .994      .985      .974      .961      .947      .932      .916
      .899      .880      .861      .841      .821      .799      .778      .755
      .733      .710      .687      .663      .640      .616      .592      .569
      .545      .521      .497      .473      .449      .425      .401      .377
      .353      .330      .307      .285      .263      .242      .222      .203
      .184      .167      .150      .135      .121      .108      .096      .085
      .076      .067      .060      .053      .048      .043      .039      .036
      .034      .033      .032      .032      .034      .036      .039      .044
      .049      .056      .065      .075      .086      .098      .112      .126
      .142      .159      .177      .196      .215      .236      .258      .281
      .305      .330      .357      .386      .416      .447      .481      .516
      .554      .592      .633      .675      .718      .762      .807      .853
      .899      .945      .992     1.038     1.085     1.131     1.178     1.224
     1.270     1.315     1.361     1.406     1.451     1.496     1.541     1.586
     1.630     1.674     1.718     1.761     1.803     1.845     1.886     1.926
     1.965     2.003     2.040     2.075     2.110     2.143     2.175     2.207
     2.237     2.267     2.297     2.326     2.354     2.382     2.410     2.437
     2.464     2.490     2.516     2.542     2.567     2.591     2.614     2.637
     2.659     2.680     2.699     2.718     2.735     2.751     2.765     2.777
     2.788     2.798     2.805     2.812     2.816     2.820     2.822     2.822
     2.821     2.818     2.813     2.806     2.798     2.788     2.776     2.763
     2.748     2.731     2.713     2.694     2.673     2.651     2.628     2.604
     2.579     2.554     2.527     2.500     2.472     2.444     2.415     2.386
     2.356     2.326     2.296     2.265     2.234     2.203     2.172     2.140
     2.109     2.078     2.047     2.015     1.984     1.952     1.920     1.887
     1.855     1.822     1.789     1.757     1.725     1.694     1.662     1.631
     1.599     1.568     1.536     1.503     1.470     1.437     1.403     1.369
     1.335     1.301     1.267     1.233     1.199     1.165     1.130     1.096
     1.062     1.028      .995      .961      .929      .897      .866      .835
      .806      .778      .751      .725      .701      .678      .656      .636
      .617      .599      .581      .565      .550      .535      .520      .506
      .493      .479      .465      .452      .439      .425      .412      .398
      .384      .370      .356      .341      .326      .311      .295      .280
      .264      .248      .233      .217      .201      .184      .169      .153
      .137      .122      .106      .091      .075      .060      .045      .030
      .015      .000     -.015     -.030     -.044     -.059     -.073     -.088
     -.104     -.119     -.135     -.152     -.169     -.186     -.205     -.223
     -.243     -.263     -.284     -.306     -.329     -.353     -.378     -.404
     -.431     -.458     -.486     -.515     -.544     -.573     -.603     -.633
     -.663     -.693     -.724     -.754     -.784     -.815     -.845     -.875
     -.905     -.935     -.965     -.993    -1.022    -1.050    -1.078    -1.105
    -1.132    -1.159    -1.185    -1.211    -1.236    -1.261    -1.285    -1.308
    -1.331    -1.352    -1.373    -1.393    -1.411    -1.429    -1.446    -1.461
    -1.476    -1.489    -1.501    -1.511    -1.521    -1.529    -1.536    -1.541
    -1.546    -1.549    -1.552    -1.553    -1.554    -1.553    -1.552    -1.550
    -1.547    -1.544    -1.540    -1.535    -1.529    -1.523    -1.516    -1.508
    -1.499    -1.490    -1.480    -1.469    -1.457    -1.445    -1.431    -1.418
    -1.403    -1.389    -1.373    -1.358    -1.342    -1.325    -1.308    -1.290
    -1.272    -1.253    -1.233    -1.213    -1.192    -1.170    -1.148    -1.126
    -1.103    -1.079    -1.055    -1.031    -1.006     -.981     -.955     -.929
     -.902     -.876     -.848     -.821     -.793     -.765     -.736     -.707
     -.678     -.650     -.621     -.592     -.564     -.536     -.508     -.481
     -.455     -.429     -.403     -.379     -.354     -.331     -.309     -.287
     -.267     -.248     -.229     -.212     -.197     -.182     -.168     -.155
     -.144     -.133     -.123     -.114     -.105     -.098     -.092     -.087
     -.083     -.079     -.077     -.076     -.075     -.075     -.076     -.078
     -.081     -.084     -.089     -.093     -.099     -.105     -.112     -.120
     -.129     -.138     -.149     -.161     -.174     -.188     -.203     -.219
     -.237     -.255     -.275     -.295     -.317     -.339     -.362     -.386
     -.410     -.435     -.460     -.485     -.510     -.535     -.561     -.586
     -.611     -.636     -.661     -.685     -.709     -.733     -.756     -.779
     -.801     -.823     -.844     -.864     -.884     -.903     -.922     -.940
     -.957     -.974     -.989    -1.003    -1.017    -1.029    -1.040    -1.051
    -1.061    -1.069    -1.078    -1.085    -1.092    -1.099    -1.105    -1.111
    -1.117    -1.122    -1.127    -1.132    -1.137    -1.141    -1.145    -1.150
    -1.154    -1.158    -1.161    -1.165    -1.168    -1.170    -1.172    -1.174
    -1.176    -1.177    -1.178    -1.178    -1.179    -1.178    -1.178    -1.177
    -1.176    -1.174    -1.173    -1.170    -1.167    -1.164    -1.160    -1.156
    -1.151    -1.145    -1.139    -1.133    -1.127    -1.120    -1.113    -1.106
    -1.099    -1.092    -1.085    -1.078    -1.071    -1.064    -1.058    -1.051
    -1.044    -1.038    -1.032    -1.025    -1.019    -1.013    -1.007    -1.000
     -.994     -.987     -.981     -.974     -.968     -.961     -.954     -.947
     -.940     -.933     -.926     -.919     -.911     -.904     -.896     -.889
     -.881     -.873     -.865     -.856     -.847     -.838     -.828     -.818
     -.808     -.798     -.788     -.778     -.767     -.757     -.747     -.738
     -.728     -.718     -.709     -.699     -.690     -.681     -.672     -.663
     -.654     -.645     -.636     -.627     -.618     -.609     -.601     -.592
     -.583     -.574     -.565     -.556     -.547     -.538     -.528     -.519
     -.509     -.500     -.490     -.480     -.470     -.460     -.449     -.439
     -.428     -.417     -.405     -.394     -.382     -.369     -.356     -.343
     -.329     -.315     -.301     -.285     -.269     -.252     -.235     -.217
     -.198     -.179     -.159     -.138     -.116     -.093     -.070     -.046
     -.021      .004      .030      .056      .083      .111      .140      .170
      .201      .233      .265      .299      .333      .368      .403      .438
      .475      .511      .548      .585      .623      .661      .700      .739
      .779      .819      .859      .900      .941      .983     1.025     1.066
     1.109     1.151     1.194     1.237     1.280     1.322     1.365     1.408
     1.450     1.492     1.534     1.575     1.616     1.656     1.695     1.734
     1.772     1.809     1.845     1.881     1.915     1.948     1.981     2.012
     2.043     2.072     2.100     2.127     2.152     2.177     2.200     2.222
     2.243     2.263     2.282     2.300     2.317     2.333     2.349     2.363
     2.377     2.390     2.403     2.414     2.425     2.435     2.444     2.452
     2.460     2.466     2.472     2.476     2.480     2.482     2.484     2.484
     2.483     2.481     2.478     2.474     2.469     2.463     2.455     2.447
     2.437     2.427     2.415     2.403     2.390     2.376     2.361     2.345
     2.329     2.312     2.295     2.276     2.257     2.238     2.218     2.198
     2.177     2.156     2.135     2.112     2.090     2.067     2.043     2.019
     1.995     1.970     1.945     1.919     1.893     1.866     1.840     1.813
     1.786     1.759     1.732     1.705     1.678     1.650     1.623     1.595
     1.567     1.540     1.512     1.483     1.455     1.426     1.398     1.368
     1.339     1.309     1.279     1.249     1.218     1.187     1.156     1.125
     1.093     1.061     1.029      .997      .965      .933      .900      .868
      .836      .803      .771      .739      .706      .674      .641      .609
      .576      .543      .510      .477      .445      .413      .381      .349
      .318      .287      .256      .226      .196      .167      .138      .109
      .081      .054      .027      .001     -.024     -.049     -.074     -.098
     -.121     -.144     -.166     -.188     -.209     -.230     -.250     -.270
     -.290     -.309     -.327     -.346     -.364     -.382     -.400     -.417
     -.435     -.452     -.470     -.487     -.504     -.520     -.536     -.551
     -.566     -.581     -.594     -.607     -.620     -.631     -.642     -.652
     -.661     -.670     -.677     -.684     -.691     -.696     -.701     -.706
     -.710     -.714     -.717     -.720     -.722     -.724     -.725     -.726
     -.727     -.727     -.726     -.725     -.724     -.722     -.720     -.718
     -.716     -.713     -.710     -.707     -.704     -.700     -.696     -.693
     -.689     -.684     -.680     -.675     -.671     -.666     -.661     -.655
     -.650     -.644     -.638     -.632     -.626     -.620     -.613     -.607
     -.600     -.594     -.588     -.582     -.576     -.570     -.565     -.559
     -.554     -.550     -.545     -.541     -.537     -.533     -.529     -.525
     -.521     -.517     -.513     -.509     -.505     -.501     -.496     -.492
     -.487     -.483     -.478     -.473     -.467     -.462     -.456     -.450
     -.444     -.438     -.431     -.425     -.419     -.412     -.406     -.400
     -.394     -.389     -.384     -.380     -.376     -.373     -.371     -.369
     -.369     -.369     -.370     -.371     -.374     -.376     -.380     -.383
     -.387     -.392     -.397     -.402     -.407     -.413     -.419     -.425
     -.431     -.438     -.444     -.451     -.458     -.465     -.472     -.479
     -.486     -.493     -.501     -.508     -.515     -.522     -.530     -.538
     -.546     -.554     -.562     -.571     -.580     -.589     -.599     -.609
     -.619     -.629     -.640     -.651     -.663     -.674     -.686     -.698
     -.710     -.723     -.735     -.747     -.759     -.771     -.783     -.795
     -.807     -.818     -.830     -.841     -.853     -.864     -.876     -.887
     -.899     -.910     -.922     -.933     -.945     -.957     -.968     -.980
     -.992    -1.003    -1.015    -1.027    -1.038    -1.049    -1.061    -1.072
    -1.083    -1.094    -1.104    -1.115    -1.126    -1.136    -1.146    -1.156
    -1.166    -1.176    -1.186    -1.195    -1.204    -1.213    -1.222    -1.230
    -1.239    -1.247    -1.255    -1.262    -1.269    -1.275    -1.281    -1.287
    -1.292    -1.297    -1.301    -1.304    -1.308    -1.310    -1.313    -1.314
    -1.316    -1.316    -1.316    -1.316    -1.314    -1.313    -1.310    -1.308
    -1.304    -1.301    -1.297    -1.292    -1.288    -1.283    -1.278    -1.274
    -1.269    -1.264    -1.258    -1.253    -1.248    -1.243    -1.237    -1.231
    -1.225    -1.219    -1.213    -1.207    -1.200    -1.193    -1.186    -1.178
    -1.170    -1.162    -1.153    -1.145    -1.135    -1.126    -1.116    -1.105
    -1.095    -1.083    -1.072    -1.059    -1.047    -1.033    -1.020    -1.005
     -.990     -.975     -.959     -.942     -.925     -.908     -.891     -.874
     -.858     -.841     -.824     -.807     -.791     -.774     -.758     -.742
     -.726     -.710     -.694     -.679     -.664     -.649     -.635     -.621
     -.607     -.594     -.582     -.570     -.559     -.549     -.540     -.531
     -.523     -.516     -.510     -.504     -.499     -.495     -.491     -.487
     -.484     -.482     -.480     -.478     -.476     -.475     -.474     -.474
     -.474     -.474     -.475     -.476     -.478     -.481     -.483     -.487
     -.491     -.495     -.500     -.504     -.510     -.515     -.521     -.526
     -.532     -.539     -.545     -.552     -.559     -.566     -.573     -.581
     -.589     -.597     -.605     -.613     -.621     -.629     -.637     -.644
     -.652     -.659     -.665     -.672     -.677     -.682     -.686     -.690
     -.692     -.694     -.695     -.695     -.694     -.693     -.690     -.686
     -.681     -.675     -.669     -.661     -.651     -.641     -.630     -.618
     -.605     -.591     -.576     -.560     -.543     -.526     -.507     -.489
     -.469     -.449     -.428     -.407     -.386     -.364     -.342     -.320
     -.297     -.274     -.250     -.226     -.202     -.177     -.152     -.127
     -.101     -.074     -.047     -.020      .009      .038      .067      .098
      .129      .161      .193      .226      .261      .295      .331      .368
      .405      .443      .481      .521      .560      .600      .641      .682
      .723      .765      .807      .848      .890      .932      .974     1.015
     1.056     1.098     1.138     1.179     1.219     1.259     1.298     1.336
     1.374     1.412     1.449     1.485     1.520     1.555     1.589     1.623
     1.655     1.688     1.719     1.750     1.780     1.809     1.837     1.865
     1.893     1.919     1.945     1.970     1.995     2.019     2.042     2.065
     2.086     2.107     2.128     2.147     2.165     2.183     2.199     2.215
     2.230     2.243     2.256     2.267     2.277     2.286     2.294     2.300
     2.306     2.309     2.312     2.313     2.314     2.313     2.312     2.310
     2.307     2.303     2.299     2.295     2.290     2.284     2.279     2.273
     2.267     2.260     2.254     2.247     2.239     2.231     2.223     2.214
     2.205     2.196     2.186     2.175     2.164     2.153     2.141     2.128
     2.115     2.101     2.087     2.072     2.056     2.040     2.024     2.006
     1.988     1.969     1.950     1.929     1.908     1.886     1.863     1.840
     1.815     1.790     1.764     1.738     1.711     1.684     1.656     1.628
     1.600     1.572     1.544     1.516     1.488     1.461     1.433     1.406
     1.379     1.352     1.326     1.299     1.273     1.246     1.220     1.194
     1.168     1.141     1.115     1.090     1.064     1.039     1.013      .988
      .964      .939      .914      .890      .866      .842      .818      .794
      .770      .746      .722      .697      .673      .648      .624      .599
      .575      .550      .525      .501      .477      .452      .428      .403
      .379      .355      .331      .308      .284      .261      .238      .216
      .194      .172      .151      .131      .111      .091      .072      .054
      .036      .018      .002     -.015     -.031     -.046     -.061     -.076
     -.091     -.106     -.120     -.135     -.150     -.164     -.179     -.194
     -.209     -.224     -.240     -.255     -.270     -.286     -.301     -.316
     -.332     -.347     -.362     -.377     -.391     -.406     -.421     -.435
     -.449     -.462     -.476     -.488     -.501     -.513     -.525     -.536
     -.547     -.558     -.569     -.579     -.589     -.599     -.608     -.618
     -.627     -.636     -.646     -.655     -.664     -.673