.056      .047      .037      .028      .019      .009      .001     -.008
     -.017     -.026     -.034     -.043     -.052     -.060     -.068     -.076
     -.084     -.092     -.100     -.108     -.116     -.123     -.131     -.139
     -.147     -.155     -.163     -.171     -.179     -.188     -.196     -.204
     -.213     -.221     -.230     -.238     -.247     -.256     -.264     -.273
     -.282     -.290     -.299     -.308     -.317     -.326     -.334     -.343
     -.352     -.360     -.368     -.377     -.385     -.393     -.401     -.410
     -.418     -.426     -.434     -.442     -.451     -.459     -.467     -.475
     -.482     -.490     -.498     -.506     -.513     -.520     -.527     -.535
     -.542     -.549     -.556     -.563     -.570     -.576     -.583     -.589
     -.595     -.600     -.606     -.611     -.617     -.622     -.627     -.632
     -.637     -.642     -.647     -.652     -.657     -.662     -.666     -.671
     -.675     -.680     -.684     -.689     -.693     -.698     -.703     -.707
     -.711     -.716     -.720     -.724     -.728     -.732     -.735     -.740
     -.744     -.748     -.751     -.755     -.759     -.763     -.767     -.771
     -.775     -.780     -.784     -.788     -.791     -.795     -.798     -.800
     -.803     -.806     -.809     -.812     -.814     -.817     -.821     -.824
     -.827     -.830     -.832     -.834     -.835     -.836     -.837     -.837
     -.836     -.835     -.834     -.832     -.831     -.830     -.830     -.829
     -.829     -.827     -.826     -.823     -.821     -.817     -.814     -.811
     -.807     -.804     -.801     -.798     -.796     -.794     -.792     -.790
     -.788     -.786     -.784     -.781     -.779     -.776     -.773     -.770
     -.766     -.763     -.760     -.757     -.754     -.752     -.749     -.746
     -.744     -.741     -.738     -.736     -.733     -.729     -.725     -.721
     -.718     -.714     -.711     -.707     -.704     -.700     -.696     -.691
     -.686     -.681     -.674     -.667     -.660     -.652     -.645     -.638
     -.632     -.626     -.619     -.613     -.607     -.601     -.595     -.589
     -.582     -.575     -.568     -.562     -.556     -.551     -.547     -.543
     -.540     -.536     -.533     -.530     -.526     -.522     -.518     -.513
     -.508     -.503     -.498     -.493     -.489     -.485     -.481     -.477
     -.473     -.468     -.463     -.458     -.451     -.444     -.436     -.428
     -.418     -.409     -.398     -.388     -.377     -.365     -.353     -.341
     -.328     -.315     -.300     -.285     -.270     -.254     -.238     -.222
     -.205     -.188     -.171     -.155     -.138     -.122     -.105     -.089
     -.072     -.055     -.039     -.022     -.007      .009      .023      .037
      .051      .064      .077      .089      .101      .113      .124      .136
      .147      .160      .172      .186      .199      .214      .228      .242
      .257      .271      .285      .299      .313      .327      .343      .360
      .379      .399      .419      .441      .462      .484      .507      .530
      .553      .578      .603      .629      .655      .680      .706      .731
      .757      .783      .808      .834      .859      .886      .912      .939
      .967      .995     1.024     1.052     1.080     1.107     1.134     1.159
     1.185     1.212     1.239     1.267     1.296     1.325     1.356     1.388
     1.421     1.454     1.488     1.520     1.553     1.584     1.616     1.648
     1.679     1.712     1.744     1.776     1.808     1.840     1.871     1.901
     1.930     1.958     1.985     2.012     2.038     2.065     2.093     2.123
     2.153     2.183     2.213     2.244     2.274     2.305     2.335     2.364
     2.392     2.420     2.448     2.477     2.507     2.536     2.566     2.596
     2.627     2.659     2.691     2.723     2.756     2.789     2.822     2.856
     2.889     2.924     2.958     2.992     3.026     3.060     3.093     3.127
     3.163     3.199     3.237     3.276     3.315     3.354     3.393     3.432
     3.471     3.510     3.549     3.588     3.626     3.664     3.702     3.740
     3.778     3.815     3.850     3.884     3.918     3.950     3.982     4.013
     4.044     4.075     4.106     4.136     4.166     4.196     4.225     4.253
     4.280     4.305     4.328     4.351     4.373     4.395     4.418     4.440
     4.463     4.487     4.510     4.532     4.553     4.573     4.591     4.606
     4.619     4.630     4.637     4.643     4.648     4.653     4.659     4.668
     4.678     4.690     4.701     4.713     4.723     4.732     4.740     4.746
     4.751     4.754     4.756     4.757     4.757     4.756     4.755     4.752
     4.747     4.739     4.727     4.711     4.692     4.669     4.644     4.616
     4.586     4.555     4.524     4.493     4.462     4.432     4.403     4.376
     4.352     4.331     4.313     4.297     4.283     4.268     4.254     4.239
     4.221     4.200     4.174     4.142     4.103     4.057     4.004     3.944
     3.877     3.802     3.721     3.632     3.536     3.433     3.323     3.206
     3.082     2.954     2.822     2.687     2.552     2.415     2.280     2.147
     2.017     1.890     1.767     1.646     1.529     1.415     1.302     1.189
     1.076      .959      .839      .712      .580      .441      .298      .152
      .004     -.144     -.291     -.437     -.579     -.718     -.851     -.977
    -1.095    -1.203    -1.300    -1.387    -1.463    -1.530    -1.587    -1.638
    -1.683    -1.725    -1.765    -1.808    -1.853    -1.902    -1.958    -2.021
    -2.093    -2.174    -2.266    -2.368    -2.479    -2.600    -2.729    -2.865
    -3.009    -3.159    -3.316    -3.477    -3.642    -3.810    -3.981    -4.153
    -4.326    -4.502    -4.683    -4.872    -5.070    -5.277    -5.494    -5.722
    -5.959    -6.206    -6.462    -6.724    -6.993    -7.268    -7.550    -7.838
    -8.131    -8.427    -8.726    -9.026    -9.324    -9.618    -9.906   -10.187
   -10.461   -10.729   -10.994   -11.259   -11.527   -11.799   -12.075   -12.355
   -12.637   -12.923   -13.211   -13.500   -13.786   -14.065   -14.334   -14.590
   -14.829   -15.050   -15.251   -15.429   -15.584   -15.715   -15.821   -15.903
   -15.961   -15.997   -16.012   -16.010   -15.996   -15.977   -15.961   -15.954
   -15.958   -15.975   -16.000   -16.024   -16.039   -16.040   -16.023   -15.986
   -15.927   -15.843   -15.733   -15.596   -15.431   -15.237   -15.016   -14.767
   -14.494   -14.197   -13.880   -13.546   -13.197   -12.836   -12.465   -12.084
   -11.696   -11.300   -10.899   -10.491   -10.080    -9.666    -9.250    -8.833
    -8.417    -8.002    -7.589    -7.179    -6.770    -6.365    -5.966    -5.573
    -5.189    -4.817    -4.459    -4.118    -3.798    -3.499    -3.224    -2.975
    -2.750    -2.546    -2.358    -2.182    -2.017    -1.862    -1.715    -1.576
    -1.444    -1.319    -1.203    -1.097    -1.003     -.920     -.846     -.781
     -.720     -.662     -.603     -.539     -.468     -.391     -.308     -.224
     -.144     -.072     -.010      .039      .072      .088      .086      .068
      .033     -.016     -.078     -.152     -.236     -.328     -.427     -.530
     -.635     -.739     -.839     -.932    -1.014    -1.084    -1.140    -1.185
    -1.219    -1.246    -1.267    -1.282    -1.293    -1.299    -1.300    -1.297
    -1.287    -1.272    -1.251    -1.224    -1.192    -1.155    -1.114    -1.070
    -1.027     -.986     -.951     -.922     -.899     -.883     -.873     -.867
     -.864     -.865     -.869     -.876     -.886     -.900     -.917     -.938
     -.961     -.984    -1.004    -1.018    -1.024    -1.024    -1.019    -1.010
     -.999     -.987     -.974     -.959     -.940     -.912     -.871     -.811
     -.730     -.626     -.498     -.350     -.184     -.004      .190      .396
      .612      .836     1.065     1.295     1.524     1.749     1.968     2.180
     2.388     2.594     2.803     3.018     3.242     3.478     3.728     3.990
     4.264     4.544     4.826     5.105     5.379     5.643     5.893     6.128
     6.344     6.540     6.716     6.874     7.014     7.137     7.244     7.333
     7.406     7.461     7.500     7.521     7.526     7.516     7.490     7.451
     7.399     7.340     7.279     7.221     7.174     7.140     7.122     7.120
     7.135     7.166     7.212     7.270     7.341     7.420     7.507     7.597
     7.691     7.787     7.885     7.987     8.090     8.192     8.291     8.384
     8.468     8.544     8.612     8.673     8.728     8.777     8.820     8.856
     8.886     8.909     8.926     8.936     8.940     8.937     8.927     8.909
     8.883     8.849     8.807     8.756     8.696     8.627     8.546     8.455
     8.352     8.237     8.112     7.976     7.828     7.670     7.501     7.323
     7.140     6.959     6.788     6.634     6.502     6.396     6.316     6.263
     6.232     6.219     6.217     6.221     6.229     6.239     6.250     6.261
     6.274     6.289     6.307     6.330     6.358     6.390     6.427     6.469
     6.514     6.560     6.603     6.642     6.678     6.713     6.749     6.788
     6.830     6.872     6.915     6.956     6.996     7.035     7.072     7.109
     7.147     7.186     7.227     7.274     7.328     7.393     7.472     7.567
     7.679     7.807     7.952     8.111     8.285     8.472     8.671     8.880
     9.099     9.323     9.550     9.776     9.999    10.214    10.419    10.611
    10.789    10.949    11.092    11.216    11.320    11.404    11.467    11.510
    11.532    11.534    11.516    11.477    11.418    11.338    11.239    11.122
    10.989    10.843    10.686    10.521    10.351    10.178    10.005     9.833
     9.665     9.502     9.345     9.195     9.050     8.907     8.762     8.611
     8.448     8.272     8.078     7.865     7.631     7.374     7.095     6.793
     6.470     6.127     5.766     5.388     4.997     4.595     4.186     3.776
     3.367     2.964     2.569     2.186     1.817     1.465     1.132      .820
      .530      .264      .022     -.197     -.395     -.571     -.729     -.868
     -.993    -1.104    -1.205    -1.298    -1.388    -1.477    -1.571    -1.671
    -1.780    -1.901    -2.035    -2.183    -2.343    -2.515    -2.695    -2.884
    -3.077    -3.274    -3.473    -3.670    -3.863    -4.051    -4.232    -4.401
    -4.558    -4.700    -4.827    -4.936    -5.029    -5.103    -5.161    -5.203
    -5.229    -5.242    -5.244    -5.239    -5.229    -5.218    -5.208    -5.203
    -5.204    -5.212    -5.226    -5.247    -5.271    -5.297    -5.323    -5.345
    -5.363    -5.373    -5.374    -5.362    -5.337    -5.298    -5.243    -5.175
    -5.095    -5.005    -4.907    -4.803    -4.694    -4.583    -4.471    -4.360
    -4.250    -4.142    -4.036    -3.933    -3.831    -3.731    -3.632    -3.535
    -3.439    -3.344    -3.249    -3.152    -3.055    -2.955    -2.852    -2.747
    -2.637    -2.522    -2.403    -2.278    -2.148    -2.013    -1.873    -1.729
    -1.581    -1.433    -1.285    -1.139     -.998     -.861     -.729     -.604
     -.485     -.374     -.270     -.173     -.084     -.002      .073      .141
      .203      .259      .310      .357      .398      .433      .460      .482
      .496      .503      .501      .488      .464      .433      .398      .361
      .325      .289      .255      .224      .195      .169      .145      .121
      .097      .073      .047      .020     -.009     -.040     -.072     -.107
     -.143     -.181     -.219     -.257     -.296     -.336     -.378     -.423
     -.472     -.526     -.585     -.650     -.721     -.796     -.876     -.958
    -1.042    -1.127    -1.214    -1.302    -1.392    -1.482    -1.573    -1.664
    -1.754    -1.844    -1.931    -2.016    -2.099    -2.178    -2.255    -2.329
    -2.401    -2.471    -2.540    -2.610    -2.681    -2.754    -2.829    -2.907
    -2.987    -3.071    -3.156    -3.241    -3.325    -3.406    -3.482    -3.554
    -3.621    -3.684    -3.743    -3.800    -3.855    -3.909    -3.961    -4.011
    -4.059    -4.104    -4.147    -4.186    -4.220    -4.251    -4.276    -4.297
    -4.312    -4.323    -4.329    -4.331    -4.332    -4.332    -4.333    -4.338
    -4.346    -4.359    -4.377    -4.398    -4.425    -4.455    -4.491    -4.532
    -4.578    -4.628    -4.684    -4.744    -4.808    -4.876    -4.948    -5.023
    -5.102    -5.185    -5.270    -5.359    -5.451    -5.546    -5.644    -5.745
    -5.848    -5.951    -6.054    -6.156    -6.256    -6.352    -6.443    -6.530
    -6.611    -6.686    -6.755    -6.817    -6.873    -6.923    -6.968    -7.009
    -7.045    -7.077    -7.106    -7.132    -7.155    -7.175    -7.195    -7.214
    -7.234    -7.257    -7.283    -7.314    -7.350    -7.392    -7.440    -7.493
    -7.552    -7.616    -7.685    -7.758    -7.837    -7.918    -8.003    -8.090
    -8.177    -8.265    -8.352    -8.440    -8.528    -8.616    -8.703    -8.790
    -8.875    -8.956    -9.033    -9.105    -9.170    -9.228    -9.277    -9.319
    -9.353    -9.380    -9.399    -9.411    -9.417    -9.417    -9.412    -9.402
    -9.388    -9.371    -9.352    -9.331    -9.307    -9.280    -9.250    -9.215
    -9.174    -9.128    -9.075    -9.016    -8.951    -8.881    -8.804    -8.723
    -8.636    -8.545    -8.450    -8.350    -8.246    -8.138    -8.026    -7.910
    -7.790    -7.665    -7.536    -7.403    -7.265    -7.125    -6.982    -6.839
    -6.695    -6.552    -6.411    -6.271    -6.133    -5.997    -5.862    -5.727
    -5.592    -5.457    -5.320    -5.182    -5.042    -4.901    -4.757    -4.612
    -4.466    -4.319    -4.172    -4.025    -3.878    -3.733    -3.590    -3.448
    -3.308    -3.170    -3.034    -2.901    -2.769    -2.641    -2.515    -2.392
    -2.273    -2.158    -2.046    -1.937    -1.832    -1.729    -1.629    -1.530
    -1.433    -1.336    -1.240    -1.143    -1.046     -.949     -.851     -.753
     -.656     -.560     -.464     -.370     -.277     -.186     -.097     -.009
      .077      .161      .244      .327      .409      .491      .572      .654
      .736      .818      .900      .981     1.061     1.140     1.217     1.292
     1.364     1.434     1.500     1.562     1.621     1.676     1.727     1.775
     1.820     1.862     1.902     1.939     1.973     2.004     2.032     2.057
     2.078     2.097     2.115     2.132     2.150     2.170     2.192     2.216
     2.243     2.273     2.306     2.342     2.380     2.421     2.464     2.510
     2.556     2.605     2.655     2.707     2.760     2.814     2.868     2.920
     2.971     3.020     3.066     3.108     3.146     3.181     3.213     3.243
     3.270     3.295     3.319     3.343     3.367     3.393     3.422     3.453
     3.487     3.524     3.563     3.605     3.649     3.694     3.739     3.783
     3.826     3.867     3.905     3.940     3.971     3.998     4.022     4.042
     4.058     4.071     4.080     4.087     4.091     4.096     4.101     4.108
     4.118     4.131     4.149     4.170     4.195     4.222     4.251     4.281
     4.311     4.340     4.368     4.395     4.419     4.441     4.460     4.475
     4.487     4.495     4.499     4.499     4.495     4.488     4.477     4.462
     4.445     4.426     4.404     4.380     4.354     4.327     4.300     4.273
     4.247     4.225     4.205     4.189     4.177     4.169     4.164     4.162
     4.162     4.162     4.164     4.165     4.166     4.165     4.163     4.159
     4.152     4.142     4.130     4.113     4.094     4.073     4.050     4.027
     4.004     3.984     3.966     3.952     3.941     3.934     3.931     3.933
     3.940     3.954     3.974     4.002     4.038     4.083     4.138     4.202
     4.277     4.360     4.451     4.548     4.650     4.755     4.862     4.969
     5.073     5.175     5.273     5.366     5.454     5.537     5.616     5.690
     5.760     5.827     5.892     5.954     6.014     6.072     6.127     6.181
     6.232     6.280     6.327     6.371     6.413     6.454     6.493     6.531
     6.567     6.603     6.639     6.675     6.712     6.751     6.791     6.832
     6.875     6.918     6.961     7.004     7.044     7.083     7.118     7.150
     7.179     7.205     7.228     7.247     7.265     7.281     7.294     7.307
     7.318     7.327     7.334     7.339     7.342     7.341     7.338     7.332
     7.321     7.308     7.290     7.268     7.243     7.214     7.180     7.143
     7.102     7.058     7.011     6.962     6.909     6.855     6.798     6.739
     6.679     6.617     6.555     6.491     6.428     6.363     6.297     6.230
     6.162     6.092     6.020     5.946     5.870     5.791     5.712     5.631
     5.548     5.465     5.382     5.297     5.212     5.127     5.042     4.957
     4.874     4.791     4.711     4.632     4.556     4.482     4.410     4.339
     4.271     4.203     4.138     4.074     4.012     3.952     3.894     3.839
     3.786     3.735     3.688     3.643     3.601     3.562     3.526     3.493
     3.463     3.436     3.411     3.389     3.369     3.350     3.332     3.315
     3.297     3.280     3.262     3.243     3.222     3.200     3.174     3.146
     3.115     3.080     3.041     2.999     2.953     2.902     2.849     2.791
     2.730     2.667     2.601     2.533     2.464     2.395     2.324     2.254
     2.183     2.112     2.040     1.968     1.895     1.821     1.745     1.668
     1.591     1.511     1.431     1.348     1.265     1.181     1.095     1.009
      .922      .835      .748      .661      .576      .492      .409      .328
      .248      .169      .092      .016     -.059     -.135     -.210     -.286
     -.362     -.439     -.517     -.596     -.676     -.756     -.838     -.920
    -1.003    -1.086    -1.170    -1.253    -1.336    -1.417    -1.496    -1.572
    -1.646    -1.717    -1.785    -1.848    -1.908    -1.963    -2.013    -2.058
    -2.098    -2.132    -2.161    -2.184    -2.202    -2.214    -2.221    -2.223
    -2.220    -2.213    -2.201    -2.187    -2.171    -2.153    -2.135    -2.118
    -2.102    -2.087    -2.075    -2.067    -2.062    -2.060    -2.062    -2.068
    -2.077    -2.089    -2.104    -2.122    -2.142    -2.164    -2.189    -2.215
    -2.242    -2.269    -2.296    -2.322    -2.347    -2.370    -2.391    -2.410
    -2.427    -2.443    -2.457    -2.471    -2.484    -2.497    -2.510    -2.523
    -2.537    -2.552    -2.567    -2.584    -2.603    -2.624    -2.646    -2.670
    -2.696    -2.724    -2.752    -2.781    -2.810    -2.839    -2.867    -2.894
    -2.919    -2.943    -2.964    -2.983    -2.999    -3.013    -3.025    -3.035
    -3.043    -3.051    -3.057    -3.064    -3.071    -3.079    -3.089    -3.099
    -3.112    -3.125    -3.141    -3.159    -3.179    -3.200    -3.224    -3.248
    -3.273    -3.299    -3.325    -3.352    -3.379    -3.407    -3.436    -3.465
    -3.496    -3.528    -3.562    -3.596    -3.631    -3.666    -3.702    -3.738
    -3.775    -3.812    -3.849    -3.886    -3.924    -3.962    -4.001    -4.041
    -4.081    -4.121    -4.161    -4.201    -4.241    -4.281    -4.320    -4.358
    -4.395    -4.432    -4.467    -4.502    -4.537    -4.571    -4.606    -4.640
    -4.674    -4.709    -4.744    -4.779    -4.815    -4.852    -4.889    -4.927
    -4.965    -5.005    -5.047    -5.090    -5.134    -5.181    -5.230    -5.280
    -5.333    -5.389    -5.446    -5.505    -5.566    -5.628    -5.690    -5.753
    -5.815    -5.877    -5.937    -5.996    -6.054    -6.111    -6.168    -6.225
    -6.281    -6.339    -6.398    -6.458    -6.520    -6.585    -6.651    -6.720
    -6.791    -6.863    -6.937    -7.011    -7.085    -7.159    -7.232    -7.304
    -7.374    -7.443    -7.510    -7.575    -7.638    -7.699    -7.759    -7.816
    -7.870    -7.923    -7.972    -8.020    -8.064    -8.106    -8.146    -8.184
    -8.219    -8.253    -8.286    -8.317    -8.348    -8.379    -8.409    -8.440
    -8.470    -8.500    -8.530    -8.560    -8.588    -8.614    -8.639    -8.660
    -8.679    -8.694    -8.706    -8.713    -8.716    -8.714    -8.707    -8.696
    -8.679    -8.658    -8.632    -8.602    -8.568    -8.529    -8.486    -8.440
    -8.390    -8.337    -8.281    -8.221    -8.158    -8.092    -8.023    -7.951
    -7.875    -7.796    -7.713    -7.625    -7.533    -7.436    -7.334    -7.227
    -7.115    -6.998    -6.875    -6.748    -6.617    -6.481    -6.342    -6.200
    -6.056    -5.909    -5.760    -5.610    -5.458    -5.306    -5.153    -5.000
    -4.847    -4.694    -4.542    -4.391    -4.240    -4.092    -3.945    -3.800
    -3.658    -3.518    -3.382    -3.248    -3.118    -2.990    -2.864    -2.741
    -2.619    -2.499    -2.379    -2.259    -2.139    -2.018    -1.896    -1.774
    -1.650    -1.524    -1.398    -1.271    -1.144    -1.017     -.891     -.765
     -.641     -.517     -.396     -.275     -.156     -.039      .077      .192
      .305      .416      .525      .632      .738      .841      .943     1.043
     1.140     1.236     1.330     1.421     1.511     1.599     1.686     1.772
     1.857     1.942     2.027     2.111     2.196     2.280     2.364     2.447
     2.530     2.611     2.689     2.766     2.840     2.911     2.980     3.047
     3.112     3.174     3.235     3.295     3.353     3.409     3.465     3.519
     3.571     3.622     3.672     3.722     3.771     3.820     3.869     3.918
     3.967     4.018     4.068     4.120     4.171     4.223     4.275     4.326
     4.377     4.427     4.477     4.525     4.573     4.619     4.664     4.708
     4.751     4.793     4.834     4.873     4.911     4.948     4.983     5.017
     5.049     5.080     5.109     5.137     5.165     5.191     5.217     5.244
     5.270     5.296     5.324     5.351     5.380     5.409     5.439     5.470
     5.501     5.533     5.566     5.598     5.631     5.663     5.695     5.726
     5.758     5.789     5.820     5.852     5.883     5.915     5.947     5.979
     6.011     6.042     6.074     6.104     6.135     6.165     6.194     6.224
     6.253     6.282     6.311     6.339     6.367     6.395     6.422     6.449
     6.475     6.500     6.524     6.547     6.569     6.590     6.610     6.629
     6.648     6.666     6.683     6.699     6.715     6.730     6.745     6.758
     6.772     6.785     6.797     6.808     6.819     6.829     6.837     6.845
     6.851     6.855     6.857     6.857     6.855     6.850     6.844     6.836
     6.827     6.815     6.803     6.789     6.774     6.757     6.738     6.717
     6.694     6.669     6.642     6.612     6.581     6.547     6.511     6.474
     6.436     6.396     6.355     6.313     6.270     6.225     6.179     6.131
     6.081     6.029     5.976     5.920     5.862     5.802     5.740     5.677
     5.613     5.547     5.479     5.411     5.343     5.275     5.207     5.140
     5.074     5.009     4.945     4.883     4.821     4.762     4.703     4.647
     4.591     4.538     4.485     4.434     4.384     4.335     4.286     4.238
     4.189     4.141     4.092     4.044     3.995     3.947     3.898     3.849
     3.799     3.750     3.701     3.653     3.605     3.558     3.512     3.467
     3.422     3.377     3.333     3.289     3.246     3.202     3.158     3.114
     3.070     3.026     2.981     2.937     2.892     2.847     2.800     2.753
     2.704     2.653     2.601     2.546     2.490     2.431     2.371     2.309
     2.246     2.182     2.117     2.053     1.988     1.923     1.860     1.797
     1.735     1.674     1.615     1.556     1.498     1.441     1.384     1.327
     1.270     1.213     1.155     1.097     1.038      .978      .918      .857
      .796      .734      .673      .612      .551      .490      .430      .369
      .309      .249      .190      .130      .072      .013     -.045     -.102
     -.159     -.216     -.273     -.329     -.385     -.441     -.496     -.551
     -.606     -.660     -.714     -.768     -.821     -.875     -.928     -.981
    -1.035    -1.088    -1.142    -1.195    -1.248    -1.300    -1.352    -1.402
    -1.451    -1.499    -1.545    -1.589    -1.632    -1.673    -1.713    -1.751
    -1.788    -1.824    -1.858    -1.892    -1.926    -1.959    -1.991    -2.024
    -2.057    -2.090    -2.124    -2.158    -2.192    -2.226    -2.261    -2.297
    -2.334    -2.372    -2.410    -2.449    -2.488    -2.527    -2.566    -2.605
    -2.642    -2.678    -2.713    -2.747    -2.780    -2.811    -2.840    -2.869
    -2.897    -2.924    -2.950    -2.976    -3.002    -3.028    -3.055    -3.082
    -3.109    -3.138    -3.167    -3.197    -3.228    -3.260    -3.292    -3.326
    -3.360    -3.394    -3.429    -3.464    -3.499    -3.534    -3.568    -3.601
    -3.633    -3.665    -3.695    -3.724    -3.752    -3.779    -3.804    -3.829
    -3.852    -3.874    -3.895    -3.915    -3.934    -3.952    -3.969    -3.985
    -3.999    -4.012    -4.024    -4.035    -4.045    -4.054    -4.062    -4.069
    -4.075    -4.080    -4.084    -4.087    -4.089    -4.089    -4.089    -4.087
    -4.084    -4.081    -4.077    -4.071    -4.065    -4.057    -4.049    -4.039
    -4.029    -4.018    -4.006    -3.993    -3.980    -3.966    -3.951    -3.937
    -3.921    -3.905    -3.889    -3.871    -3.853    -3.833    -3.813    -3.791
    -3.768    -3.744    -3.718    -3.691    -3.664    -3.635    -3.605    -3.574
    -3.543    -3.512    -3.480    -3.448    -3.416    -3.384    -3.353    -3.322
    -3.292    -3.263    -3.236    -3.210    -3.185    -3.162    -3.140    -3.118
    -3.098    -3.077    -3.057    -3.038    -3.019    -3.000    -2.981    -2.962
    -2.943    -2.924    -2.905    -2.885    -2.864    -2.843    -2.822    -2.799
    -2.776    -2.753    -2.730    -2.706    -2.683    -2.660    -2.637    -2.615
    -2.594    -2.573    -2.552    -2.531    -2.511    -2.490    -2.470    -2.451
    -2.431    -2.412    -2.392    -2.373    -2.353    -2.334    -2.315    -2.295
    -2.276    -2.257    -2.237    -2.218    -2.198    -2.178    -2.158    -2.136
    -2.114    -2.091    -2.067    -2.041    -2.014    -1.985    -1.954    -1.923
    -1.889    -1.855    -1.819    -1.781    -1.743    -1.703    -1.663    -1.622
    -1.579    -1.537    -1.494    -1.451    -1.407    -1.364    -1.321    -1.279
    -1.237    -1.197    -1.158    -1.120    -1.083    -1.048    -1.014     -.981
     -.949     -.919     -.890     -.862     -.835     -.809     -.784     -.759
     -.734     -.709     -.684     -.658     -.631     -.604     -.576     -.548
     -.518     -.488     -.457     -.426     -.395     -.363     -.331     -.299
     -.268     -.236     -.205     -.174     -.144     -.114     -.084     -.055
     -.025      .004      .032      .060      .088      .116      .142      .169
      .194      .219      .243      .267      .289      .311      .333      .353
      .373      .393      .412      .431      .450      .469      .488      .507
      .526      .546      .566      .587      .608      .629      .652      .675
      .700      .725      .751      .777      .805      .833      .862      .892
      .923      .954      .986     1.018     1.051     1.083     1.116     1.148
     1.181     1.212     1.244     1.275     1.305     1.334     1.362     1.389
     1.414     1.438     1.461     1.482     1.501     1.518     1.534     1.549
     1.562     1.573     1.583     1.591     1.598     1.604     1.609     1.613
     1.615     1.617     1.617     1.617     1.616     1.615     1.612     1.610
     1.606     1.602     1.598     1.594     1.589     1.583     1.577     1.571
     1.565     1.558     1.551     1.543     1.536     1.528     1.519     1.510
     1.501     1.492     1.483     1.473     1.463     1.454     1.445     1.436
     1.427     1.418     1.410     1.401     1.392     1.383     1.374     1.365
     1.355     1.345     1.336     1.326     1.316     1.306     1.297     1.287
     1.278     1.269     1.261     1.254     1.247     1.242     1.237     1.234
     1.232     1.231     1.231     1.233     1.235     1.239     1.244     1.250
     1.257     1.266     1.275     1.285     1.296     1.306     1.317     1.328
     1.338     1.347     1.356     1.363     1.370     1.375     1.379     1.382
     1.384     1.385     1.385     1.383     1.381     1.378     1.373     1.368
     1.363     1.357     1.350     1.343     1.335     1.328     1.320     1.312
     1.304     1.295     1.286     1.278     1.268     1.259     1.249     1.238
     1.226     1.214     1.200     1.186     1.171     1.156     1.139     1.121
     1.102     1.081     1.059     1.036     1.011      .985      .959      .931
      .902      .873      .844      .814      .785      .755      .726      .697
      .669      .642      .615      .589      .564      .540      .517      .495
      .474      .454      .434      .415      .397      .379      .361      .343
      .326      .310      .294      .279      .264      .250      .237      .225
      .213      .202      .192      .183      .174      .166      .159      .152
      .147      .142      .139      .137      .135      .134      .134      .134
      .136      .138      .141      .145      .150      .155      .161      .167
      .172      .177      .182      .186      .188      .190      .191      .190
      .188      .185      .180      .175      .169      .163      .156      .149
      .142      .135      .129      .123      .118      .113      .109      .106
      .103      .101      .100      .100      .100      .101      .102      .104
      .107      .110      .113      .116      .119      .123      .126      .129
      .132      .135      .138      .141      .145      .148      .152      .157
      .162      .167      .172      .179      .185      .193      .201      .209
      .219      .229      .240      .251      .262      .273      .285      .296
      .306      .315      .324      .332      .339      .345      .350      .354
      .357      .359      .360      .361      .361      .360      .359      .358
      .357      .356      .355      .354      .354      .356      .358      .361
      .366      .371      .377      .385      .394      .403      .414      .426
      .439      .453      .468      .484      .501      .518      .536      .555
      .575      .594      .614      .634      .654      .673      .692      .710
      .727      .744      .759      .774      .788      .800      .812      .823
      .833      .842      .850      .857      .864      .869      .873      .877
      .879      .881      .881      .881      .880      .878      .875      .872
      .868      .863      .857      .850      .841      .832      .822      .810
      .798      .785      .771      .756      .740      .724      .707      .690
      .672      .655      .636      .617      .598      .579      .559      .538
      .517      .495      .473      .450      .427      .403      .379      .355
      .331      .307      .283      .259      .235      .212      .188      .164
      .140      .115      .089      .062      .034      .007     -.022     -.050
     -.079     -.107     -.134     -.162     -.188     -.214     -.240     -.266
     -.292     -.318     -.344     -.370     -.396     -.422     -.448     -.475
     -.501     -.527     -.553     -.579     -.606     -.633     -.661     -.689
     -.719     -.749     -.779     -.810     -.840     -.871     -.902     -.933
     -.962     -.992    -1.020    -1.047    -1.074    -1.099    -1.124    -1.148
    -1.171    -1.193    -1.214    -1.235    -1.256    -1.276    -1.295    -1.314
    -1.332    -1.350    -1.367    -1.383    -1.398    -1.413    -1.427    -1.441
    -1.454    -1.468    -1.481    -1.494    -1.507    -1.519    -1.530    -1.541
    -1.551    -1.561    -1.569    -1.576    -1.581    -1.585    -1.588    -1.589
    -1.589    -1.587    -1.585    -1.581    -1.576    -1.569    -1.562    -1.554
    -1.545    -1.535    -1.524    -1.513    -1.501    -1.488    -1.475    -1.462
    -1.449    -1.435    -1.420    -1.406    -1.390    -1.375    -1.359    -1.342
    -1.326    -1.309    -1.291    -1.274    -1.256    -1.239    -1.222    -1.205
    -1.189    -1.173    -1.157    -1.142    -1.127    -1.113    -1.099    -1.086
    -1.074    -1.062    -1.051    -1.041    -1.033    -1.025    -1.018    -1.013
    -1.008    -1.004    -1.001     -.998     -.997     -.995     -.995     -.995
     -.995     -.996     -.997     -.998     -.999    -1.000    -1.000     -.999
     -.998     -.996     -.993     -.989     -.985     -.980     -.976     -.971
     -.966     -.962     -.957     -.953     -.950     -.946     -.943     -.940
     -.937     -.933     -.930     -.926     -.921     -.915     -.909     -.902
     -.894     -.885     -.876     -.864     -.852     -.839     -.824     -.808
     -.790     -.771     -.750     -.728     -.705     -.680     -.655     -.629
     -.602     -.575     -.547     -.520     -.493     -.466     -.439     -.413
     -.387     -.362     -.337     -.313     -.290     -.267     -.246     -.225
     -.205     -.186     -.167     -.150     -.133     -.117     -.102     -.087
     -.073     -.059     -.046     -.034     -.023     -.012     -.003      .006
      .014      .020      .026      .031      .035      .039      .041      .043
      .044      .044      .044      .043      .043      .041      .040      .038
      .035      .032      .030      .027      .023      .020      .017      .014
      .010      .007      .005      .002      .000     -.001     -.003     -.004
     -.004     -.004     -.004     -.004     -.003     -.001      .001      .003
      .006      .010      .015      .020      .027      .036      .045      .055
      .067      .079      .093      .107      .122      .137      .153      .169
      .187      .205      .224      .244      .265      .287      .310      .334
      .359      .385      .411      .438      .465      .492      .519      .546
      .573      .601      .628      .655      .683      .711      .738      .766
      .793      .821      .848      .875      .902      .928      .954      .980
     1.005     1.030     1.054     1.078     1.101     1.124     1.146     1.167
     1.188     1.209     1.228     1.247     1.265     1.282     1.298     1.314
     1.329     1.343     1.356     1.368     1.380     1.391     1.402     1.413
     1.423     1.433     1.442     1.452     1.461     1.469     1.478     1.487
     1.495     1.503     1.510     1.517     1.523     1.529     1.534     1.537
     1.540     1.541     1.540     1.538     1.533     1.527     1.520     1.510
     1.498     1.485     1.470     1.453     1.435     1.416     1.396     1.375
     1.353     1.332     1.309     1.288     1.266     1.244     1.223     1.203
     1.184     1.166     1.148     1.131     1.116     1.101     1.087     1.074
     1.062     1.050     1.039     1.028     1.018     1.009      .999      .990
      .981      .972      .962      .952      .941      .930      .918      .906
      .893      .879      .864      .849      .834      .818      .801      .784
      .766      .748      .729      .709      .689      .669      .649      .628
      .607      .586      .565      .544      .522      .500      .478      .456
      .434      .412      .391      .369      .348      .327      .307      .287
      .268      .249      .231      .213      .196      .179      .162      .146
      .131      .116      .101      .087      .073      .059      .046      .033
      .020      .007     -.005     -.018     -.030     -.043     -.056     -.068
     -.081     -.093     -.105     -.117     -.129     -.140     -.151     -.162
     -.173     -.184     -.195     -.206     -.217     -.228     -.238     -.249
     -.259     -.269     -.279     -.287     -.296     -.303     -.310     -.316
     -.322     -.327     -.333     -.337     -.342     -.346     -.350     -.354
     -.357     -.361     -.364     -.367     -.370     -.373     -.375     -.377
     -.379     -.380     -.381     -.382     -.382     -.382     -.382     -.382
     -.381     -.380     -.378     -.376     -.374     -.371     -.368     -.364
     -.360     -.355     -.351     -.346     -.342     -.338     -.334     -.331
     -.327     -.324     -.322     -.319     -.316     -.313     -.310     -.307
     -.304     -.300     -.296     -.292     -.287     -.282     -.277     -.271
     -.265     -.259     -.252     -.244     -.236     -.228     -.219     -.209
     -.200     -.190     -.180     -.169     -.159     -.149     -.138     -.128
     -.118     -.108     -.098     -.088     -.079     -.069     -.060     -.051
     -.042     -.033     -.025     -.016     -.008      .001      .009      .018
      .027      .036      .046      .055      .065      .076      .087      .098
      .109      .120      .132      .143      .154      .165      .175      .184
      .193      .201      .208      .214      .219      .222      .225      .226
      .227      .227      .227      .226      .224      .223      .221      .219
      .217      .215      .213      .212      .210      .209      .209      .209
      .210      .211      .213      .215      .218      .220      .223      .226
      .229      .232      .234      .236      .238      .240      .241      .242
      .243      .243      .243      .243      .242      .242      .241      .239
      .238      .236      .234      .232      .229      .227      .224      .221
      .218      .214      .210      .206      .201      .195      .189      .183
      .175      .167      .159      .149      .140      .129      .118      .106
      .094      .081      .068      .055      .041      .027      .013     -.001
     -.014     -.028     -.041     -.054     -.066     -.079     -.091     -.102
     -.114     -.125     -.137     -.147     -.158     -.168     -.178     -.187
     -.197     -.205     -.213     -.222     -.230     -.238     -.245     -.254
     -.262     -.270     -.279     -.288     -.297     -.306     -.316     -.326
     -.336     -.346     -.357     -.367     -.378     -.388     -.399     -.410
     -.421     -.431     -.442     -.452     -.463     -.473     -.483     -.493
     -.503     -.514     -.524     -.535     -.545     -.556     -.567     -.578
     -.590     -.602     -.614     -.627     -.640     -.654     -.669     -.684
     -.699     -.715     -.732     -.750     -.768     -.786     -.806     -.826
     -.846     -.868     -.890     -.912     -.936     -.960     -.984    -1.009
    -1.034    -1.059    -1.085    -1.110    -1.137    -1.163    -1.189    -1.215
    -1.242    -1.269    -1.296    -1.323    -1.349    -1.376    -1.403    -1.430
    -1.456    -1.482    -1.507    -1.533    -1.557    -1.582    -1.607    -1.631
    -1.656    -1.680    -1.705    -1.729    -1.753    -1.778    -1.802    -1.826
    -1.850    -1.874    -1.898    -1.922    -1.944    -1.967    -1.989    -2.010
    -2.030    -2.049    -2.067    -2.084    -2.100    -2.114    -2.126    -2.137
    -2.146    -2.152    -2.158    -2.161    -2.162    -2.161    -2.158    -2.154
    -2.147    -2.139    -2.129    -2.118    -2.106    -2.092    -2.077    -2.060
    -2.043    -2.024    -2.005    -1.985    -1.964    -1.942    -1.919    -1.895
    -1.870    -1.844    -1.818    -1.791    -1.762    -1.732    -1.702    -1.669
    -1.636    -1.602    -1.566    -1.528    -1.489    -1.449    -1.408    -1.366
    -1.323    -1.280    -1.236    -1.192    -1.147    -1.102    -1.057    -1.011
     -.966     -.920     -.875     -.829     -.783     -.738     -.692     -.647
     -.602     -.558     -.513     -.469     -.425     -.381     -.337     -.293
     -.248     -.204     -.160     -.115     -.071     -.026      .018      .063
      .107      .151      .194      .237      .280      .322      .363      .403
      .443      .482      .520      .557      .593      .628      .662      .695
      .727      .758      .788      .817      .845      .873      .900      .926
      .953      .979     1.005     1.031     1.056     1.083     1.109     1.135
     1.162     1.189     1.216     1.243     1.271     1.298     1.325     1.353
     1.380     1.408     1.435     1.462     1.489     1.516     1.543     1.569
     1.594     1.619     1.643     1.667     1.690     1.712     1.733     1.754
     1.774     1.793     1.812     1.830     1.848     1.865     1.882     1.898
     1.913     1.928     1.942     1.956     1.969     1.982     1.994     2.006
     2.017     2.027     2.037     2.047     2.056     2.064     2.072     2.079
     2.086     2.091     2.096     2.100     2.104     2.106     2.108     2.109
     2.110     2.109     2.108     2.106     2.103     2.099     2.095     2.091
     2.086     2.080     2.073     2.066     2.058     2.049     2.040     2.029
     2.017     2.004     1.991     1.976     1.961     1.945     1.928     1.911
     1.893     1.874     1.855     1.836     1.816     1.795     1.773     1.751
     1.729     1.705     1.681     1.657     1.633     1.608     1.583     1.558
     1.531     1.505     1.478     1.452     1.425     1.398     1.371     1.344
     1.317     1.289     1.262     1.235     1.207     1.179     1.152     1.125
     1.097     1.071     1.044     1.019      .994      .970      .947      .924
      .902      .881      .860      .840      .820      .802      .784      .766
      .749      .732      .714      .697      .680      .662      .644      .626
      .608      .590      .571      .553      .534      .516      .497      .479
      .461      .442      .424      .405      .387      .368      .348      .328
      .308      .288      .267      .246      .225      .203      .181      .159
      .136      .113      .090      .066      .043      .019     -.005     -.029
     -.052     -.076     -.099     -.122     -.145     -.168     -.190     -.212
     -.234     -.256     -.278     -.300     -.322     -.344     -.366     -.389
     -.411     -.435     -.458     -.482     -.506     -.531     -.555     -.580
     -.604     -.629     -.652     -.676     -.698     -.720     -.742     -.762
     -.782     -.800     -.819     -.836     -.852     -.868     -.883     -.897
     -.910     -.923     -.935     -.947     -.958     -.968     -.978     -.987
     -.996    -1.003    -1.010    -1.017    -1.023    -1.028    -1.033    -1.037
    -1.040    -1.043    -1.046    -1.048    -1.049    -1.050    -1.051    -1.051
    -1.051    -1.051    -1.050    -1.048    -1.047    -1.045    -1.043    -1.040
    -1.037    -1.033    -1.030    -1.025    -1.021    -1.016    -1.011    -1.005
    -1.000     -.994     -.988     -.982     -.975     -.969     -.962     -.955
     -.948     -.941     -.933     -.926     -.919     -.912     -.906     -.899
     -.894     -.888     -.883     -.879     -.875     -.872     -.870     -.868
     -.868     -.868     -.869     -.870     -.872     -.875     -.878     -.882
     -.885     -.889     -.893     -.897     -.901     -.905     -.909     -.914
     -.918     -.921     -.925     -.929     -.932     -.935     -.938     -.941
     -.943     -.944     -.945     -.945     -.944     -.943     -.941     -.938
     -.934     -.929     -.924     -.917     -.910     -.902     -.892     -.881
     -.869     -.857     -.843     -.829     -.813     -.797     -.780     -.762
     -.743     -.722     -.701     -.678     -.655     -.630     -.606     -.581
     -.555     -.530     -.506     -.481     -.456     -.431     -.406     -.382
     -.358     -.335     -.313     -.291     -.270     -.249     -.229     -.209
     -.191     -.173     -.155     -.137     -.120     -.103     -.086     -.070
     -.054     -.038     -.022     -.006      .010      .026      .042      .058
      .074      .090      .106      .122      .138      .153      .169      .183
      .198      .212      .225      .238      .251      .263      .275      .286
      .298      .309      .320      .331      .342      .352      .362      .371
      .380      .389      .397      .405      .413      .420      .427      .434
      .441      .447      .454      .459      .465      .470      .475      .480
      .484      .489      .493      .497      .502      .506      .511      .516
      .521      .526      .531      .536      .540      .545      .549      .553
      .558      .561      .565      .569      .572      .576      .578      .581
      .582      .584      .585      .585      .585      .585      .584      .583
      .583      .582      .581      .581      .581      .582      .583      .585
      .587      .589      .592      .595      .599      .603      .608      .613
      .618      .623      .628      .632      .637      .642      .646      .651
      .656      .661      .666      .672      .678      .684      .690      .697
      .705      .712      .720      .728      .736      .745      .753      .762
      .771      .780      .788      .797      .805      .814      .822      .830
      .838      .846      .853      .860      .867      .873      .879      .885
      .890      .894      .898      .901      .904      .907      .909      .910
      .912      .913      .914      .914      .915      .916      .918      .920
      .922      .924      .928      .931      .935      .939      .943      .948
      .954      .960      .965      .972      .978      .984      .989      .994
      .999     1.002     1.005     1.007     1.009     1.010     1.010     1.009
     1.009     1.008     1.007     1.006     1.005     1.005     1.004     1.003
     1.003     1.002     1.001     1.000     1.000     1.000     1.001     1.002
     1.003     1.005     1.005     1.005     1.004     1.002     1.000      .997
      .993      .989      .984      .978      .971      .963      .954      .943
      .932      .919      .906      .892      .878      .863      .847      .831
      .813      .794      .774      .753      .732      .709      .686      .663
      .639      .615      .590      .565      .539      .513      .487      .460
      .432      .404      .375      .346      .318      .289      .262      .235
      .208      .183      .157      .131      .105      .079      .052      .025
     -.003     -.031     -.060     -.089     -.118     -.147     -.176     -.204
     -.231     -.258     -.285     -.311     -.338     -.364     -.390     -.416
     -.442     -.468     -.493     -.517     -.540     -.562     -.584     -.605
     -.626     -.646     -.666     -.686     -.705     -.725     -.744     -.763
     -.782     -.801     -.820     -.839     -.858     -.877     -.896     -.914
     -.932     -.949     -.966     -.983     -.999    -1.015    -1.031    -1.046
    -1.061    -1.076    -1.092    -1.107    -1.123    -1.139    -1.155    -1.171
    -1.187    -1.204    -1.220    -1.237    -1.254    -1.272    -1.290    -1.309
    -1.328    -1.347    -1.367    -1.387    -1.407    -1.426    -1.446    -1.465
    -1.484    -1.502    -1.520    -1.539    -1.557    -1.576    -1.594    -1.612
    -1.630    -1.647    -1.664    -1.681    -1.697    -1.713    -1.729    -1.743
    -1.756    -1.769    -1.781    -1.791    -1.801    -1.810    -1.818    -1.825
    -1.830    -1.835    -1.838    -1.840    -1.841    -1.842    -1.840    -1.839
    -1.836    -1.832    -1.827    -1.822    -1.816    -1.810    -1.803    -1.796
    -1.788    -1.780    -1.772    -1.763    -1.755    -1.745    -1.737    -1.727
    -1.718    -1.708    -1.698    -1.688    -1.677    -1.666    -1.654    -1.642
    -1.629    -1.617    -1.604    -1.590    -1.577    -1.564    -1.550    -1.537
    -1.523    -1.509    -1.495    -1.481    -1.466    -1.452    -1.437    -1.422
    -1.407    -1.393    -1.378    -1.363    -1.347    -1.332    -1.317    -1.301
    -1.286    -1.270    -1.255    -1.240    -1.225    -1.211    -1.197    -1.184
    -1.172    -1.160    -1.150    -1.140    -1.132    -1.124    -1.118    -1.112
    -1.107    -1.102    -1.099    -1.095    -1.092    -1.089    -1.087    -1.085
    -1.082    -1.080    -1.078    -1.075    -1.072    -1.068    -1.064    -1.058
    -1.052    -1.044    -1.036    -1.027    -1.018    -1.007     -.996     -.983
     -.970     -.957     -.942     -.927     -.912     -.895     -.878     -.861
     -.843     -.824     -.806     -.786     -.766     -.746     -.725     -.703
     -.681     -.657     -.633     -.609     -.583     -.557     -.530     -.503
     -.475     -.448     -.420     -.392     -.363     -.334     -.305     -.276
     -.246     -.216     -.185     -.154     -.123     -.092     -.061     -.030
      .001      .032      .063      .094      .126      .157      .189      .220
      .251      .282      .313      .343      .373      .402      .431      .459
      .487      .514      .540      .566      .591      .615      .638      .660
      .681      .702      .721      .740      .757      .774      .789      .803
      .816      .827      .838      .846      .854      .860      .866      .871
      .874      .877      .879      .881      .881      .882      .881      .880
      .878      .876      .873      .870      .866      .862      .857      .852
      .847      .841      .835      .828      .821      .814      .807      .799
      .791      .783      .774      .766      .757      .748      .740      .732
      .724      .716      .709      .702      .696      .691      .686      .682
      .679      .676      .674      .673      .672      .672      .673      .674
      .677      .679      .683      .687      .692      .698      .705      .713
      .721      .731      .742      .754      .767      .781      .797      .813
      .830      .848      .868      .887      .908      .929      .951      .973
      .996     1.018     1.040     1.062     1.084     1.105     1.126     1.146
     1.165     1.183     1.201     1.217     1.233     1.248     1.262     1.275
     1.288     1.300     1.311     1.322     1.332     1.342     1.352     1.360
     1.369     1.377     1.384     1.391     1.398     1.404     1.410     1.415
     1.419     1.423     1.426     1.428     1.429     1.429     1.428     1.426
     1.423     1.419     1.415     1.411     1.406     1.400     1.394     1.387
     1.380     1.373     1.366     1.358     1.350     1.341     1.333     1.324
     1.316     1.308     1.300     1.292     1.284     1.276     1.269     1.262
     1.254     1.246     1.239     1.231     1.222     1.214     1.206     1.197
     1.188     1.180     1.172     1.164     1.156     1.148     1.140     1.133
     1.125     1.118     1.110     1.102     1.095     1.087     1.079     1.072
     1.064     1.056     1.047     1.039     1.030     1.021     1.013     1.004
      .995      .986      .978      .969      .961      .952      .943      .934
      .925      .917      .908      .900      .892      .884      .876      .869
      .861      .854      .847      .840      .834      .827      .821      .814
      .809      .803      .798      .794      .790      .786      .783      .781
      .778      .775      .773      .770      .767      .765      .762      .759
      .756      .753      .751      .748      .746      .744      .741      .739
      .737      .734      .732      .730      .727      .725      .722      .719
      .716      .713      .710      .707      .703      .699      .695      .690
      .684      .678      .672      .664      .656      .646      .636      .626
      .614      .601      .588      .574      .559      .544      .528      .512
      .495      .478      .460      .442      .423      .404      .385      .366
      .347      .327      .307      .287      .266      .246      .225      .204
      .183      .162      .141      .120      .099      .079      .059      .039
      .020      .001     -.017     -.034     -.051     -.067     -.082     -.097
     -.111     -.124     -.137     -.150     -.162     -.173     -.184     -.195
     -.206     -.217     -.227     -.238     -.248     -.258     -.268     -.277
     -.287     -.296     -.305     -.314     -.323     -.331     -.340     -.348
     -.355     -.363     -.370     -.378     -.385     -.392     -.398     -.405
     -.411     -.417     -.423     -.429     -.435     -.441     -.447     -.453
     -.459     -.466     -.473     -.480     -.488     -.496     -.503     -.512
     -.519     -.527     -.535     -.542     -.549     -.556     -.563     -.570
     -.576     -.583     -.590     -.596     -.603     -.610     -.616     -.623
     -.630     -.637     -.643     -.650     -.658     -.665     -.672     -.680
     -.687     -.695     -.704     -.712     -.721     -.730     -.739     -.748
     -.758     -.768     -.778     -.789     -.800     -.811     -.823     -.836
     -.849     -.862     -.876     -.891     -.906     -.921     -.937     -.954
     -.971     -.988    -1.007    -1.025    -1.044    -1.063    -1.082    -1.102
    -1.121    -1.141    -1.160    -1.179    -1.198    -1.216    -1.234    -1.252
    -1.269    -1.285    -1.301    -1.317    -1.332    -1.346    -1.360    -1.373
    -1.385    -1.397    -1.409    -1.420    -1.431    -1.442    -1.453    -1.463
    -1.473    -1.482    -1.492    -1.501    -1.510    -1.519    -1.527    -1.535
    -1.543    -1.550    -1.557    -1.564    -1.570    -1.576    -1.581    -1.586
    -1.590    -1.594    -1.597    -1.599    -1.600    -1.601    -1.601    -1.601
    -1.600    -1.599    -1.597    -1.596    -1.593    -1.591    -1.589    -1.586
    -1.583    -1.580    -1.577    -1.574    -1.572    -1.569    -1.566    -1.563
    -1.560    -1.558    -1.555    -1.552    -1.549    -1.546    -1.543    -1.539
    -1.536    -1.532    -1.527    -1.523    -1.518    -1.512    -1.506    -1.499
    -1.492    -1.485    -1.477    -1.469    -1.460    -1.451    -1.441    -1.431
    -1.421    -1.410    -1.398    -1.386    -1.373    -1.360    -1.346    -1.332
    -1.316    -1.301    -1.285    -1.268    -1.251    -1.234    -1.217    -1.199
    -1.181    -1.163    -1.145    -1.126    -1.107    -1.087    -1.067    -1.047
    -1.026    -1.006     -.985     -.965     -.944     -.923     -.903     -.882
     -.862     -.841     -.820     -.799     -.778     -.757     -.736     -.715
     -.694     -.673     -.652     -.631     -.609     -.588     -.567     -.545
     -.524     -.502     -.480     -.459     -.437     -.415     -.393     -.371
     -.349     -.326     -.304     -.282     -.259     -.237     -.214     -.192
     -.169     -.146     -.123     -.100     -.077     -.054     -.031     -.009
      .014      .036      .058      .080      .102      .123      .145      .166
      .186      .206      .227      .246      .266      .286      .305      .324
      .344      .363      .382      .401      .421      .440      .459      .478
      .497      .516      .535      .553      .571      .590      .608      .625
      .643      .660      .677      .694      .711      .727      .743      .758
      .774      .790      .805      .821      .836      .852      .867      .882
      .897      .911      .925      .938      .951      .964      .976      .989
     1.002     1.015     1.029     1.043     1.058     1.074     1.090     1.106
     1.122     1.138     1.155     1.172     1.189     1.205     1.222     1.239
     1.256     1.274     1.291     1.309     1.327     1.345     1.364     1.382
     1.401     1.419     1.437     1.455     1.474     1.492     1.510     1.528
     1.546     1.565     1.583     1.602     1.621     1.639     1.658     1.676
     1.695     1.713     1.731     1.749     1.766     1.783     1.799     1.815
     1.830     1.844     1.858     1.871     1.883     1.893     1.904     1.913
     1.921     1.928     1.934     1.939     1.943     1.946     1.948     1.949
     1.948     1.947     1.945     1.942     1.939     1.934     1.929     1.922
     1.915     1.907     1.898     1.889     1.878     1.867     1.855     1.842
     1.828     1.814     1.800     1.785     1.769     1.753     1.736     1.719
     1.701     1.682     1.663     1.643     1.622     1.601     1.579     1.556
     1.533     1.509     1.484     1.459     1.434     1.408     1.381     1.354
     1.327     1.299     1.270     1.241     1.211     1.181     1.151     1.120
     1.089     1.057     1.025      .992      .959      .926      .892      .857
      .822      .787      .751      .715      .678      .641      .603      .566
      .528      .490      .452      .414      .376      .339      .301      .264
      .227      .190      .154      .118      .083      .048      .013     -.021
     -.055     -.089     -.122     -.155     -.187     -.219     -.251     -.282
     -.313     -.344     -.374     -.404     -.433     -.462     -.490     -.517
     -.544     -.570     -.595     -.619     -.643     -.666     -.689     -.711
     -.732     -.752     -.772     -.792     -.811     -.829     -.847     -.864
     -.881     -.898     -.914     -.929     -.945     -.960     -.975     -.990
    -1.004    -1.019    -1.033    -1.047    -1.062    -1.076    -1.090    -1.104
    -1.117    -1.131    -1.144    -1.157    -1.170    -1.183    -1.196    -1.208
    -1.220    -1.232    -1.244    -1.256    -1.267    -1.277    -1.288    -1.297
    -1.306    -1.315    -1.323    -1.331    -1.338    -1.345    -1.351    -1.356
    -1.361    -1.365    -1.369    -1.372    -1.375    -1.378    -1.380    -1.382
    -1.383    -1.384    -1.385    -1.385    -1.385    -1.386    -1.386    -1.385
    -1.385    -1.384    -1.383    -1.381    -1.379    -1.377    -1.374    -1.372
    -1.368    -1.365    -1.362    -1.358    -1.354    -1.349    -1.344    -1.339
    -1.334    -1.329    -1.322    -1.316    -1.309    -1.301    -1.292    -1.283
    -1.272    -1.261    -1.249    -1.235    -1.221    -1.205    -1.189    -1.171
    -1.152    -1.133    -1.112    -1.090    -1.068    -1.045    -1.021     -.997
     -.973     -.948     -.923     -.897     -.872     -.846     -.820     -.795
     -.769     -.744     -.718     -.693     -.668     -.643     -.618     -.593
     -.568     -.543     -.518     -.493     -.467     -.442     -.416     -.390
     -.365     -.339     -.314     -.288     -.263     -.238     -.213     -.189
     -.165     -.141     -.119     -.096     -.075     -.054     -.034     -.014
      .005      .023      .041      .057      .073      .089      .104      .117
      .131      .143      .155      .166      .176      .186      .195      .204
      .213      .220      .228      .235      .241      .247      .253      .258
      .262      .266      .270      .273      .275      .277      .278      .280
      .280      .281      .282      .282      .282      .282      .282      .282
      .282      .282      .281      .281      .280      .279      .278      .277
      .275      .273      .271      .269      .267      .264      .262      .259
      .256      .252      .249      .245      .241      .237      .234      .230
      .226      .223      .219      .216      .213      .210      .208      .206