-1.236    -1.257    -1.277    -1.298    -1.319    -1.340    -1.361    -1.382
    -1.403    -1.424    -1.445    -1.465    -1.486    -1.507    -1.528    -1.548
    -1.568    -1.589    -1.609    -1.629    -1.649    -1.669    -1.689    -1.710
    -1.730    -1.750    -1.770    -1.791    -1.811    -1.830    -1.850    -1.870
    -1.890    -1.910    -1.930    -1.950    -1.969    -1.989    -2.008    -2.027
    -2.046    -2.064    -2.083    -2.101    -2.119    -2.137    -2.155    -2.172
    -2.190    -2.207    -2.223    -2.240    -2.256    -2.272    -2.289    -2.305
    -2.321    -2.337    -2.352    -2.368    -2.382    -2.397    -2.411    -2.425
    -2.439    -2.453    -2.466    -2.479    -2.491    -2.504    -2.516    -2.527
    -2.538    -2.549    -2.560    -2.570    -2.580    -2.589    -2.599    -2.607
    -2.616    -2.624    -2.632    -2.641    -2.649    -2.656    -2.663    -2.670
    -2.676    -2.681    -2.686    -2.691    -2.695    -2.700    -2.704    -2.708
    -2.711    -2.715    -2.718    -2.721    -2.724    -2.726    -2.727    -2.728
    -2.728    -2.728    -2.728    -2.727    -2.727    -2.726    -2.724    -2.722
    -2.720    -2.717    -2.714    -2.711    -2.707    -2.704    -2.700    -2.695
    -2.690    -2.684    -2.678    -2.671    -2.664    -2.657    -2.648    -2.640
    -2.631    -2.621    -2.612    -2.602    -2.592    -2.581    -2.571    -2.559
    -2.547    -2.535    -2.522    -2.508    -2.494    -2.479    -2.464    -2.449
    -2.433    -2.417    -2.401    -2.385    -2.368    -2.351    -2.332    -2.314
    -2.295    -2.276    -2.257    -2.238    -2.218    -2.199    -2.178    -2.158
    -2.137    -2.115    -2.093    -2.071    -2.048    -2.025    -2.001    -1.978
    -1.954    -1.931    -1.906    -1.882    -1.856    -1.830    -1.803    -1.775
    -1.747    -1.718    -1.689    -1.659    -1.629    -1.598    -1.567    -1.535
    -1.503    -1.470    -1.436    -1.401    -1.365    -1.328    -1.291    -1.253
    -1.215    -1.176    -1.138    -1.098    -1.058    -1.018     -.976     -.934
     -.892     -.850     -.807     -.764     -.720     -.677     -.633     -.588
     -.542     -.496     -.450     -.403     -.356     -.308     -.260     -.212
     -.164     -.114     -.065     -.015      .036      .086      .137      .188
      .238      .289      .340      .390      .442      .493      .545      .598
      .652      .707      .763      .820      .878      .937      .995     1.053
     1.111     1.169     1.227     1.285     1.344     1.403     1.464     1.525
     1.586     1.648     1.709     1.770     1.831     1.891     1.952     2.013
     2.076     2.139     2.202     2.266     2.330     2.394     2.457     2.519
     2.582     2.643     2.705     2.767     2.829     2.891     2.954     3.017
     3.081     3.145     3.210     3.276     3.341     3.407     3.473     3.537
     3.602     3.665     3.729     3.793     3.858     3.924     3.990     4.056
     4.123     4.190     4.257     4.326     4.395     4.465     4.536     4.607
     4.678     4.749     4.818     4.888     4.957     5.025     5.095     5.164
     5.234     5.305     5.376     5.447     5.518     5.589     5.660     5.729
     5.797     5.864     5.930     5.995     6.061     6.126     6.192     6.258
     6.324     6.390     6.456     6.521     6.587     6.652     6.716     6.780
     6.843     6.905     6.966     7.026     7.086     7.145     7.204     7.263
     7.320     7.377     7.433     7.488     7.543     7.597     7.650     7.703
     7.755     7.808     7.860     7.911     7.962     8.013     8.063     8.113
     8.162     8.211     8.260     8.308     8.355     8.402     8.448     8.493
     8.537     8.581     8.626     8.672     8.717     8.763     8.808     8.854
     8.898     8.942     8.985     9.026     9.067     9.106     9.144     9.182
     9.220     9.257     9.293     9.328     9.364     9.399     9.435     9.471
     9.507     9.544     9.580     9.617     9.653     9.687     9.720     9.751
     9.780     9.807     9.832     9.855     9.876     9.896     9.915     9.934
     9.952     9.971     9.990    10.010    10.030    10.049    10.068    10.085
    10.102    10.119    10.134    10.148    10.162    10.174    10.184    10.194
    10.202    10.209    10.214    10.220    10.225    10.230    10.236    10.242
    10.248    10.255    10.260    10.264    10.267    10.268    10.268    10.267
    10.264    10.262    10.260    10.259    10.259    10.260    10.262    10.264
    10.266    10.268    10.269    10.270    10.269    10.267    10.263    10.258
    10.252    10.244    10.235    10.225    10.215    10.204    10.193    10.182
    10.170    10.159    10.149    10.138    10.128    10.116    10.103    10.089
    10.072    10.054    10.033    10.009     9.982     9.951     9.916     9.877
     9.835     9.790     9.744     9.697     9.648     9.597     9.543     9.487
     9.429     9.368     9.306     9.242     9.176     9.107     9.035     8.959
     8.879     8.794     8.705     8.614     8.520     8.422     8.319     8.212
     8.099     7.981     7.859     7.733     7.604     7.471     7.335     7.196
     7.053     6.908     6.761     6.614     6.467     6.320     6.173     6.027
     5.881     5.738     5.596     5.455     5.316     5.178     5.042     4.906
     4.770     4.630     4.486     4.337     4.181     4.019     3.850     3.673
     3.488     3.295     3.092     2.882     2.665     2.442     2.214     1.982
     1.746     1.505     1.261     1.011      .757      .497      .233     -.036
     -.307     -.581     -.858    -1.137    -1.421    -1.708    -1.999    -2.297
    -2.601    -2.915    -3.240    -3.579    -3.933    -4.303    -4.690    -5.091
    -5.507    -5.936    -6.375    -6.824    -7.280    -7.741    -8.205    -8.671
    -9.136    -9.597   -10.052   -10.500   -10.939   -11.368   -11.786   -12.191
   -12.583   -12.960   -13.325   -13.680   -14.029   -14.376   -14.725   -15.079
   -15.441   -15.812   -16.194   -16.585   -16.983   -17.383   -17.781   -18.174
   -18.559   -18.930   -19.286   -19.624   -19.941   -20.238   -20.513   -20.767
   -20.999   -21.209   -21.399   -21.572   -21.729   -21.873   -22.005   -22.125
   -22.233   -22.328   -22.409   -22.476   -22.530   -22.570   -22.599   -22.618
   -22.630   -22.641   -22.652   -22.665   -22.681   -22.699   -22.720   -22.744
   -22.775   -22.811   -22.852   -22.896   -22.939   -22.979   -23.014   -23.042
   -23.063   -23.078   -23.087   -23.090   -23.085   -23.073   -23.054   -23.027
   -22.995   -22.960   -22.924   -22.891   -22.863   -22.845   -22.841   -22.854
   -22.886   -22.939   -23.011   -23.103   -23.213   -23.342   -23.488   -23.651
   -23.828   -24.017   -24.217   -24.425   -24.636   -24.850   -25.063   -25.275
   -25.486   -25.695   -25.904   -26.113   -26.321   -26.528   -26.732   -26.931
   -27.123   -27.308   -27.483   -27.650   -27.809   -27.959   -28.103   -28.241
   -28.375   -28.505   -28.632   -28.756   -28.875   -28.989   -29.098   -29.200
   -29.294   -29.378   -29.449   -29.506   -29.545   -29.566   -29.565   -29.542
   -29.494   -29.421   -29.323   -29.199   -29.051   -28.879   -28.686   -28.471
   -28.236   -27.982   -27.708   -27.416   -27.105   -26.775   -26.427   -26.061
   -25.677   -25.275   -24.855   -24.417   -23.961   -23.486   -22.992   -22.481
   -21.951   -21.403   -20.839   -20.257   -19.658   -19.044   -18.415   -17.770
   -17.112   -16.440   -15.755   -15.059   -14.352   -13.635   -12.909   -12.173
   -11.430   -10.679    -9.922    -9.158    -8.389    -7.614    -6.834    -6.050
    -5.261    -4.468    -3.670    -2.868    -2.063    -1.255     -.445      .366
     1.179     1.993     2.808     3.623     4.439     5.255     6.070     6.885
     7.698     8.507     9.312    10.110    10.900    11.679    12.447    13.201
    13.942    14.670    15.383    16.081    16.765    17.433    18.086    18.722
    19.342    19.944    20.529    21.095    21.641    22.167    22.672    23.156
    23.617    24.056    24.471    24.863    25.233    25.579    25.901    26.201
    26.477    26.730    26.961    27.170    27.357    27.523    27.667    27.791
    27.893    27.974    28.035    28.076    28.098    28.102    28.087    28.054
    28.003    27.934    27.845    27.736    27.607    27.456    27.285    27.094
    26.882    26.653    26.406    26.143    25.865    25.573    25.266    24.946
    24.614    24.269    23.913    23.546    23.170    22.783    22.389    21.986
    21.576    21.160    20.737    20.308    19.872    19.430    18.981    18.527
    18.068    17.603    17.135    16.665    16.194    15.724    15.257    14.795
    14.339    13.890    13.451    13.022    12.603    12.197    11.805    11.426
    11.063    10.715    10.383    10.066     9.764     9.473     9.194     8.924
     8.663     8.408     8.159     7.915     7.676     7.441     7.211     6.986
     6.769     6.559     6.358     6.167     5.988     5.822     5.669     5.529
     5.404     5.292     5.195     5.113     5.046     4.994     4.958     4.939
     4.938     4.955     4.991     5.046     5.121     5.214     5.325     5.453
     5.596     5.753     5.923     6.104     6.297     6.500     6.713     6.935
     7.163     7.395     7.628     7.860     8.089     8.313     8.530     8.737
     8.934     9.121     9.296     9.460     9.614     9.759     9.896    10.024
    10.145    10.258    10.364    10.463    10.553    10.637    10.713    10.781
    10.842    10.897    10.945    10.987    11.023    11.053    11.076    11.091
    11.096    11.089    11.069    11.032    10.979    10.908    10.819    10.711
    10.586    10.443    10.284    10.108     9.915     9.704     9.474     9.226
     8.958     8.668     8.358     8.026     7.673     7.299     6.904     6.488
     6.053     5.600     5.128     4.639     4.133     3.613     3.080     2.536
     1.983     1.423      .858      .290     -.278     -.845    -1.409    -1.969
    -2.523    -3.072    -3.614    -4.150    -4.680    -5.206    -5.728    -6.249
    -6.770    -7.292    -7.815    -8.340    -8.865    -9.392    -9.919   -10.444
   -10.966   -11.484   -11.997   -12.502   -13.000   -13.488   -13.967   -14.434
   -14.888   -15.327   -15.749   -16.151   -16.531   -16.889   -17.222   -17.531
   -17.816   -18.076   -18.314   -18.529   -18.722   -18.893   -19.043   -19.172
   -19.280   -19.368   -19.433   -19.478   -19.500   -19.499   -19.476   -19.429
   -19.359   -19.265   -19.148   -19.008   -18.845   -18.659   -18.451   -18.222
   -17.971   -17.698   -17.403   -17.087   -16.750   -16.392   -16.013   -15.612
   -15.191   -14.749   -14.286   -13.802   -13.299   -12.777   -12.236   -11.679
   -11.105   -10.516    -9.913    -9.298    -8.671    -8.033    -7.385    -6.728
    -6.062    -5.388    -4.707    -4.019    -3.327    -2.632    -1.936    -1.239
     -.545      .146      .833     1.514     2.190     2.859     3.522     4.176
     4.821     5.456     6.078     6.688     7.284     7.864     8.428     8.976
     9.507    10.023    10.523    11.010    11.486    11.951    12.406    12.852
    13.288    13.714    14.128    14.531    14.922    15.299    15.663    16.012
    16.347    16.667    16.970    17.253    17.517    17.757    17.973    18.165
    18.331    18.473    18.591    18.684    18.755    18.802    18.830    18.837
    18.825    18.795    18.750    18.687    18.608    18.510    18.395    18.262
    18.109    17.935    17.742    17.529    17.298    17.049    16.783    16.501
    16.206    15.895    15.570    15.231    14.881    14.521    14.155    13.784
    13.410    13.033    12.653    12.271    11.887    11.504    11.121    10.741
    10.364     9.990     9.620     9.253     8.891     8.533     8.180     7.831
     7.488     7.151     6.821     6.499     6.184     5.878     5.579     5.288
     5.005     4.728     4.459     4.196     3.938     3.685     3.437     3.192
     2.949     2.708     2.467     2.227     1.987     1.747     1.506     1.264
     1.022      .780      .538      .297      .057     -.181     -.416     -.648
     -.875    -1.096    -1.309    -1.513    -1.705    -1.886    -2.053    -2.205
    -2.342    -2.464    -2.570    -2.661    -2.736    -2.795    -2.839    -2.868
    -2.882    -2.882    -2.867    -2.838    -2.796    -2.741    -2.673    -2.593
    -2.500    -2.394    -2.276    -2.146    -2.004    -1.853    -1.693    -1.526
    -1.351    -1.171     -.987     -.797     -.603     -.406     -.205     -.003
      .202      .407      .612      .817     1.022     1.225     1.428     1.629
     1.829     2.027     2.223     2.417     2.608     2.796     2.981     3.163
     3.342     3.517     3.690     3.861     4.029     4.195     4.359     4.522
     4.683     4.844     5.003     5.162     5.319     5.474     5.627     5.777
     5.923     6.064     6.198     6.326     6.445     6.556     6.659     6.751
     6.833     6.905     6.966     7.015     7.052     7.075     7.086     7.082
     7.065     7.033     6.986     6.922     6.842     6.745     6.630     6.498
     6.348     6.181     5.997     5.795     5.577     5.344     5.094     4.830
     4.551     4.259     3.956     3.641     3.317     2.984     2.645     2.298
     1.945     1.587     1.222      .851      .476      .094     -.292     -.683
    -1.078    -1.479    -1.885    -2.295    -2.710    -3.130    -3.554    -3.982
    -4.414    -4.849    -5.287    -5.727    -6.169    -6.613    -7.057    -7.501
    -7.944    -8.386    -8.826    -9.263    -9.697   -10.127   -10.554   -10.978
   -11.397   -11.813   -12.225   -12.633   -13.037   -13.437   -13.832   -14.221
   -14.604   -14.981   -15.351   -15.712   -16.065   -16.408   -16.740   -17.061
   -17.371   -17.668   -17.953   -18.226   -18.486   -18.734   -18.970   -19.195
   -19.408   -19.610   -19.801   -19.982   -20.152   -20.312   -20.463   -20.604
   -20.736   -20.860   -20.974   -21.079   -21.174   -21.259   -21.334   -21.397
   -21.449   -21.489   -21.515   -21.528   -21.528   -21.512   -21.482   -21.438
   -21.378   -21.303   -21.213   -21.110   -20.992   -20.861   -20.718   -20.563
   -20.396   -20.218   -20.029   -19.830   -19.620   -19.400   -19.171   -18.932
   -18.685   -18.428   -18.163   -17.890   -17.609   -17.321   -17.025   -16.723
   -16.416   -16.103   -15.785   -15.462   -15.136   -14.806   -14.472   -14.134
   -13.794   -13.450   -13.103   -12.754   -12.403   -12.049   -11.694   -11.338
   -10.982   -10.625   -10.269    -9.913    -9.557    -9.203    -8.850    -8.498
    -8.147    -7.797    -7.448    -7.101    -6.756    -6.412    -6.070    -5.730
    -5.392    -5.056    -4.722    -4.390    -4.060    -3.731    -3.405    -3.081
    -2.759    -2.441    -2.125    -1.814    -1.507    -1.205     -.910     -.621
     -.339     -.065      .200      .457      .704      .942     1.170     1.388
     1.597     1.795     1.983     2.162     2.332     2.491     2.642     2.784
     2.916     3.040     3.154     3.260     3.356     3.443     3.521     3.590
     3.650     3.703     3.747     3.785     3.816     3.842     3.862     3.876
     3.885     3.889     3.888     3.883     3.875     3.862     3.845     3.826
     3.802     3.776     3.746     3.713     3.677     3.638     3.595     3.549
     3.501     3.449     3.394     3.336     3.275     3.212     3.146     3.078
     3.008     2.937     2.865     2.792     2.718     2.643     2.567     2.491
     2.414     2.337     2.259     2.182     2.105     2.029     1.954     1.880
     1.809     1.739     1.672     1.608     1.548     1.491     1.439     1.391
     1.349     1.313     1.282     1.258     1.241     1.229     1.224     1.225
     1.232     1.245     1.264     1.289     1.319     1.354     1.393     1.437
     1.484     1.535     1.589     1.645     1.704     1.765     1.827     1.893
     1.961     2.031     2.104     2.181     2.261     2.345     2.433     2.525
     2.622     2.723     2.828     2.937     3.050     3.168     3.290     3.416
     3.546     3.681     3.820     3.963     4.109     4.260     4.413     4.570
     4.730     4.893     5.057     5.225     5.393     5.564     5.735     5.906
     6.078     6.249     6.419     6.587     6.753     6.917     7.078     7.235
     7.389     7.538     7.684     7.825     7.963     8.096     8.225     8.351
     8.473     8.591     8.706     8.818     8.926     9.031     9.134     9.233
     9.329     9.423     9.515     9.605     9.693     9.780     9.865     9.948
    10.029    10.107    10.182    10.253    10.319    10.380    10.436    10.486
    10.531    10.569    10.602    10.628    10.649    10.663    10.672    10.675
    10.672    10.664    10.652    10.634    10.612    10.585    10.553    10.515
    10.472    10.424    10.370    10.311    10.247    10.178    10.104    10.025
     9.941     9.853     9.761     9.663     9.562     9.457     9.348     9.235
     9.119     9.000     8.877     8.752     8.624     8.493     8.360     8.223
     8.084     7.942     7.796     7.647     7.495     7.339     7.181     7.020
     6.856     6.689     6.520     6.350     6.179     6.007     5.834     5.662
     5.491     5.321     5.152     4.985     4.819     4.655     4.493     4.332
     4.171     4.012     3.852     3.692     3.531     3.370     3.208     3.045
     2.881     2.716     2.550     2.383     2.217     2.051     1.885     1.721
     1.559     1.399     1.242     1.088      .938      .791      .648      .509
      .374      .243      .114     -.012     -.135     -.257     -.377     -.495
     -.611     -.726     -.840     -.951    -1.060    -1.167    -1.271    -1.372
    -1.469    -1.562    -1.651    -1.735    -1.813    -1.886    -1.954    -2.015
    -2.070    -2.120    -2.164    -2.203    -2.237    -2.268    -2.296    -2.321
    -2.344    -2.365    -2.384    -2.402    -2.418    -2.433    -2.447    -2.460
    -2.471    -2.480    -2.488    -2.494    -2.498    -2.500    -2.500    -2.498
    -2.495    -2.489    -2.481    -2.471    -2.458    -2.444    -2.428    -2.409
    -2.388    -2.365    -2.340    -2.312    -2.282    -2.249    -2.214    -2.177
    -2.136    -2.094    -2.050    -2.004    -1.956    -1.907    -1.858    -1.807
    -1.756    -1.705    -1.655    -1.604    -1.555    -1.506    -1.457    -1.410
    -1.364    -1.319    -1.275    -1.232    -1.190    -1.149    -1.110    -1.072
    -1.035    -1.001     -.968     -.937     -.909     -.882     -.857     -.835
     -.814     -.796     -.779     -.765     -.752     -.742     -.734     -.727
     -.722     -.719     -.716     -.715     -.714     -.713     -.713     -.713
     -.713     -.714     -.714     -.716     -.718     -.721     -.726     -.732
     -.740     -.751     -.764     -.780     -.799     -.821     -.847     -.877
     -.911     -.949     -.991    -1.038    -1.088    -1.143    -1.202    -1.263
    -1.329    -1.396    -1.467    -1.539    -1.613    -1.688    -1.765    -1.842
    -1.919    -1.998    -2.076    -2.154    -2.232    -2.309    -2.385    -2.461
    -2.537    -2.611    -2.685    -2.759    -2.833    -2.906    -2.980    -3.053
    -3.127    -3.200    -3.274    -3.347    -3.421    -3.493    -3.565    -3.635
    -3.704    -3.772    -3.839    -3.903    -3.967    -4.028    -4.088    -4.146
    -4.202    -4.257    -4.310    -4.361    -4.411    -4.460    -4.508    -4.554
    -4.600    -4.644    -4.689    -4.732    -4.775    -4.816    -4.857    -4.896
    -4.933    -4.968    -5.001    -5.031    -5.058    -5.081    -5.100    -5.116
    -5.127    -5.134    -5.136    -5.133    -5.126    -5.115    -5.099    -5.080
    -5.056    -5.030    -5.000    -4.968    -4.934    -4.898    -4.860    -4.822
    -4.783    -4.743    -4.702    -4.662    -4.622    -4.582    -4.542    -4.503
    -4.466    -4.429    -4.392    -4.357    -4.321    -4.286    -4.252    -4.216
    -4.180    -4.143    -4.105    -4.066    -4.026    -3.983    -3.940    -3.894
    -3.846    -3.797    -3.746    -3.692    -3.638    -3.581    -3.524    -3.465
    -3.406    -3.346    -3.286    -3.227    -3.168    -3.110    -3.054    -2.999
    -2.945    -2.893    -2.844    -2.796    -2.751    -2.708    -2.668    -2.629
    -2.593    -2.558    -2.525    -2.493    -2.463    -2.434    -2.406    -2.378
    -2.352    -2.326    -2.299    -2.273    -2.246    -2.218    -2.189    -2.159
    -2.129    -2.098    -2.068    -2.036    -2.005    -1.975    -1.944    -1.915
    -1.887    -1.859    -1.833    -1.809    -1.786    -1.763    -1.743    -1.723
    -1.703    -1.684    -1.665    -1.646    -1.626    -1.605    -1.582    -1.558
    -1.532    -1.504    -1.474    -1.442    -1.408    -1.371    -1.333    -1.292
    -1.249    -1.204    -1.157    -1.108    -1.057    -1.005     -.952     -.897
     -.841     -.784     -.726     -.666     -.606     -.545     -.482     -.418
     -.353     -.286     -.217     -.146     -.072      .003      .081      .162
      .245      .330      .418      .508      .600      .695      .791      .890
      .991     1.094     1.199     1.306     1.414     1.525     1.637     1.750
     1.865     1.982     2.099     2.218     2.339     2.461     2.584     2.708
     2.833     2.960     3.088     3.216     3.344     3.473     3.601     3.729
     3.856     3.981     4.106     4.229     4.350     4.469     4.586     4.701
     4.815     4.925     5.034     5.141     5.245     5.346     5.445     5.541
     5.634     5.724     5.811     5.895     5.975     6.052     6.125     6.193
     6.258     6.319     6.376     6.429     6.479     6.525     6.567     6.606
     6.642     6.674     6.702     6.727     6.748     6.766     6.780     6.790
     6.795     6.797     6.794     6.786     6.773     6.755     6.731     6.701
     6.665     6.622     6.574     6.519     6.458     6.390     6.317     6.237
     6.153     6.062     5.967     5.867     5.762     5.653     5.541     5.424
     5.305     5.182     5.056     4.927     4.797     4.664     4.530     4.395
     4.258     4.120     3.982     3.843     3.704     3.564     3.424     3.284
     3.144     3.005     2.866     2.727     2.589     2.452     2.316     2.180
     2.046     1.912     1.779     1.647     1.516     1.387     1.258     1.130
     1.004      .879      .756      .634      .515      .397      .282      .170
      .061     -.045     -.148     -.247     -.341     -.432     -.518     -.599
     -.676     -.748     -.815     -.877     -.933     -.985    -1.032    -1.073
    -1.109    -1.139    -1.164    -1.183    -1.196    -1.204    -1.206    -1.201
    -1.190    -1.174    -1.151    -1.123    -1.090    -1.052    -1.009     -.963
     -.912     -.858     -.801     -.741     -.678     -.613     -.545     -.477
     -.407     -.336     -.265     -.193     -.122     -.051      .019      .089
      .158      .226      .293      .359      .424      .488      .550      .613
      .674      .735      .795      .855      .915      .975     1.034     1.093
     1.152     1.211     1.269     1.326     1.382     1.437     1.490     1.541
     1.589     1.634     1.676     1.714     1.747     1.775     1.798     1.815
     1.827     1.832     1.832     1.826     1.814     1.795     1.771     1.741
     1.705     1.663     1.615     1.561     1.500     1.434     1.362     1.285
     1.201     1.111     1.016      .915      .809      .698      .582      .461
      .337      .209      .078     -.056     -.193     -.332     -.474     -.617
     -.762     -.909    -1.057    -1.205    -1.355    -1.505    -1.655    -1.805
    -1.955    -2.104    -2.253    -2.401    -2.547    -2.692    -2.836    -2.978
    -3.118    -3.255    -3.391    -3.523    -3.653    -3.780    -3.904    -4.025
    -4.143    -4.258    -4.370    -4.478    -4.583    -4.684    -4.782    -4.877
    -4.968    -5.055    -5.138    -5.217    -5.292    -5.362    -5.427    -5.487
    -5.542    -5.593    -5.638    -5.679    -5.714    -5.744    -5.768    -5.787
    -5.800    -5.808    -5.809    -5.804    -5.792    -5.774    -5.749    -5.718
    -5.680    -5.635    -5.583    -5.525    -5.460    -5.389    -5.311    -5.227
    -5.135    -5.037    -4.933    -4.821    -4.704    -4.580    -4.451    -4.316
    -4.176    -4.031    -3.882    -3.729    -3.572    -3.411    -3.247    -3.081
    -2.912    -2.741    -2.569    -2.395    -2.221    -2.045    -1.869    -1.693
    -1.516    -1.339    -1.162     -.984     -.807     -.630     -.453     -.276
     -.099      .078      .255      .431      .607      .782      .956     1.130
     1.302     1.473     1.642     1.809     1.974     2.136     2.296     2.453
     2.606     2.756     2.903     3.046     3.185     3.320     3.450     3.576
     3.697     3.812     3.923     4.028     4.127     4.220     4.307     4.388
     4.461     4.528     4.587     4.638     4.682     4.718     4.745     4.764
     4.775     4.777     4.771     4.756     4.734     4.702     4.664     4.617
     4.564     4.504     4.438     4.365     4.287     4.204     4.114     4.020
     3.920     3.815     3.705     3.590     3.471     3.347     3.219     3.087
     2.950     2.810     2.665     2.518     2.367     2.213     2.056     1.896
     1.735     1.572     1.407     1.241     1.074      .905      .736      .567
      .396      .226      .056     -.114     -.284     -.453     -.620     -.787
     -.952    -1.115    -1.276    -1.434    -1.590    -1.743    -1.892    -2.037
    -2.178    -2.315    -2.446    -2.573    -2.695    -2.812    -2.923    -3.029
    -3.130    -3.226    -3.316    -3.401    -3.482    -3.557    -3.628    -3.694
    -3.755    -3.811    -3.862    -3.909    -3.950    -3.987    -4.019    -4.046
    -4.068    -4.085    -4.097    -4.103    -4.104    -4.100    -4.090    -4.074
    -4.053    -4.025    -3.992    -3.954    -3.909    -3.860    -3.804    -3.744
    -3.678    -3.607    -3.531    -3.450    -3.364    -3.273    -3.178    -3.077
    -2.973    -2.864    -2.752    -2.636    -2.517    -2.395    -2.271    -2.145
    -2.018    -1.889    -1.758    -1.628    -1.496    -1.365    -1.233    -1.102
     -.971     -.840     -.710     -.581     -.453     -.326     -.199     -.073
      .052      .176      .299      .421      .543      .663      .783      .901
     1.017     1.132     1.245     1.357     1.465     1.572     1.676     1.777
     1.875     1.969     2.061     2.149     2.233     2.314     2.391     2.464
     2.534     2.599     2.660     2.716     2.767     2.814     2.856     2.892
     2.924     2.951     2.972     2.988     2.999     3.004     3.003     2.998
     2.987     2.970     2.949     2.922     2.890     2.854     2.813     2.769
     2.720     2.668     2.612     2.553     2.492     2.428     2.361     2.293
     2.222     2.150     2.077     2.002     1.926     1.849     1.772     1.694
     1.615     1.536     1.457     1.378     1.298     1.219     1.139     1.060
      .980      .900      .820      .741      .661      .581      .502      .423
      .344      .266      .188      .111      .034     -.042     -.117     -.191
     -.263     -.334     -.402     -.469     -.533     -.595     -.654     -.710
     -.762     -.811     -.857     -.900     -.938     -.974    -1.005    -1.032
    -1.056    -1.075    -1.091    -1.102    -1.109    -1.112    -1.111    -1.106
    -1.096    -1.083    -1.066    -1.044    -1.019     -.991     -.959     -.924
     -.885     -.845     -.801     -.755     -.708     -.659     -.608     -.556
     -.503     -.449     -.395     -.341     -.287     -.233     -.179     -.125
     -.072     -.018      .036      .089      .143      .197      .252      .307
      .363      .419      .477      .535      .593      .652      .712      .772
      .832      .893      .954     1.015     1.075     1.135     1.194     1.251
     1.306     1.359     1.409     1.456     1.499     1.539     1.574     1.606
     1.633     1.655     1.673     1.686     1.694     1.698     1.696     1.691
     1.680     1.665     1.645     1.620     1.591     1.557     1.519     1.476
     1.429     1.378     1.322     1.263     1.200     1.133     1.062      .988
      .912      .832      .749      .664      .576      .486      .393      .297
      .199      .099     -.004     -.108     -.215     -.325     -.436     -.549
     -.665     -.782     -.901    -1.022    -1.144    -1.267    -1.392    -1.517
    -1.644    -1.770    -1.898    -2.025    -2.152    -2.279    -2.405    -2.530
    -2.655    -2.779    -2.901    -3.023    -3.142    -3.259    -3.374    -3.487
    -3.597    -3.704    -3.808    -3.908    -4.005    -4.098    -4.188    -4.273
    -4.353    -4.429    -4.501    -4.567    -4.628    -4.683    -4.734    -4.779
    -4.818    -4.852    -4.880    -4.903    -4.919    -4.931    -4.936    -4.936
    -4.930    -4.919    -4.903    -4.881    -4.854    -4.822    -4.785    -4.744
    -4.699    -4.650    -4.597    -4.541    -4.482    -4.418    -4.352    -4.282
    -4.208    -4.131    -4.050    -3.964    -3.875    -3.782    -3.685    -3.584
    -3.478    -3.369    -3.256    -3.139    -3.018    -2.893    -2.764    -2.632
    -2.497    -2.358    -2.216    -2.072    -1.925    -1.775    -1.624    -1.470
    -1.315    -1.159    -1.001     -.842     -.682     -.522     -.360     -.199
     -.037      .125      .287      .449      .610      .770      .929     1.087
     1.244     1.399     1.552     1.703     1.852     2.000     2.144     2.286
     2.425     2.561     2.694     2.823     2.949     3.071     3.189     3.304
     3.414     3.520     3.622     3.720     3.814     3.903     3.988     4.068
     4.144     4.216     4.283     4.346     4.405     4.459     4.509     4.555
     4.597     4.634     4.667     4.696     4.720     4.740     4.756     4.768
     4.775     4.778     4.777     4.771     4.761     4.746     4.727     4.704
     4.676     4.644     4.608     4.567     4.522     4.472     4.419     4.362
     4.301     4.237     4.169     4.098     4.024     3.946     3.866     3.783
     3.698     3.611     3.522     3.431     3.339     3.246     3.151     3.056
     2.960     2.863     2.765     2.668     2.569     2.471     2.373     2.274
     2.176     2.077     1.979     1.881     1.783     1.685     1.588     1.491
     1.395     1.299     1.204     1.109     1.015      .922      .830      .739
      .649      .560      .472      .386      .301      .217      .135      .055
     -.023     -.099     -.172     -.243     -.312     -.378     -.442     -.502
     -.560     -.615     -.668     -.718     -.765     -.809     -.850     -.888
     -.923     -.956     -.984    -1.010    -1.033    -1.053    -1.070    -1.083
    -1.094    -1.101    -1.106    -1.108    -1.107    -1.104    -1.098    -1.091
    -1.081    -1.069    -1.056    -1.041    -1.025    -1.007     -.989     -.969
     -.948     -.926     -.904     -.880     -.856     -.831     -.805     -.778
     -.751     -.722     -.693     -.663     -.632     -.600     -.567     -.534
     -.500     -.465     -.430     -.394     -.359     -.323     -.287     -.250
     -.214     -.178     -.142     -.106     -.071     -.036     -.002      .031
      .064      .095      .126      .155      .184      .211      .237      .261
      .285      .306      .327      .346      .363      .379      .394      .407
      .418      .427      .435      .441      .446      .448      .449      .449
      .447      .443      .438      .431      .423      .414      .404      .394
      .382      .369      .356      .343      .328      .314      .299      .285
      .270      .255      .240      .226      .211      .197      .184      .170
      .157      .145      .132      .120      .108      .097      .085      .074
      .063      .053      .043      .033      .023      .014      .004     -.005
     -.014     -.023     -.032     -.040     -.048     -.056     -.063     -.069
     -.074     -.078     -.080     -.082     -.082     -.080     -.077     -.073
     -.066     -.058     -.048     -.037     -.024     -.009      .007      .025
      .044      .064      .086      .108      .132      .157      .182      .209
      .236      .263      .292      .320      .350      .379      .408      .438
      .467      .497      .526      .555      .584      .613      .642      .670
      .698      .725      .753      .780      .808      .835      .863      .890
      .918      .945      .973     1.001     1.030     1.058     1.086     1.114
     1.141     1.168     1.195     1.220     1.245     1.269     1.291     1.313
     1.332     1.350     1.367     1.382     1.394     1.405     1.414     1.421
     1.426     1.429     1.429     1.428     1.424     1.419     1.411     1.401
     1.388     1.373     1.357     1.338     1.317     1.293     1.268     1.241
     1.212     1.181     1.149     1.115     1.080     1.043     1.006      .966
      .926      .884      .841      .796      .750      .702      .652      .600
      .547      .491      .434      .375      .313      .250      .184      .117
      .048     -.023     -.095     -.168     -.242     -.317     -.393     -.470
     -.547     -.624     -.702     -.779     -.856     -.933    -1.010    -1.087
    -1.163    -1.239    -1.315    -1.390    -1.465    -1.539    -1.612    -1.685
    -1.757    -1.827    -1.897    -1.966    -2.033    -2.099    -2.164    -2.228
    -2.290    -2.350    -2.409    -2.467    -2.522    -2.576    -2.629    -2.680
    -2.729    -2.776    -2.822    -2.866    -2.908    -2.949    -2.987    -3.024
    -3.059    -3.091    -3.122    -3.150    -3.176    -3.199    -3.220    -3.239
    -3.256    -3.270    -3.281    -3.290    -3.297    -3.302    -3.304    -3.303
    -3.301    -3.296    -3.289    -3.279    -3.268    -3.254    -3.238    -3.220
    -3.200    -3.178    -3.153    -3.127    -3.098    -3.068    -3.035    -3.000
    -2.963    -2.924    -2.884    -2.842    -2.798    -2.752    -2.705    -2.657
    -2.608    -2.557    -2.505    -2.452    -2.399    -2.344    -2.288    -2.232
    -2.174    -2.115    -2.056    -1.995    -1.933    -1.870    -1.806    -1.741
    -1.675    -1.608    -1.540    -1.472    -1.402    -1.331    -1.260    -1.188
    -1.115    -1.041     -.967     -.892     -.817     -.741     -.666     -.590
     -.515     -.440     -.365     -.290     -.216     -.143     -.070      .001
      .072      .142      .211      .279      .345      .411      .475      .538
      .599      .660      .719      .777      .834      .890      .945      .999
     1.052     1.104     1.155     1.205     1.253     1.301     1.348     1.393
     1.437     1.480     1.521     1.561     1.599     1.635     1.669     1.702
     1.733     1.762     1.789     1.814     1.837     1.858     1.877     1.893
     1.908     1.921     1.932     1.941     1.948     1.953     1.956     1.957
     1.957     1.955     1.951     1.944     1.936     1.927     1.915     1.902
     1.887     1.870     1.852     1.832     1.811     1.788     1.765     1.741
     1.715     1.690     1.663     1.636     1.609     1.581     1.554     1.526
     1.498     1.471     1.444     1.416     1.390     1.363     1.337     1.311
     1.285     1.260     1.235     1.210     1.185     1.160     1.136     1.111
     1.086     1.061     1.037     1.012      .988      .963      .939      .916
      .892      .869      .847      .826      .805      .785      .766      .748
      .732      .716      .702      .689      .678      .668      .659      .652
      .646      .641      .638      .637      .636      .637      .639      .642
      .647      .652      .659      .666      .673      .682      .691      .700
      .709      .719      .728      .738      .748      .757      .767      .776
      .786      .795      .804      .812      .820      .828      .835      .842
      .848      .854      .859      .863      .867      .870      .873      .874
      .875      .876      .875      .874      .872      .869      .866      .862
      .857      .851      .844      .837      .829      .820      .810      .799
      .788      .775      .761      .746      .730      .713      .694      .674
      .653      .630      .606      .580      .553      .525      .495      .464
      .432      .399      .364      .329      .292      .255      .216      .177
      .137      .096      .055      .013     -.030     -.073     -.116     -.161
     -.205     -.250     -.296     -.342     -.388     -.434     -.481     -.527
     -.574     -.620     -.666     -.711     -.755     -.799     -.842     -.884
     -.925     -.964    -1.003    -1.040    -1.075    -1.109    -1.142    -1.174
    -1.204    -1.232    -1.260    -1.286    -1.311    -1.335    -1.358    -1.380
    -1.402    -1.423    -1.443    -1.462    -1.480    -1.498    -1.514    -1.530
    -1.544    -1.557    -1.568    -1.578    -1.586    -1.592    -1.597    -1.599
    -1.599    -1.597    -1.593    -1.587    -1.579    -1.569    -1.557    -1.543
    -1.526    -1.508    -1.489    -1.467    -1.444    -1.418    -1.391    -1.363
    -1.333    -1.301    -1.268    -1.233    -1.197    -1.160    -1.122    -1.083
    -1.044    -1.003     -.963     -.922     -.880     -.839     -.798     -.757
     -.716     -.676     -.636     -.596     -.556     -.516     -.477     -.438
     -.399     -.360     -.322     -.283     -.245     -.207     -.170     -.133
     -.096     -.060     -.024      .010      .045      .078      .110      .140
      .170      .198      .225      .250      .274      .296      .316      .334
      .351      .366      .379      .390      .400      .407      .412      .415
      .416      .414      .409      .402      .392      .379      .363      .344
      .321      .296      .268      .237      .204      .168      .129      .089
      .046      .002     -.044     -.091     -.140     -.190     -.241     -.293
     -.346     -.401     -.456     -.513     -.570     -.629     -.689     -.750
     -.813     -.877     -.942    -1.008    -1.076    -1.144    -1.214    -1.284
    -1.355    -1.426    -1.498    -1.570    -1.642    -1.714    -1.786    -1.858
    -1.929    -2.000    -2.070    -2.139    -2.208    -2.276    -2.342    -2.408
    -2.472    -2.535    -2.596    -2.656    -2.714    -2.770    -2.824    -2.876
    -2.927    -2.974    -3.020    -3.063    -3.104    -3.142    -3.178    -3.211
    -3.241    -3.269    -3.293    -3.315    -3.334    -3.349    -3.362    -3.372
    -3.378    -3.381    -3.381    -3.377    -3.371    -3.361    -3.348    -3.331
    -3.312    -3.290    -3.265    -3.236    -3.205    -3.171    -3.135    -3.095
    -3.053    -3.008    -2.960    -2.909    -2.856    -2.800    -2.741    -2.679
    -2.615    -2.548    -2.479    -2.407    -2.332    -2.255    -2.176    -2.095
    -2.011    -1.926    -1.839    -1.750    -1.659    -1.566    -1.472    -1.376
    -1.279    -1.181    -1.081     -.980     -.878     -.775     -.671     -.566
     -.460     -.353     -.245     -.137     -.029      .080      .189      .298
      .407      .516      .625      .734      .842      .949     1.056     1.161
     1.266     1.370     1.473     1.574     1.674     1.773     1.871     1.967
     2.062     2.155     2.247     2.337     2.426     2.513     2.599     2.682
     2.764     2.845     2.923     2.999     3.074     3.146     3.217     3.285
     3.351     3.415     3.477     3.536     3.593     3.648     3.701     3.750
     3.798     3.843     3.886     3.926     3.964     4.000     4.034     4.065
     4.095     4.122     4.148     4.172     4.194     4.214     4.232     4.249
     4.263     4.276     4.287     4.297     4.305     4.311     4.315     4.318
     4.319     4.319     4.318     4.315     4.310     4.304     4.297     4.289
     4.279     4.268     4.256     4.242     4.228     4.213     4.196     4.179
     4.161     4.142     4.122     4.102     4.081     4.059     4.036     4.013
     3.990     3.965     3.941     3.915     3.890     3.864     3.837     3.811
     3.784     3.756     3.729     3.701     3.673     3.644     3.615     3.586
     3.556     3.525     3.493     3.461     3.429     3.395     3.361     3.326
     3.290     3.254     3.217     3.180     3.142     3.103     3.064     3.025
     2.985     2.945     2.905     2.864     2.823     2.782     2.740     2.698
     2.655     2.612     2.568     2.523     2.478     2.433     2.386     2.339
     2.291     2.243     2.194     2.144     2.093     2.042     1.990     1.938
     1.884     1.831     1.776     1.722     1.667     1.612     1.556     1.500
     1.445     1.389     1.334     1.278     1.223     1.168     1.113     1.059
     1.006      .953      .901      .849      .798      .748      .698      .650
      .602      .554      .507      .461      .415      .369      .324      .280
      .235      .191      .147      .103      .059      .016     -.027     -.070
     -.113     -.155     -.197     -.238     -.279     -.319     -.358     -.397
     -.434     -.471     -.506     -.540     -.573     -.604     -.634     -.663
     -.689     -.715     -.738     -.759     -.779     -.797     -.813     -.827
     -.840     -.851     -.861     -.869     -.876     -.882     -.887     -.891
     -.894     -.897     -.900     -.902     -.904     -.906     -.907     -.908
     -.910     -.910     -.911     -.912     -.912     -.911     -.911     -.910
     -.908     -.905     -.902     -.899     -.895     -.890     -.885     -.880
     -.874     -.868     -.862     -.855     -.849     -.842     -.835     -.828
     -.822     -.815     -.809     -.803     -.798     -.794     -.790     -.787
     -.786     -.785     -.786     -.788     -.791     -.795     -.802     -.809
     -.818     -.829     -.842     -.856     -.872     -.890     -.909     -.929
     -.951     -.974     -.998    -1.024    -1.051    -1.078    -1.107    -1.137
    -1.168    -1.200    -1.233    -1.266    -1.301    -1.336    -1.371    -1.408
    -1.445    -1.484    -1.523    -1.563    -1.604    -1.646    -1.689    -1.732
    -1.777    -1.822    -1.869    -1.917    -1.965    -2.016    -2.067    -2.120
    -2.174    -2.229    -2.286    -2.343    -2.402    -2.461    -2.521    -2.581
    -2.642    -2.702    -2.763    -2.823    -2.882    -2.941    -2.999    -3.056
    -3.112    -3.168    -3.222    -3.275    -3.326    -3.377    -3.426    -3.474
    -3.521    -3.566    -3.611    -3.653    -3.694    -3.733    -3.771    -3.807
    -3.842    -3.874    -3.905    -3.934    -3.962    -3.988    -4.011    -4.034
    -4.054    -4.073    -4.089    -4.104    -4.118    -4.129    -4.139    -4.148
    -4.154    -4.159    -4.162    -4.164    -4.163    -4.161    -4.156    -4.149
    -4.140    -4.128    -4.114    -4.097    -4.078    -4.055    -4.030    -4.002
    -3.971    -3.938    -3.902    -3.864    -3.824    -3.781    -3.736    -3.689
    -3.640    -3.589    -3.536    -3.482    -3.425    -3.367    -3.308    -3.247
    -3.185    -3.121    -3.057    -2.991    -2.925    -2.858    -2.789    -2.720
    -2.650    -2.580    -2.508    -2.436    -2.363    -2.289    -2.215    -2.139
    -2.063    -1.985    -1.906    -1.827    -1.747    -1.666    -1.584    -1.502
    -1.419    -1.336    -1.252    -1.168    -1.084    -1.000     -.916     -.833
     -.750     -.668     -.587     -.507     -.428     -.350     -.273     -.197
     -.123     -.049      .023      .094      .163      .231      .298      .364
      .428      .490      .550      .609      .666      .721      .774      .826
      .876      .924      .971     1.017     1.061     1.104     1.145     1.185
     1.224     1.262     1.298     1.332     1.365     1.396     1.426     1.454
     1.480     1.503     1.525     1.545     1.562     1.577     1.589     1.599
     1.607     1.612     1.615     1.615     1.613     1.609     1.603     1.594
     1.584     1.571     1.557     1.540     1.522     1.502     1.481     1.458
     1.433     1.407     1.380     1.351     1.320     1.288     1.255     1.220
     1.184     1.146     1.107     1.068     1.027      .985      .942      .899
      .855      .810      .764      .718      .672      .626      .579      .532
      .485      .438      .390      .343      .295      .247      .200      .153
      .106      .059      .013     -.032     -.076     -.120     -.162     -.203
     -.243     -.282     -.318     -.353     -.386     -.417     -.446     -.473
     -.498     -.520     -.541     -.559     -.575     -.590     -.602     -.612
     -.621     -.627     -.632     -.635     -.636     -.635     -.631     -.626
     -.618     -.609     -.596     -.582     -.564     -.544     -.522     -.497
     -.469     -.439     -.407     -.371     -.334     -.294     -.252     -.208
     -.161     -.112     -.061     -.008      .047      .104      .164      .225
      .288      .354      .420      .489      .559      .630      .702      .775
      .848      .922      .997     1.071     1.146     1.221     1.295     1.370
     1.444     1.518     1.591     1.664     1.736     1.808     1.879     1.950
     2.021     2.091     2.160     2.229     2.297     2.365     2.431     2.496
     2.560     2.622     2.683     2.742     2.799     2.854     2.907     2.958
     3.007     3.054     3.099     3.141     3.181     3.220     3.255     3.289
     3.320     3.349     3.376     3.400     3.423     3.443     3.461     3.476
     3.489     3.500     3.508     3.513     3.516     3.516     3.513     3.507
     3.498     3.486     3.472     3.455     3.436     3.414     3.390     3.364
     3.335     3.304     3.271     3.236     3.199     3.160     3.119     3.077
     3.033     2.987     2.941     2.892     2.843     2.793     2.741     2.689
     2.636     2.582     2.527     2.472     2.416     2.360     2.303     2.246
     2.189     2.132     2.074     2.017     1.959     1.902     1.845     1.788
     1.732     1.676     1.621     1.567     1.512     1.458     1.405     1.351
     1.298     1.246     1.195     1.144     1.095     1.047     1.000      .954
      .909      .865      .821      .778      .736      .695      .655      .615
      .577      .541      .505      .471      .439      .407      .377      .349
      .322      .296      .273      .251      .230      .212      .195      .180
      .167      .155      .146      .137      .131      .125      .121      .118
      .115      .114      .113      .113      .113      .113      .114      .115
      .116      .117      .119      .120      .121      .123      .125      .126
      .128      .130      .132      .133      .135      .137      .139      .141
      .143      .145      .147      .149      .150      .152      .153      .154
      .155      .155      .155      .154      .153      .151      .148      .144
      .139      .134      .128      .120      .112      .102      .092      .080
      .066      .051      .035      .017     -.002     -.022     -.043     -.067
     -.091     -.116     -.143     -.171     -.201     -.231     -.263     -.296
     -.329     -.363     -.398     -.434     -.470     -.507     -.545     -.583
     -.621     -.661     -.700     -.741     -.781     -.823     -.864     -.906
     -.948     -.990    -1.032    -1.074    -1.116    -1.158    -1.200    -1.242
    -1.283    -1.324    -1.364    -1.405    -1.444    -1.483    -1.521    -1.558
    -1.594    -1.630    -1.663    -1.696    -1.728    -1.758    -1.787    -1.814
    -1.840    -1.864    -1.887    -1.908    -1.927    -1.944    -1.959    -1.972
    -1.984    -1.994    -2.002    -2.008    -2.013    -2.015    -2.016    -2.015
    -2.012    -2.008    -2.002    -1.994    -1.984    -1.972    -1.959    -1.944
    -1.926    -1.907    -1.886    -1.863    -1.839    -1.812    -1.783    -1.753
    -1.722    -1.689    -1.654    -1.618    -1.580    -1.541    -1.501    -1.460
    -1.417    -1.374    -1.329    -1.283    -1.237    -1.190    -1.141    -1.093
    -1.044     -.994     -.944     -.894     -.843     -.792     -.741     -.690
     -.639     -.588     -.537     -.486     -.435     -.385     -.335     -.285
     -.236     -.188     -.140     -.094     -.048     -.003      .040      .082
      .123      .162      .200      .237      .271      .304      .336      .365
      .392      .417      .441      .462      .480      .497      .512      .525
      .535      .544      .552      .557      .561      .563      .564      .562
      .559      .554      .547      .539      .528      .516      .502      .486
      .469      .449      .428      .405      .380      .353      .325      .295
      .263      .230      .196      .159      .122      .083      .043      .002
     -.041     -.084     -.128     -.173     -.219     -.266     -.313     -.360
     -.408     -.455     -.503     -.550     -.597     -.644     -.691     -.737
     -.783     -.828     -.872     -.916     -.959    -1.001    -1.043    -1.083
    -1.123    -1.161    -1.199    -1.236    -1.272    -1.307    -1.341    -1.374
    -1.406    -1.436    -1.465    -1.492    -1.518    -1.542    -1.565    -1.586
    -1.605    -1.623    -1.639    -1.653    -1.666    -1.677    -1.687    -1.695
    -1.702    -1.707    -1.711    -1.714    -1.715    -1.714    -1.713    -1.710
    -1.706    -1.701    -1.694    -1.686    -1.676    -1.665    -1.653    -1.639
    -1.624    -1.607    -1.589    -1.570    -1.550    -1.529    -1.507    -1.484
    -1.460    -1.436    -1.411    -1.385    -1.359    -1.332    -1.305    -1.278
    -1.250    -1.222    -1.194    -1.165    -1.137    -1.109    -1.080    -1.052
    -1.025     -.997     -.970     -.943     -.916     -.891     -.865     -.840
     -.816     -.793     -.770     -.748     -.726     -.706     -.685     -.666
     -.648     -.630     -.613     -.597     -.581     -.567     -.553     -.540
     -.528     -.517     -.507     -.498     -.490     -.483     -.477     -.473
     -.469     -.466     -.464     -.463     -.463     -.463     -.464     -.466
     -.468     -.471     -.475     -.479     -.483     -.488     -.494     -.500
     -.507     -.513     -.520     -.527     -.535     -.542     -.550     -.558
     -.566     -.573     -.581     -.588     -.596     -.603     -.609     -.616
     -.621     -.626     -.631     -.635     -.637     -.640     -.641     -.642
     -.642     -.642     -.640     -.638     -.635     -.632     -.627     -.621
     -.615     -.608     -.600     -.591     -.581     -.570     -.558     -.545
     -.532     -.517     -.501     -.484     -.465     -.445     -.424     -.401
     -.377     -.351     -.324     -.296     -.266     -.235     -.202     -.168
     -.133     -.097     -.061     -.023      .016      .056      .097      .139
      .181      .224      .268      .313      .359      .405      .452      .499
      .547      .596      .645      .695      .745      .796      .848      .900
      .952     1.006     1.059     1.113     1.168     1.222     1.277     1.332
     1.387     1.442     1.496     1.551     1.605     1.659     1.713     1.766
     1.818     1.870     1.921     1.971     2.020     2.068     2.115     2.161
     2.206     2.249     2.292     2.333     2.373     2.412     2.449     2.485
     2.520     2.554     2.586     2.617     2.647     2.675     2.701     2.726
     2.749     2.771     2.791     2.809     2.826     2.842     2.855     2.867
     2.878     2.887     2.894     2.899     2.903     2.905     2.905     2.903
     2.900     2.894     2.887     2.878     2.867     2.855     2.840     2.824
     2.806     2.787     2.766     2.743     2.719     2.694     2.667     2.639
     2.610     2.579     2.547     2.515     2.481     2.447     2.411     2.376
     2.339     2.302     2.264     2.226     2.187     2.148     2.108     2.069
     2.029     1.988     1.948     1.908     1.867     1.826     1.785     1.744
     1.702     1.661     1.620     1.579     1.538     1.497     1.456     1.416
     1.376     1.336     1.297     1.259     1.221     1.184     1.147     1.111
     1.075     1.041     1.007      .973      .940      .908      .876      .845
      .814      .784      .754      .725      .696      .667      .639      .611
      .583      .555      .528      .501      .475      .449      .424      .399
      .375      .351      .328      .305      .282      .259      .237      .215
      .192      .171      .149      .127      .106      .085      .064      .043
      .022      .002     -.019     -.040     -.060     -.081     -.101     -.121
     -.141     -.161     -.181     -.200     -.220     -.240     -.259     -.279
     -.299     -.319     -.340     -.360     -.380     -.401     -.421     -.442
     -.462     -.482     -.503     -.523     -.543     -.563     -.583     -.603
     -.623     -.642     -.661     -.680     -.699     -.717     -.735     -.753
     -.770     -.786     -.803     -.818     -.832     -.846     -.859     -.871
     -.882     -.892     -.902     -.910     -.918     -.925     -.931     -.937
     -.941     -.945     -.949     -.952     -.954     -.955     -.956     -.956
     -.956     -.954     -.951     -.948     -.944     -.939     -.933     -.927
     -.919     -.911     -.901     -.891     -.880     -.868     -.856     -.842
     -.828     -.813     -.798     -.782     -.766     -.748     -.731     -.713
     -.694     -.675     -.656     -.636     -.617     -.596     -.576     -.556
     -.536     -.516     -.497     -.478     -.459     -.440     -.422     -.405
     -.387     -.371     -.355     -.339     -.324     -.308     -.294     -.279
     -.265     -.251     -.237     -.224     -.211     -.198     -.185     -.173
     -.162     -.150     -.140     -.130     -.120     -.112     -.104     -.097
     -.091     -.086     -.083     -.080     -.078     -.077     -.077     -.078
     -.080     -.083     -.087     -.092     -.098     -.104     -.111     -.119
     -.128     -.138     -.148     -.158     -.169     -.181     -.193     -.205
     -.218     -.230     -.243     -.257     -.270     -.284     -.298     -.312
     -.326     -.340     -.355     -.370     -.385     -.400     -.415     -.430
     -.446     -.461     -.477     -.492     -.508     -.523     -.539     -.555
     -.571     -.586     -.602     -.618     -.633     -.648     -.664     -.679
     -.694     -.708     -.723     -.737     -.751     -.765     -.778     -.791
     -.804     -.817     -.828     -.840     -.851     -.862     -.873     -.883
     -.893     -.903     -.912     -.922     -.931     -.940     -.950     -.959
     -.968     -.977     -.986     -.995    -1.005    -1.014    -1.023    -1.033
    -1.042    -1.051    -1.060    -1.069    -1.079    -1.087    -1.096    -1.105
    -1.113    -1.122    -1.130    -1.139    -1.147    -1.156    -1.165    -1.173
    -1.182    -1.191    -1.200    -1.210    -1.219    -1.228    -1.238    -1.247
    -1.257    -1.266    -1.275    -1.284    -1.293    -1.301    -1.309    -1.317
    -1.324    -1.331    -1.338    -1.344    -1.349    -1.354    -1.359    -1.364
    -1.368    -1.371    -1.375    -1.377    -1.379    -1.381    -1.382    -1.383
    -1.383    -1.383    -1.382    -1.381    -1.380    -1.378    -1.376    -1.374
    -1.371    -1.368    -1.365    -1.361    -1.356    -1.351    -1.345    -1.339
    -1.332    -1.324    -1.315    -1.306    -1.295    -1.284    -1.272    -1.260
    -1.246    -1.232    -1.217    -1.202    -1.186    -1.170    -1.154    -1.137
    -1.119    -1.102    -1.084    -1.065    -1.046    -1.027    -1.007     -.987
     -.966     -.945     -.923     -.901     -.879     -.856     -.834     -.811
     -.789     -.766     -.744     -.721     -.699     -.677     -.655     -.634
     -.613     -.592     -.572     -.552     -.533     -.513     -.495     -.476
     -.458     -.441     -.424     -.408     -.392     -.377     -.362     -.349
     -.336     -.324     -.313     -.303     -.293     -.285     -.278     -.271
     -.266     -.261     -.256     -.253     -.250     -.249     -.248     -.247
     -.248     -.250     -.252     -.256     -.261     -.266     -.273     -.281
     -.290     -.299     -.310     -.321     -.333     -.346     -.360     -.374
     -.389     -.405     -.421     -.438     -.455     -.473     -.491     -.510
     -.529     -.549     -.568     -.588     -.608     -.628     -.648     -.668
     -.687     -.706     -.725     -.743     -.761     -.778     -.794     -.809
     -.824     -.837     -.850     -.861     -.871     -.880     -.887     -.894
     -.899     -.903     -.905     -.906     -.905     -.904     -.900     -.895
     -.888     -.880     -.871     -.859     -.846     -.832     -.816     -.798
     -.779     -.758     -.735     -.712     -.686     -.659     -.631     -.601
     -.569     -.536     -.502     -.465     -.428     -.389     -.348     -.306
     -.262     -.217     -.170     -.122     -.072     -.021      .031      .084
      .139      .194      .251      .309      .368      .427      .487      .548
      .610      .672      .735      .797      .860      .923      .986     1.049
     1.112     1.174     1.237     1.298     1.360     1.420     1.481     1.540
     1.599     1.657     1.714     1.770     1.825     1.879     1.932     1.984
     2.035     2.085     2.134     2.181     2.227     2.272     2.315     2.358
     2.398     2.438     2.476     2.513     2.548     2.581     2.613     2.644
     2.672     2.699     2.725     2.748     2.770     2.791     2.809     2.826
     2.841     2.854     2.865     2.874     2.881     2.886     2.889     2.891
     2.891     2.889     2.885     2.879     2.872     2.863     2.852     2.840
     2.827     2.812     2.796     2.779     2.760     2.741     2.721     2.700
     2.678     2.655     2.632     2.609     2.585     2.560     2.536     2.511
     2.485     2.460     2.434     2.408     2.381     2.355     2.328     2.301
     2.274     2.247     2.220     2.192     2.164     2.136     2.108     2.080
     2.052     2.024     1.995     1.967     1.939     1.911     1.883     1.855
     1.828     1.801     1.774     1.747     1.721     1.695     1.669     1.643
     1.618     1.592     1.568     1.543     1.519     1.495     1.472     1.449
     1.426     1.403     1.381     1.359     1.337     1.316     1.295     1.274
     1.253     1.232     1.212     1.191     1.170     1.150     1.129     1.108
     1.086     1.065     1.043     1.021      .999      .977      .955      .932
      .909      .886      .862      .839      .815      .791      .766      .741
      .716      .691      .665      .638      .611      .584      .557      .529
      .501      .472      .444      .415      .386      .356      .327      .297
      .268      .238      .209      .179      .150      .122      .093      .065
      .037      .009     -.018     -.045     -.071     -.097     -.122     -.147
     -.171     -.195     -.219     -.242     -.265     -.288     -.310     -.331
     -.353     -.374     -.395     -.415     -.435     -.454     -.474     -.492
     -.510     -.528     -.545     -.562     -.578     -.593     -.608     -.622
     -.635     -.648     -.660     -.671     -.682     -.692     -.702     -.711
     -.719     -.727     -.735     -.742     -.749     -.755     -.761     -.767
     -.772     -.777     -.783     -.787     -.792     -.797     -.801     -.806