.074      .071      .068      .065      .062      .060      .058      .055
      .053      .051      .049      .047      .044      .041      .038      .035
      .033      .030      .028      .025      .022      .019      .016      .013
      .010      .007      .004      .002     -.001     -.003     -.006     -.008
     -.010     -.013     -.015     -.018     -.020     -.023     -.026     -.029
     -.033     -.036     -.039     -.042     -.046     -.049     -.053     -.056
     -.060     -.065     -.069     -.073     -.078     -.082     -.086     -.090
     -.094     -.099     -.104     -.109     -.115     -.120     -.126     -.132
     -.138     -.144     -.150     -.155     -.161     -.166     -.172     -.177
     -.183     -.189     -.195     -.201     -.208     -.214     -.219     -.225
     -.230     -.235     -.241     -.246     -.252     -.259     -.265     -.271
     -.277     -.283     -.288     -.294     -.299     -.305     -.311     -.317
     -.323     -.329     -.335     -.342     -.349     -.356     -.363     -.370
     -.376     -.383     -.390     -.397     -.404     -.411     -.418     -.426
     -.433     -.441     -.448     -.454     -.461     -.468     -.474     -.481
     -.488     -.496     -.504     -.512     -.521     -.528     -.535     -.541
     -.547     -.552     -.558     -.564     -.570     -.577     -.584     -.592
     -.600     -.608     -.615     -.621     -.627     -.632     -.637     -.642
     -.647     -.652     -.656     -.661     -.666     -.671     -.676     -.681
     -.686     -.691     -.696     -.701     -.704     -.707     -.710     -.712
     -.714     -.716     -.718     -.720     -.722     -.724     -.727     -.730
     -.733     -.736     -.739     -.742     -.744     -.745     -.745     -.745
     -.745     -.745     -.745     -.746     -.747     -.748     -.751     -.753
     -.755     -.756     -.757     -.757     -.757     -.757     -.757     -.757
     -.756     -.756     -.756     -.756     -.756     -.756     -.755     -.753
     -.752     -.749     -.746     -.743     -.739     -.736     -.732     -.729
     -.725     -.721     -.717     -.713     -.709     -.706     -.702     -.699
     -.697     -.694     -.691     -.687     -.683     -.679     -.675     -.672
     -.669     -.668     -.668     -.669     -.670     -.671     -.672     -.672
     -.671     -.670     -.668     -.666     -.665     -.666     -.667     -.669
     -.673     -.676     -.679     -.681     -.682     -.681     -.679     -.675
     -.670     -.665     -.659     -.654     -.648     -.642     -.636     -.630
     -.622     -.613     -.601     -.588     -.572     -.556     -.539     -.522
     -.506     -.491     -.475     -.458     -.442     -.425     -.407     -.391
     -.373     -.357     -.340     -.324     -.310     -.296     -.285     -.274
     -.265     -.256     -.247     -.239     -.231     -.225     -.219     -.215
     -.211     -.208     -.204     -.200     -.195     -.189     -.183     -.177
     -.170     -.163     -.157     -.150     -.142     -.134     -.124     -.114
     -.101     -.086     -.070     -.052     -.032     -.010      .013      .037
      .063      .089      .115      .143      .170      .199      .227      .256
      .285      .315      .344      .372      .400      .427      .454      .480
      .506      .532      .559      .585      .610      .635      .658      .679
      .700      .720      .739      .760      .781      .803      .827      .852
      .879      .906      .936      .965      .994     1.023     1.051     1.078
     1.106     1.136     1.167     1.200     1.234     1.268     1.302     1.335
     1.367     1.398     1.427     1.456     1.484     1.513     1.543     1.575
     1.607     1.641     1.673     1.705     1.736     1.765     1.793     1.818
     1.842     1.863     1.884     1.904     1.925     1.947     1.971     1.996
     2.022     2.047     2.074     2.100     2.127     2.154     2.181     2.209
     2.239     2.272     2.306     2.342     2.378     2.416     2.454     2.492
     2.531     2.571     2.613     2.655     2.699     2.744     2.789     2.834
     2.879     2.922     2.965     3.007     3.048     3.087     3.126     3.163
     3.201     3.238     3.275     3.311     3.347     3.381     3.413     3.443
     3.471     3.497     3.523     3.549     3.575     3.603     3.630     3.657
     3.681     3.704     3.724     3.742     3.760     3.778     3.798     3.819
     3.842     3.868     3.894     3.921     3.949     3.975     4.000     4.023
     4.043     4.060     4.076     4.090     4.104     4.117     4.130     4.144
     4.159     4.174     4.189     4.203     4.215     4.225     4.233     4.239
     4.243     4.245     4.244     4.242     4.238     4.233     4.228     4.222
     4.218     4.213     4.208     4.201     4.192     4.179     4.163     4.144
     4.122     4.098     4.074     4.050     4.027     4.006     3.986     3.967
     3.950     3.933     3.918     3.904     3.891     3.879     3.865     3.851
     3.836     3.820     3.802     3.781     3.756     3.725     3.687     3.642
     3.590     3.533     3.470     3.402     3.330     3.253     3.171     3.082
     2.987     2.886     2.779     2.665     2.545     2.422     2.296     2.167
     2.037     1.907     1.778     1.650     1.526     1.404     1.285     1.167
     1.049      .930      .806      .678      .544      .406      .263      .117
     -.029     -.174     -.314     -.449     -.578     -.700     -.814     -.920
    -1.018    -1.108    -1.187    -1.257    -1.317    -1.367    -1.406    -1.437
    -1.458    -1.470    -1.476    -1.477    -1.475    -1.474    -1.476    -1.484
    -1.498    -1.520    -1.549    -1.587    -1.631    -1.682    -1.740    -1.806
    -1.882    -1.967    -2.062    -2.167    -2.283    -2.410    -2.546    -2.693
    -2.848    -3.010    -3.180    -3.357    -3.543    -3.739    -3.945    -4.162
    -4.390    -4.627    -4.874    -5.132    -5.400    -5.677    -5.962    -6.252
    -6.545    -6.842    -7.140    -7.439    -7.739    -8.039    -8.338    -8.635
    -8.928    -9.217    -9.502    -9.782   -10.058   -10.330   -10.602   -10.873
   -11.143   -11.413   -11.682   -11.949   -12.214   -12.475   -12.730   -12.976
   -13.209   -13.425   -13.622   -13.797   -13.951   -14.084   -14.197   -14.290
   -14.366   -14.424   -14.466   -14.491   -14.503   -14.502   -14.492   -14.477
   -14.461   -14.449   -14.442   -14.437   -14.429   -14.414   -14.383   -14.334
   -14.263   -14.169   -14.051   -13.907   -13.735   -13.533   -13.302   -13.042
   -12.759   -12.459   -12.146   -11.823   -11.491   -11.151   -10.802   -10.440
   -10.064    -9.675    -9.270    -8.851    -8.419    -7.976    -7.525    -7.069
    -6.610    -6.150    -5.689    -5.229    -4.768    -4.308    -3.849    -3.393
    -2.941    -2.499    -2.071    -1.661    -1.271     -.901     -.552     -.225
      .081      .364      .625      .864     1.084     1.286     1.468     1.630
     1.775     1.904     2.020     2.120     2.204     2.273     2.323     2.355
     2.365     2.355     2.327     2.283     2.225     2.158     2.086     2.013
     1.942     1.871     1.801     1.729     1.651     1.568     1.478     1.381
     1.275     1.159     1.032      .894      .747      .593      .437      .284
      .138      .001     -.123     -.232     -.328     -.408     -.475     -.529
     -.573     -.612     -.648     -.684     -.721     -.760     -.799     -.836
     -.871     -.903     -.931     -.955     -.975     -.991    -1.004    -1.014
    -1.022    -1.031    -1.040    -1.053    -1.071    -1.096    -1.128    -1.168
    -1.214    -1.265    -1.323    -1.386    -1.454    -1.526    -1.602    -1.679
    -1.756    -1.832    -1.906    -1.976    -2.042    -2.102    -2.155    -2.203
    -2.246    -2.285    -2.323    -2.361    -2.399    -2.436    -2.468    -2.492
    -2.504    -2.498    -2.474    -2.427    -2.360    -2.273    -2.168    -2.048
    -1.915    -1.768    -1.608    -1.438    -1.260    -1.078     -.894     -.710
     -.529     -.349     -.169      .014      .205      .409      .631      .872
     1.134     1.419     1.723     2.043     2.374     2.712     3.052     3.389
     3.719     4.038     4.342     4.630     4.901     5.155     5.390     5.606
     5.802     5.980     6.144     6.295     6.434     6.560     6.673     6.768
     6.844     6.897     6.930     6.943     6.939     6.921     6.893     6.861
     6.827     6.789     6.750     6.712     6.676     6.645     6.615     6.585
     6.553     6.517     6.477     6.431     6.382     6.327     6.263     6.191
     6.113     6.033     5.957     5.883     5.813     5.747     5.690     5.642
     5.606     5.582     5.568     5.564     5.571     5.589     5.616     5.650
     5.689     5.732     5.779     5.829     5.882     5.938     5.995     6.052
     6.107     6.164     6.225     6.290     6.352     6.405     6.443     6.463
     6.466     6.453     6.426     6.387     6.340     6.290     6.242     6.197
     6.157     6.122     6.090     6.061     6.031     5.998     5.957     5.903
     5.834     5.747     5.640     5.515     5.374     5.226     5.078     4.932
     4.784     4.629     4.467     4.307     4.161     4.034     3.929     3.847
     3.787     3.747     3.724     3.714     3.714     3.721     3.734     3.748
     3.764     3.780     3.803     3.836     3.886     3.958     4.057     4.186
     4.348     4.545     4.777     5.042     5.335     5.652     5.987     6.336
     6.695     7.060     7.427     7.794     8.158     8.515     8.863     9.204
     9.536     9.861    10.178    10.486    10.783    11.066    11.332    11.578
    11.802    12.000    12.171    12.314    12.429    12.514    12.570    12.596
    12.594    12.567    12.517    12.447    12.358    12.252    12.130    11.994
    11.843    11.676    11.493    11.294    11.082    10.858    10.623    10.377
    10.118     9.845     9.556     9.249     8.922     8.574     8.202     7.809
     7.394     6.959     6.507     6.040     5.561     5.071     4.574     4.069
     3.561     3.056     2.558     2.073     1.607     1.162      .743      .353
     -.007     -.337     -.639     -.914    -1.164    -1.392    -1.600    -1.790
    -1.965    -2.125    -2.272    -2.409    -2.538    -2.661    -2.780    -2.892
    -2.998    -3.100    -3.197    -3.290    -3.382    -3.475    -3.570    -3.666
    -3.763    -3.861    -3.961    -4.061    -4.161    -4.260    -4.356    -4.447
    -4.533    -4.611    -4.680    -4.736    -4.776    -4.798    -4.803    -4.793
    -4.768    -4.732    -4.687    -4.636    -4.582    -4.529    -4.480    -4.439
    -4.408    -4.390    -4.385    -4.393    -4.414    -4.445    -4.484    -4.527
    -4.572    -4.617    -4.659    -4.696    -4.723    -4.739    -4.741    -4.724
    -4.688    -4.631    -4.557    -4.471    -4.378    -4.282    -4.185    -4.089
    -3.994    -3.902    -3.814    -3.728    -3.645    -3.567    -3.494    -3.425
    -3.358    -3.291    -3.219    -3.141    -3.053    -2.955    -2.845    -2.722
    -2.584    -2.434    -2.272    -2.101    -1.922    -1.737    -1.548    -1.356
    -1.162     -.966     -.769     -.571     -.374     -.175      .023      .220
      .411      .597      .785      .983     1.193     1.419     1.660     1.922
     2.205     2.502     2.796     3.073     3.323     3.537     3.708     3.825
     3.881     3.873     3.805     3.682     3.513     3.310     3.089     2.862
     2.640     2.431     2.241     2.072     1.924     1.795     1.684     1.593
     1.523     1.478     1.455     1.452     1.464     1.490     1.530     1.579
     1.633     1.687     1.737     1.783     1.824     1.860     1.887     1.902
     1.899     1.876     1.831     1.761     1.667     1.550     1.412     1.259
     1.092      .917      .738      .558      .379      .203      .030     -.138
     -.300     -.456     -.604     -.743     -.873     -.993    -1.103    -1.204
    -1.299    -1.388    -1.474    -1.558    -1.642    -1.728    -1.816    -1.908
    -2.005    -2.107    -2.215    -2.328    -2.445    -2.566    -2.689    -2.813
    -2.936    -3.056    -3.173    -3.285    -3.392    -3.494    -3.590    -3.680
    -3.763    -3.840    -3.908    -3.969    -4.021    -4.065    -4.102    -4.132
    -4.156    -4.175    -4.190    -4.204    -4.217    -4.231    -4.247    -4.267
    -4.293    -4.323    -4.359    -4.400    -4.445    -4.494    -4.546    -4.600
    -4.658    -4.719    -4.785    -4.855    -4.929    -5.008    -5.089    -5.174
    -5.260    -5.348    -5.436    -5.525    -5.614    -5.703    -5.793    -5.882
    -5.970    -6.055    -6.138    -6.218    -6.294    -6.365    -6.432    -6.494
    -6.552    -6.607    -6.655    -6.699    -6.738    -6.773    -6.804    -6.831
    -6.853    -6.869    -6.881    -6.887    -6.887    -6.882    -6.872    -6.860
    -6.848    -6.838    -6.833    -6.837    -6.851    -6.878    -6.918    -6.973
    -7.041    -7.120    -7.210    -7.311    -7.424    -7.547    -7.679    -7.817
    -7.962    -8.112    -8.264    -8.417    -8.569    -8.719    -8.866    -9.009
    -9.146    -9.276    -9.396    -9.507    -9.607    -9.695    -9.772    -9.837
    -9.893    -9.938    -9.973    -9.999   -10.016   -10.024   -10.024   -10.016
   -10.000    -9.976    -9.944    -9.906    -9.862    -9.811    -9.754    -9.691
    -9.623    -9.550    -9.472    -9.390    -9.303    -9.211    -9.114    -9.012
    -8.907    -8.799    -8.687    -8.571    -8.452    -8.328    -8.200    -8.069
    -7.934    -7.794    -7.651    -7.504    -7.353    -7.200    -7.045    -6.888
    -6.732    -6.576    -6.421    -6.269    -6.119    -5.971    -5.826    -5.683
    -5.542    -5.401    -5.262    -5.123    -4.984    -4.845    -4.705    -4.565
    -4.424    -4.282    -4.139    -3.993    -3.845    -3.694    -3.541    -3.385
    -3.227    -3.067    -2.905    -2.742    -2.577    -2.411    -2.244    -2.077
    -1.910    -1.746    -1.585    -1.428    -1.277    -1.132     -.993     -.861
     -.734     -.613     -.497     -.386     -.280     -.176     -.077      .021
      .116      .210      .303      .396      .489      .582      .676      .769
      .862      .953     1.043     1.131     1.215     1.295     1.370     1.439
     1.503     1.561     1.614     1.661     1.703     1.741     1.775     1.805
     1.832     1.856     1.877     1.896     1.912     1.926     1.938     1.947
     1.953     1.957     1.959     1.959     1.956     1.952     1.947     1.939
     1.930     1.919     1.906     1.893     1.879     1.866     1.856     1.849
     1.846     1.846     1.850     1.857     1.870     1.887     1.909     1.936
     1.967     2.005     2.049     2.100     2.158     2.220     2.288     2.359
     2.434     2.509     2.583     2.654     2.721     2.783     2.841     2.892
     2.937     2.975     3.007     3.033     3.056     3.074     3.091     3.107
     3.123     3.142     3.164     3.190     3.221     3.257     3.298     3.341
     3.387     3.435     3.483     3.532     3.579     3.624     3.666     3.702
     3.732     3.753     3.766     3.770     3.764     3.752     3.733     3.711
     3.687     3.662     3.641     3.623     3.610     3.604     3.605     3.612
     3.626     3.645     3.670     3.700     3.736     3.776     3.820     3.867
     3.915     3.963     4.008     4.048     4.082     4.109     4.126     4.133
     4.130     4.118     4.096     4.067     4.031     3.991     3.947     3.902
     3.857     3.815     3.777     3.744     3.717     3.699     3.688     3.684
     3.688     3.698     3.714     3.733     3.754     3.777     3.799     3.820
     3.836     3.849     3.854     3.853     3.842     3.822     3.792     3.751
     3.703     3.647     3.587     3.524     3.461     3.399     3.341     3.288
     3.242     3.204     3.178     3.164     3.164     3.180     3.211     3.258
     3.320     3.396     3.485     3.584     3.691     3.804     3.920     4.038
     4.154     4.269     4.379     4.484     4.583     4.675     4.760     4.836
     4.905     4.966     5.021     5.070     5.113     5.152     5.187     5.220
     5.253     5.287     5.324     5.364     5.409     5.460     5.517     5.579
     5.647     5.719     5.796     5.877     5.961     6.048     6.136     6.224
     6.312     6.396     6.477     6.553     6.623     6.688     6.748     6.804
     6.856     6.904     6.950     6.994     7.035     7.075     7.113     7.150
     7.185     7.218     7.247     7.274     7.296     7.313     7.325     7.332
     7.332     7.326     7.313     7.293     7.264     7.227     7.182     7.130
     7.071     7.007     6.937     6.864     6.787     6.707     6.626     6.542
     6.457     6.372     6.286     6.199     6.114     6.028     5.943     5.857
     5.772     5.686     5.598     5.509     5.419     5.326     5.231     5.135
     5.037     4.938     4.839     4.739     4.640     4.541     4.443     4.347
     4.252     4.159     4.070     3.984     3.903     3.827     3.756     3.689
     3.628     3.570     3.517     3.468     3.422     3.381     3.343     3.308
     3.276     3.247     3.220     3.195     3.171     3.150     3.130     3.111
     3.095     3.080     3.068     3.058     3.050     3.045     3.043     3.043
     3.044     3.047     3.051     3.055     3.059     3.061     3.063     3.062
     3.058     3.050     3.038     3.021     2.999     2.971     2.938     2.899
     2.855     2.806     2.752     2.695     2.636     2.575     2.514     2.452
     2.392     2.332     2.275     2.219     2.164     2.111     2.058     2.007
     1.957     1.908     1.859     1.812     1.765     1.717     1.668     1.617
     1.564     1.506     1.444     1.378     1.308     1.233     1.155     1.074
      .992      .909      .826      .743      .660      .578      .497      .417
      .336      .255      .172      .089      .003     -.085     -.177     -.272
     -.371     -.474     -.582     -.695     -.813     -.935    -1.063    -1.194
    -1.327    -1.461    -1.594    -1.723    -1.848    -1.967    -2.077    -2.180
    -2.274    -2.358    -2.432    -2.494    -2.544    -2.582    -2.609    -2.624
    -2.628    -2.624    -2.611    -2.592    -2.567    -2.538    -2.508    -2.476
    -2.445    -2.415    -2.388    -2.364    -2.343    -2.327    -2.315    -2.306
    -2.301    -2.299    -2.299    -2.300    -2.302    -2.304    -2.306    -2.307
    -2.307    -2.306    -2.302    -2.295    -2.285    -2.271    -2.252    -2.228
    -2.201    -2.170    -2.135    -2.099    -2.062    -2.026    -1.991    -1.958
    -1.929    -1.903    -1.881    -1.863    -1.850    -1.842    -1.840    -1.843
    -1.852    -1.868    -1.889    -1.915    -1.946    -1.981    -2.019    -2.059
    -2.101    -2.143    -2.185    -2.226    -2.266    -2.304    -2.340    -2.374
    -2.407    -2.437    -2.466    -2.494    -2.522    -2.549    -2.577    -2.607
    -2.639    -2.674    -2.712    -2.754    -2.801    -2.852    -2.909    -2.971
    -3.037    -3.108    -3.181    -3.257    -3.333    -3.410    -3.484    -3.557
    -3.628    -3.695    -3.758    -3.816    -3.869    -3.916    -3.956    -3.991
    -4.019    -4.044    -4.064    -4.082    -4.099    -4.115    -4.132    -4.150
    -4.169    -4.191    -4.214    -4.239    -4.265    -4.292    -4.319    -4.344
    -4.369    -4.390    -4.409    -4.425    -4.437    -4.446    -4.451    -4.453
    -4.451    -4.446    -4.439    -4.430    -4.419    -4.408    -4.398    -4.390
    -4.386    -4.386    -4.392    -4.404    -4.423    -4.449    -4.483    -4.523
    -4.571    -4.626    -4.687    -4.754    -4.825    -4.900    -4.978    -5.057
    -5.136    -5.215    -5.292    -5.368    -5.441    -5.511    -5.579    -5.644
    -5.707    -5.770    -5.832    -5.895    -5.959    -6.025    -6.094    -6.167
    -6.243    -6.324    -6.409    -6.499    -6.593    -6.691    -6.792    -6.896
    -7.001    -7.107    -7.212    -7.316    -7.417    -7.515    -7.609    -7.698
    -7.782    -7.858    -7.928    -7.990    -8.045    -8.093    -8.136    -8.173
    -8.206    -8.235    -8.261    -8.286    -8.311    -8.336    -8.362    -8.391
    -8.422    -8.456    -8.493    -8.533    -8.575    -8.618    -8.660    -8.701
    -8.740    -8.775    -8.804    -8.828    -8.845    -8.854    -8.854    -8.846
    -8.830    -8.805    -8.772    -8.733    -8.687    -8.636    -8.581    -8.522
    -8.461    -8.398    -8.333    -8.267    -8.200    -8.133    -8.064    -7.995
    -7.923    -7.848    -7.771    -7.690    -7.604    -7.513    -7.417    -7.314
    -7.205    -7.089    -6.966    -6.838    -6.702    -6.561    -6.415    -6.265
    -6.111    -5.954    -5.795    -5.635    -5.475    -5.315    -5.155    -4.997
    -4.841    -4.687    -4.536    -4.388    -4.242    -4.100    -3.960    -3.822
    -3.687    -3.555    -3.425    -3.296    -3.170    -3.046    -2.922    -2.800
    -2.678    -2.556    -2.435    -2.313    -2.191    -2.068    -1.944    -1.821
    -1.697    -1.572    -1.447    -1.321    -1.195    -1.068     -.941     -.813
     -.685     -.556     -.427     -.297     -.167     -.037      .092      .220
      .344      .466      .584      .697      .804      .907     1.004     1.097
     1.185     1.269     1.350     1.429     1.504     1.578     1.650     1.720
     1.790     1.859     1.928     1.996     2.064     2.132     2.199     2.266
     2.332     2.397     2.461     2.523     2.583     2.640     2.695     2.747
     2.796     2.843     2.888     2.930     2.970     3.008     3.043     3.077
     3.109     3.138     3.167     3.195     3.223     3.253     3.284     3.319
     3.356     3.398     3.443     3.493     3.546     3.604     3.664     3.727
     3.793     3.860     3.928     3.997     4.066     4.134     4.201     4.266
     4.329     4.390     4.448     4.505     4.558     4.610     4.660     4.707
     4.753     4.797     4.841     4.883     4.925     4.967     5.008     5.049
     5.091     5.132     5.173     5.213     5.253     5.293     5.331     5.368
     5.404     5.439     5.473     5.507     5.540     5.573     5.604     5.636
     5.666     5.696     5.726     5.755     5.785     5.814     5.844     5.873
     5.902     5.931     5.960     5.988     6.015     6.041     6.066     6.090
     6.114     6.137     6.160     6.184     6.207     6.231     6.254     6.278
     6.301     6.324     6.346     6.368     6.389     6.409     6.429     6.448
     6.468     6.486     6.505     6.523     6.540     6.557     6.572     6.587
     6.601     6.614     6.627     6.639     6.651     6.663     6.675     6.686
     6.696     6.706     6.715     6.723     6.729     6.734     6.736     6.736
     6.735     6.731     6.726     6.719     6.709     6.698     6.684     6.667
     6.648     6.627     6.602     6.576     6.548     6.519     6.489     6.457
     6.425     6.393     6.360     6.326     6.290     6.253     6.214     6.172
     6.128     6.082     6.032     5.979     5.924     5.866     5.805     5.742
     5.677     5.610     5.541     5.471     5.399     5.326     5.252     5.178
     5.104     5.030     4.957     4.885     4.814     4.744     4.675     4.607
     4.541     4.476     4.413     4.352     4.293     4.235     4.179     4.124
     4.070     4.016     3.962     3.907     3.852     3.797     3.742     3.686
     3.630     3.574     3.517     3.459     3.402     3.344     3.287     3.230
     3.174     3.119     3.066     3.016     2.966     2.920     2.875     2.832
     2.792     2.754     2.718     2.684     2.651     2.619     2.588     2.557
     2.526     2.494     2.460     2.425     2.388     2.349     2.308     2.265
     2.221     2.175     2.129     2.082     2.036     1.991     1.947     1.903
     1.862     1.822     1.784     1.747     1.713     1.679     1.648     1.617
     1.586     1.556     1.525     1.494     1.462     1.428     1.393     1.354
     1.312     1.266     1.216     1.161     1.102     1.039      .971      .900
      .826      .749      .670      .591      .511      .431      .352      .274
      .197      .121      .046     -.029     -.104     -.178     -.253     -.329
     -.406     -.484     -.563     -.645     -.727     -.811     -.895     -.980
    -1.065    -1.150    -1.235    -1.318    -1.401    -1.482    -1.560    -1.635
    -1.707    -1.775    -1.838    -1.898    -1.952    -2.003    -2.048    -2.090
    -2.128    -2.163    -2.194    -2.223    -2.249    -2.273    -2.296    -2.319
    -2.341    -2.362    -2.384    -2.407    -2.431    -2.456    -2.482    -2.509
    -2.537    -2.567    -2.598    -2.629    -2.661    -2.692    -2.723    -2.753
    -2.781    -2.808    -2.832    -2.854    -2.874    -2.891    -2.905    -2.918
    -2.929    -2.938    -2.946    -2.954    -2.961    -2.970    -2.979    -2.990
    -3.003    -3.018    -3.036    -3.057    -3.081    -3.108    -3.138    -3.171
    -3.207    -3.244    -3.283    -3.324    -3.365    -3.407    -3.449    -3.490
    -3.529    -3.567    -3.603    -3.638    -3.671    -3.701    -3.730    -3.757
    -3.783    -3.808    -3.832    -3.855    -3.878    -3.899    -3.920    -3.941
    -3.960    -3.979    -3.996    -4.013    -4.029    -4.044    -4.059    -4.073
    -4.086    -4.098    -4.109    -4.118    -4.126    -4.132    -4.136    -4.137
    -4.137    -4.135    -4.130    -4.124    -4.115    -4.105    -4.093    -4.079
    -4.063    -4.046    -4.028    -4.008    -3.987    -3.966    -3.943    -3.920
    -3.897    -3.873    -3.849    -3.824    -3.799    -3.772    -3.745    -3.717
    -3.687    -3.656    -3.623    -3.588    -3.551    -3.512    -3.471    -3.428
    -3.383    -3.336    -3.288    -3.239    -3.188    -3.137    -3.085    -3.033
    -2.981    -2.930    -2.880    -2.833    -2.789    -2.748    -2.710    -2.675
    -2.644    -2.616    -2.591    -2.569    -2.549    -2.532    -2.516    -2.503
    -2.490    -2.478    -2.465    -2.452    -2.438    -2.422    -2.404    -2.384
    -2.363    -2.340    -2.316    -2.292    -2.268    -2.244    -2.222    -2.202
    -2.184    -2.169    -2.157    -2.147    -2.139    -2.134    -2.132    -2.131
    -2.132    -2.135    -2.139    -2.144    -2.149    -2.155    -2.160    -2.164
    -2.168    -2.170    -2.170    -2.169    -2.168    -2.165    -2.161    -2.157
    -2.151    -2.144    -2.135    -2.124    -2.112    -2.098    -2.082    -2.064
    -2.044    -2.022    -1.998    -1.972    -1.943    -1.912    -1.878    -1.841
    -1.802    -1.759    -1.715    -1.668    -1.619    -1.570    -1.519    -1.469
    -1.418    -1.368    -1.318    -1.269    -1.221    -1.175    -1.129    -1.085
    -1.041     -.998     -.956     -.914     -.874     -.834     -.794     -.755
     -.715     -.676     -.636     -.595     -.553     -.512     -.470     -.428
     -.387     -.346     -.305     -.264     -.224     -.183     -.144     -.104
     -.064     -.025      .013      .051      .088      .124      .159      .193
      .224      .254      .283      .309      .334      .356      .377      .397
      .414      .430      .444      .457      .468      .478      .488      .496
      .504      .511      .517      .523      .528      .532      .536      .540
      .543      .546      .549      .553      .556      .560      .565      .571
      .579      .588      .599      .612      .628      .646      .666      .688
      .713      .740      .769      .800      .832      .866      .900      .936
      .972     1.008     1.044     1.080     1.116     1.151     1.185     1.218
     1.251     1.282     1.313     1.343     1.371     1.398     1.425     1.451
     1.476     1.500     1.523     1.546     1.569     1.591     1.613     1.634
     1.655     1.674     1.691     1.707     1.722     1.734     1.744     1.753
     1.760     1.765     1.769     1.772     1.775     1.776     1.778     1.779
     1.780     1.781     1.782     1.783     1.783     1.782     1.780     1.776
     1.770     1.762     1.753     1.740     1.726     1.710     1.692     1.673
     1.651     1.629     1.606     1.581     1.556     1.530     1.504     1.478
     1.452     1.426     1.400     1.374     1.349     1.324     1.298     1.273
     1.247     1.222     1.197     1.171     1.147     1.123     1.100     1.078
     1.059     1.042     1.027     1.016     1.007     1.002     1.000     1.002
     1.007     1.015     1.027     1.042     1.060     1.079     1.101     1.124
     1.147     1.171     1.195     1.218     1.241     1.262     1.283     1.303
     1.321     1.339     1.355     1.371     1.385     1.399     1.412     1.425
     1.437     1.449     1.461     1.473     1.486     1.499     1.513     1.528
     1.544     1.559     1.575     1.590     1.604     1.616     1.627     1.635
     1.641     1.644     1.644     1.641     1.634     1.624     1.610     1.592
     1.570     1.546     1.518     1.487     1.453     1.417     1.379     1.339
     1.299     1.257     1.215     1.172     1.128     1.084     1.039      .994
      .947      .900      .853      .805      .756      .707      .658      .609
      .560      .512      .464      .416      .369      .323      .278      .233
      .188      .145      .102      .061      .020     -.018     -.056     -.092
     -.127     -.160     -.192     -.222     -.251     -.278     -.303     -.327
     -.348     -.368     -.385     -.401     -.414     -.425     -.434     -.441
     -.446     -.448     -.449     -.448     -.444     -.438     -.431     -.422
     -.411     -.399     -.386     -.371     -.357     -.342     -.326     -.311
     -.296     -.281     -.267     -.254     -.241     -.228     -.215     -.202
     -.189     -.174     -.159     -.144     -.127     -.110     -.093     -.075
     -.057     -.039     -.022     -.004      .013      .030      .047      .063
      .078      .093      .106      .118      .129      .138      .145      .149
      .153      .154      .153      .151      .148      .144      .138      .132
      .125      .117      .108      .099      .090      .082      .073      .064
      .056      .048      .041      .034      .027      .021      .015      .009
      .003     -.003     -.009     -.014     -.019     -.023     -.027     -.030
     -.032     -.033     -.034     -.035     -.036     -.036     -.035     -.034
     -.032     -.029     -.025     -.019     -.012     -.002      .010      .024
      .041      .061      .083      .109      .137      .167      .200      .235
      .272      .312      .353      .396      .440      .485      .530      .575
      .620      .665      .708      .750      .791      .830      .867      .902
      .934      .963      .989     1.012     1.032     1.049     1.064     1.076
     1.085     1.093     1.098     1.101     1.103     1.103     1.102     1.099
     1.096     1.092     1.086     1.080     1.073     1.065     1.056     1.046
     1.036     1.024     1.011      .997      .982      .966      .948      .929
      .909      .888      .866      .843      .821      .797      .774      .751
      .729      .706      .684      .662      .640      .618      .597      .575
      .554      .533      .512      .490      .469      .447      .424      .401
      .378      .354      .329      .304      .279      .253      .227      .200
      .173      .145      .117      .088      .058      .028     -.003     -.034
     -.065     -.097     -.127     -.158     -.188     -.218     -.248     -.277
     -.307     -.336     -.365     -.394     -.423     -.450     -.477     -.502
     -.527     -.550     -.573     -.595     -.617     -.639     -.661     -.683
     -.707     -.730     -.755     -.779     -.804     -.829     -.854     -.879
     -.903     -.926     -.949     -.971     -.991    -1.011    -1.030    -1.047
    -1.064    -1.079    -1.094    -1.107    -1.120    -1.132    -1.143    -1.155
    -1.166    -1.179    -1.191    -1.205    -1.220    -1.235    -1.252    -1.270
    -1.290    -1.311    -1.333    -1.356    -1.380    -1.404    -1.429    -1.454
    -1.478    -1.502    -1.525    -1.546    -1.567    -1.586    -1.604    -1.620
    -1.635    -1.649    -1.661    -1.671    -1.680    -1.687    -1.692    -1.695
    -1.696    -1.694    -1.691    -1.686    -1.679    -1.670    -1.660    -1.649
    -1.636    -1.623    -1.608    -1.593    -1.577    -1.560    -1.543    -1.524
    -1.505    -1.485    -1.464    -1.442    -1.419    -1.395    -1.370    -1.344
    -1.316    -1.288    -1.260    -1.230    -1.201    -1.171    -1.141    -1.112
    -1.083    -1.054    -1.027    -1.002     -.977     -.955     -.935     -.918
     -.902     -.888     -.877     -.867     -.859     -.852     -.846     -.841
     -.838     -.835     -.833     -.831     -.830     -.830     -.829     -.829
     -.828     -.828     -.827     -.826     -.825     -.824     -.824     -.823
     -.824     -.825     -.826     -.828     -.831     -.834     -.838     -.842
     -.847     -.852     -.858     -.865     -.872     -.879     -.886     -.892
     -.898     -.904     -.908     -.911     -.913     -.913     -.910     -.905
     -.897     -.887     -.873     -.856     -.837     -.814     -.789     -.762
     -.733     -.703     -.671     -.639     -.607     -.575     -.543     -.512
     -.481     -.451     -.422     -.393     -.365     -.337     -.310     -.282
     -.255     -.228     -.200     -.172     -.143     -.114     -.083     -.052
     -.020      .012      .046      .080      .114      .148      .182      .215
      .248      .280      .311      .340      .368      .394      .419      .440
      .460      .478      .493      .506      .517      .526      .533      .538
      .542      .544      .544      .543      .541      .538      .535      .530
      .524      .518      .511      .502      .492      .481      .468      .454
      .438      .421      .403      .383      .362      .340      .317      .293
      .269      .244      .220      .195      .171      .147      .124      .102
      .081      .061      .042      .025      .010     -.003     -.014     -.022
     -.028     -.030     -.029     -.026     -.019     -.010      .002      .016
      .032      .050      .069      .090      .112      .135      .159      .185
      .213      .242      .272      .304      .338      .375      .412      .452
      .493      .536      .580      .624      .670      .716      .763      .811
      .859      .907      .955     1.003     1.051     1.100     1.147     1.194
     1.238     1.282     1.323     1.361     1.397     1.429     1.459     1.485
     1.509     1.530     1.549     1.565     1.579     1.591     1.601     1.610
     1.618     1.624     1.630     1.634     1.637     1.639     1.640     1.639
     1.637     1.633     1.628     1.621     1.612     1.602     1.590     1.577
     1.563     1.547     1.530     1.511     1.491     1.469     1.445     1.419
     1.392     1.363     1.332     1.299     1.264     1.228     1.190     1.151
     1.111     1.071     1.030      .990      .951      .913      .877      .843
      .811      .783      .758      .737      .719      .705      .693      .684
      .678      .674      .671      .669      .668      .668      .667      .666
      .665      .662      .659      .655      .650      .643      .636      .629
      .621      .612      .604      .596      .589      .582      .575      .570
      .564      .559      .554      .549      .544      .538      .532      .526
      .519      .512      .504      .495      .486      .476      .465      .453
      .440      .426      .412      .398      .384      .370      .356      .342
      .329      .317      .304      .292      .280      .269      .258      .246
      .235      .223      .211      .199      .186      .173      .158      .143
      .127      .110      .092      .074      .054      .034      .013     -.009
     -.032     -.055     -.078     -.102     -.126     -.150     -.174     -.198
     -.223     -.247     -.271     -.296     -.320     -.343     -.366     -.389
     -.410     -.431     -.449     -.466     -.481     -.494     -.505     -.514
     -.521     -.526     -.529     -.530     -.529     -.526     -.521     -.515
     -.508     -.500     -.490     -.479     -.467     -.455     -.441     -.427
     -.412     -.397     -.380     -.363     -.345     -.326     -.306     -.285
     -.264     -.242     -.220     -.197     -.174     -.151     -.128     -.106
     -.084     -.063     -.043     -.025     -.007      .008      .022      .034
      .045      .053      .060      .065      .068      .070      .071      .071
      .069      .067      .064      .060      .056      .051      .046      .041
      .037      .032      .028      .024      .021      .018      .016      .014
      .013      .011      .010      .009      .008      .008      .007      .007
      .007      .007      .008      .009      .010      .012      .014      .017
      .020      .024      .029      .035      .041      .048      .056      .064
      .073      .083      .094      .106      .118      .131      .146      .160
      .176      .192      .209      .226      .244      .261      .279      .297
      .314      .331      .347      .362      .376      .388      .399      .409
      .417      .424      .428      .432      .434      .435      .435      .435
      .433      .431      .428      .426      .423      .421      .419      .417
      .416      .415      .416      .417      .419      .421      .424      .427
      .430      .432      .434      .435      .435      .434      .432      .429
      .425      .420      .413      .406      .397      .388      .377      .367
      .356      .345      .333      .322      .311      .300      .290      .280
      .271      .262      .254      .247      .239      .232      .225      .218
      .210      .202      .193      .184      .174      .164      .153      .141
      .128      .116      .103      .090      .077      .065      .053      .042
      .032      .023      .015      .008      .003     -.002     -.005     -.007
     -.009     -.009     -.010     -.010     -.010     -.010     -.010     -.010
     -.010     -.011     -.012     -.014     -.016     -.018     -.022     -.026
     -.031     -.036     -.043     -.049     -.057     -.065     -.074     -.083
     -.093     -.104     -.115     -.127     -.140     -.154     -.169     -.185
     -.202     -.220     -.238     -.257     -.276     -.296     -.316     -.336
     -.357     -.377     -.396     -.416     -.435     -.454     -.473     -.491
     -.510     -.528     -.546     -.564     -.583     -.602     -.621     -.641
     -.661     -.682     -.703     -.725     -.747     -.769     -.792     -.815
     -.838     -.862     -.886     -.909     -.933     -.957     -.982    -1.006
    -1.031    -1.056    -1.080    -1.105    -1.131    -1.156    -1.182    -1.209
    -1.236    -1.263    -1.292    -1.321    -1.351    -1.381    -1.412    -1.443
    -1.474    -1.506    -1.538    -1.570    -1.602    -1.634    -1.666    -1.699
    -1.731    -1.764    -1.797    -1.830    -1.863    -1.897    -1.931    -1.965
    -1.999    -2.033    -2.068    -2.103    -2.139    -2.174    -2.210    -2.246
    -2.282    -2.318    -2.352    -2.386    -2.419    -2.451    -2.480    -2.508
    -2.533    -2.556    -2.575    -2.592    -2.606    -2.616    -2.623    -2.627
    -2.628    -2.627    -2.622    -2.616    -2.607    -2.596    -2.584    -2.571
    -2.556    -2.541    -2.525    -2.508    -2.490    -2.472    -2.453    -2.433
    -2.412    -2.391    -2.368    -2.343    -2.317    -2.289    -2.259    -2.226
    -2.192    -2.156    -2.117    -2.076    -2.034    -1.989    -1.943    -1.895
    -1.845    -1.795    -1.743    -1.691    -1.637    -1.584    -1.530    -1.475
    -1.421    -1.366    -1.312    -1.257    -1.202    -1.147    -1.092    -1.038
     -.984     -.930     -.876     -.822     -.769     -.716     -.663     -.610
     -.557     -.504     -.451     -.398     -.344     -.291     -.238     -.186
     -.134     -.083     -.033      .017      .066      .113      .160      .205
      .249      .292      .333      .372      .410      .446      .480      .513
      .544      .574      .602      .629      .654      .679      .702      .725
      .747      .768      .789      .809      .830      .850      .870      .891
      .913      .935      .957      .981     1.005     1.030     1.056     1.082
     1.110     1.138     1.166     1.196     1.225     1.255     1.285     1.314
     1.344     1.373     1.401     1.429     1.455     1.482     1.507     1.532
     1.556     1.580     1.604     1.628     1.651     1.674     1.697     1.721
     1.744     1.767     1.790     1.814     1.837     1.859     1.882     1.905
     1.927     1.949     1.971     1.992     2.013     2.033     2.052     2.070
     2.088     2.104     2.119     2.134     2.147     2.159     2.170     2.180
     2.189     2.197     2.203     2.209     2.213     2.215     2.216     2.216
     2.215     2.212     2.208     2.203     2.196     2.188     2.179     2.169
     2.157     2.144     2.130     2.114     2.097     2.079     2.060     2.040
     2.019     1.996     1.973     1.949     1.923     1.897     1.870     1.842
     1.814     1.785     1.755     1.725     1.695     1.665     1.635     1.604
     1.574     1.544     1.513     1.482     1.450     1.418     1.387     1.356
     1.325     1.294     1.263     1.233     1.203     1.173     1.144     1.115
     1.086     1.057     1.029     1.001      .974      .948      .923      .899
      .876      .854      .834      .814      .795      .778      .762      .747
      .733      .720      .709      .697      .687      .676      .666      .655
      .644      .633      .621      .609      .596      .582      .568      .554
      .540      .526      .511      .497      .484      .470      .457      .444
      .432      .420      .408      .397      .385      .374      .362      .349
      .336      .322      .306      .290      .273      .255      .236      .217
      .198      .178      .159      .139      .120      .101      .083      .064
      .046      .028      .011     -.007     -.024     -.042     -.061     -.079
     -.099     -.119     -.140     -.162     -.185     -.209     -.235     -.262
     -.289     -.317     -.346     -.376     -.405     -.435     -.464     -.494
     -.522     -.550     -.576     -.602     -.626     -.649     -.669     -.688
     -.706     -.721     -.735     -.748     -.760     -.770     -.780     -.789
     -.797     -.805     -.813     -.821     -.828     -.835     -.842     -.849
     -.855     -.860     -.865     -.869     -.872     -.874     -.874     -.873
     -.870     -.866     -.861     -.855     -.849     -.841     -.834     -.825
     -.817     -.809     -.801     -.793     -.785     -.777     -.770     -.762
     -.755     -.747     -.740     -.732     -.725     -.717     -.710     -.702
     -.694     -.687     -.679     -.672     -.664     -.657     -.651     -.645
     -.640     -.635     -.631     -.628     -.626     -.625     -.625     -.627
     -.630     -.635     -.641     -.648     -.657     -.667     -.678     -.690
     -.702     -.714     -.726     -.739     -.752     -.765     -.778     -.790
     -.803     -.815     -.827     -.839     -.850     -.860     -.871     -.881
     -.890     -.900     -.909     -.917     -.926     -.933     -.941     -.947
     -.953     -.959     -.963     -.967     -.971     -.974     -.976     -.976
     -.976     -.974     -.971     -.967     -.961     -.955     -.947     -.939
     -.929     -.918     -.904     -.890     -.873     -.855     -.836     -.815
     -.793     -.771     -.748     -.725     -.701     -.677     -.652     -.626
     -.599     -.572     -.545     -.517     -.490     -.462     -.434     -.406
     -.377     -.348     -.319     -.290     -.261     -.230     -.199     -.168
     -.135     -.102     -.069     -.035     -.001      .033      .068      .102
      .137      .171      .205      .238      .271      .303      .334      .364
      .392      .420      .445      .470      .492      .513      .533      .551
      .567      .581      .594      .604      .613      .620      .625      .629
      .631      .632      .632      .630      .627      .624      .619      .614
      .609      .602      .595      .586      .577      .567      .555      .543
      .531      .517      .504      .491      .477      .464      .452      .440
      .430      .421      .413      .406      .402      .398      .396      .396
      .397      .399      .403      .408      .414      .421      .428      .435
      .442      .449      .455      .462      .468      .474      .480      .486
      .492      .498      .505      .512      .520      .529      .538      .548
      .559      .571      .583      .596      .609      .622      .635      .649
      .662      .675      .687      .698      .709      .717      .725      .731
      .736      .739      .741      .743      .743      .743      .742      .740
      .738      .736      .734      .731      .729      .727      .725      .723
      .722      .720      .720      .719      .719      .718      .718      .717
      .717      .715      .714      .712      .711      .708      .706      .703
      .701      .698      .695      .692      .689      .687      .685      .684
      .684      .684      .687      .689      .693      .698      .703      .710
      .717      .725      .734      .744      .754      .765      .777      .788
      .800      .813      .825      .838      .851      .864      .877      .890
      .903      .915      .927      .937      .947      .955      .962      .969
      .974      .978      .981      .983      .984      .985      .985      .984
      .983      .981      .979      .977      .975      .974      .974      .975
      .978      .982      .987      .992      .998     1.003     1.007     1.011
     1.013     1.015     1.017     1.017     1.016     1.013     1.009     1.002
      .994      .983      .970      .957      .942      .926      .910      .894
      .878      .862      .845      .828      .811      .793      .774      .755
      .735      .715      .694      .672      .650      .625      .600      .573
      .544      .515      .484      .453      .421      .389      .358      .326
      .296      .266      .237      .208      .179      .151      .122      .093
      .064      .034      .004     -.027     -.058     -.089     -.120     -.152
     -.184     -.216     -.248     -.280     -.313     -.346     -.379     -.413
     -.446     -.479     -.511     -.541     -.570     -.597     -.622     -.645
     -.666     -.687     -.706     -.725     -.743     -.761     -.779     -.796
     -.812     -.828     -.845     -.860     -.876     -.892     -.909     -.925
     -.942     -.957     -.973     -.988    -1.001    -1.014    -1.026    -1.038
    -1.048    -1.058    -1.067    -1.076    -1.084    -1.092    -1.099    -1.107
    -1.115    -1.124    -1.133    -1.142    -1.152    -1.163    -1.175    -1.189
    -1.204    -1.220    -1.238    -1.256    -1.276    -1.295    -1.314    -1.334
    -1.353    -1.371    -1.390    -1.407    -1.425    -1.442    -1.459    -1.476
    -1.493    -1.509    -1.525    -1.541    -1.557    -1.572    -1.589    -1.605
    -1.622    -1.638    -1.655    -1.672    -1.689    -1.706    -1.722    -1.738
    -1.753    -1.767    -1.780    -1.791    -1.802    -1.811    -1.818    -1.825
    -1.830    -1.833    -1.836    -1.838    -1.839    -1.839    -1.838    -1.837
    -1.836    -1.835    -1.834    -1.832    -1.831    -1.830    -1.829    -1.828
    -1.827    -1.825    -1.822    -1.819    -1.815    -1.809    -1.801    -1.793
    -1.782    -1.770    -1.757    -1.742    -1.726    -1.709    -1.691    -1.672
    -1.652    -1.632    -1.611    -1.590    -1.569    -1.547    -1.525    -1.503
    -1.482    -1.460    -1.439    -1.417    -1.396    -1.374    -1.352    -1.330
    -1.308    -1.285    -1.261    -1.238    -1.214    -1.191    -1.168    -1.146
    -1.125    -1.105    -1.087    -1.070    -1.055    -1.042    -1.031    -1.022
    -1.016    -1.011    -1.009    -1.009    -1.011    -1.014    -1.019    -1.025
    -1.032    -1.040    -1.047    -1.055    -1.063    -1.070    -1.076    -1.082
    -1.087    -1.091    -1.094    -1.096    -1.097    -1.096    -1.095    -1.094
    -1.091    -1.087    -1.083    -1.078    -1.072    -1.066    -1.059    -1.052
    -1.044    -1.035    -1.026    -1.016    -1.005     -.994     -.982     -.970
     -.956     -.940     -.923     -.905     -.884     -.862     -.838     -.812
     -.785     -.756     -.725     -.694     -.662     -.629     -.595     -.561
     -.526     -.490     -.454     -.417     -.380     -.343     -.305     -.268
     -.230     -.191     -.153     -.113     -.073     -.032      .011      .054
      .099      .144      .190      .235      .281      .326      .371      .416
      .461      .504      .548      .590      .631      .670      .708      .745
      .779      .812      .842      .870      .896      .920      .943      .963
      .982      .999     1.015     1.029     1.041     1.052     1.061     1.069
     1.074     1.079     1.081     1.082     1.081     1.078     1.073     1.067
     1.060     1.051     1.040     1.028     1.015     1.001      .986      .970
      .954      .937      .919      .901      .882      .863      .843      .822
      .801      .779      .757      .735      .713      .690      .668      .646
      .625      .604      .584      .564      .545      .528      .512      .498
      .485      .474      .465      .457      .452      .448      .446      .445
      .446      .449      .452      .458      .464      .472      .481      .491
      .502      .514      .528      .544      .560      .579      .599      .621
      .644      .669      .696      .725      .755      .786      .819      .852
      .886      .920      .955      .989     1.023     1.056     1.088     1.120
     1.150     1.179     1.207     1.233     1.258     1.281     1.304     1.324
     1.344     1.362     1.379     1.396     1.411     1.426     1.441     1.454
     1.467     1.480     1.492     1.504     1.515     1.526     1.536     1.546
     1.555     1.563     1.570     1.577     1.582     1.585     1.587     1.587
     1.585     1.581     1.575     1.567     1.558     1.547     1.535     1.522
     1.507     1.492     1.477     1.460     1.443     1.426     1.408     1.391
     1.373     1.356     1.339     1.322     1.305     1.288     1.271     1.254
     1.237     1.220     1.202     1.184     1.165     1.146     1.127     1.108
     1.089     1.070     1.051     1.033     1.015      .998      .981      .965
      .949      .935      .921      .908      .896      .885      .875      .867
      .860      .854      .849      .845      .842      .839      .836      .834
      .832      .831      .830      .829      .828      .828      .828      .828
      .828      .829      .830      .832      .834      .837      .840      .844
      .848      .852      .857      .862      .866      .870      .874      .877
      .879      .881      .881      .881      .880      .878      .876      .873
      .869      .865      .860      .854      .847      .840      .832      .823
      .814      .804      .794      .784      .773      .762      .751      .740
      .728      .716      .703      .691      .678      .665      .653      .642
      .630      .620      .610      .600      .591      .583      .575      .567
      .561      .554      .548      .543      .537      .532      .527      .522
      .516      .510      .504      .497      .490      .482      .474      .466
      .457      .449      .440      .431      .422      .413      .405      .396
      .387      .379      .371      .363      .356      .348      .341      .333
      .325      .316      .306      .296      .285      .272      .259      .244
      .228      .212      .195      .177      .159      .141      .123      .105
      .088      .071      .055      .039      .023      .009     -.006     -.021
     -.035     -.050     -.065     -.081     -.097     -.114     -.131     -.149
     -.168     -.187     -.206     -.226     -.245     -.264     -.283     -.302
     -.320     -.337     -.353     -.368     -.381     -.393     -.403     -.412
     -.419     -.425     -.430     -.433     -.436     -.438     -.439     -.440
     -.441     -.442     -.444     -.445     -.447     -.449     -.451     -.454
     -.457     -.459     -.462     -.463     -.465     -.465     -.465     -.464
     -.462     -.460     -.458     -.455     -.452     -.450     -.447     -.444
     -.441     -.439     -.437     -.435     -.435     -.436     -.438     -.442
     -.447     -.454     -.462     -.472     -.482     -.494     -.507     -.520
     -.534     -.548     -.562     -.577     -.591     -.607     -.622     -.638
     -.654     -.671     -.688     -.707     -.726     -.746     -.767     -.789
     -.812     -.836     -.861     -.887     -.913     -.941     -.968     -.996
    -1.023    -1.051    -1.077    -1.104    -1.130    -1.156    -1.181    -1.205
    -1.228    -1.250    -1.272    -1.292    -1.311    -1.329    -1.347    -1.363
    -1.378    -1.392    -1.406    -1.419    -1.432    -1.444    -1.457    -1.469
    -1.481    -1.492    -1.504    -1.516    -1.527    -1.539    -1.550    -1.561
    -1.572    -1.583    -1.594    -1.603    -1.612    -1.620    -1.628    -1.634
    -1.639    -1.643    -1.646    -1.649    -1.650    -1.650    -1.649    -1.647
    -1.645    -1.642    -1.638    -1.634    -1.629    -1.624    -1.619    -1.614
    -1.608    -1.603    -1.597    -1.591    -1.585    -1.579    -1.573    -1.567
    -1.562    -1.556    -1.550    -1.544    -1.538    -1.532    -1.526    -1.520
    -1.514    -1.508    -1.502    -1.495    -1.488    -1.482    -1.475    -1.468
    -1.461    -1.453    -1.446    -1.439    -1.431    -1.424    -1.416    -1.408
    -1.401    -1.393    -1.385    -1.377    -1.368    -1.360    -1.351    -1.342
    -1.332    -1.322    -1.312    -1.302    -1.291    -1.280    -1.269    -1.258
    -1.246    -1.234    -1.222    -1.209    -1.195    -1.181    -1.167    -1.152
    -1.136    -1.120    -1.104    -1.087    -1.070    -1.052    -1.034    -1.016
     -.996     -.977     -.956     -.935     -.913     -.891     -.868     -.845
     -.821     -.796     -.771     -.746     -.719     -.693     -.666     -.639
     -.611     -.582     -.554     -.525     -.496     -.466     -.436     -.407
     -.377     -.347     -.317     -.288     -.259     -.230     -.201     -.172
     -.144     -.117     -.090     -.063     -.036     -.011      .014      .039
      .063      .086      .108      .130      .151      .171      .190      .209
      .227      .243      .259      .275      .289      .303      .316      .329
      .342      .354      .367      .379      .391      .404      .417      .430
      .443      .456      .470      .484      .498      .512      .527      .542
      .557      .572      .588      .604      .620      .636      .652      .668
      .683      .699      .715      .731      .748      .764      .780      .796
      .813      .829      .845      .862      .878      .894      .910      .926
      .942      .957      .973      .988     1.004     1.020     1.036     1.051
     1.067     1.083     1.098     1.114     1.129     1.145     1.161     1.178
     1.194     1.212     1.229     1.246     1.263     1.280     1.296     1.313
     1.328     1.344     1.359     1.374     1.389     1.404     1.420     1.436
     1.452     1.469     1.487     1.504     1.523     1.541     1.560     1.579
     1.598     1.617     1.636     1.655     1.674     1.693     1.711     1.729
     1.747     1.765     1.782     1.799     1.816     1.831     1.846     1.861
     1.874     1.887     1.899     1.910     1.920     1.929     1.937     1.945
     1.951     1.957     1.962     1.966     1.970     1.973     1.975     1.977
     1.978     1.978     1.977     1.975     1.973     1.970     1.965     1.960
     1.954     1.947     1.939     1.929     1.919     1.908     1.895     1.882
     1.867     1.852     1.835     1.817     1.798     1.778     1.756     1.734
     1.712     1.688     1.663     1.637     1.610     1.582     1.553     1.523
     1.493     1.462     1.429     1.396     1.363     1.329     1.294     1.258
     1.223     1.186     1.149     1.112     1.074     1.037      .998      .960
      .921      .882      .842      .803      .763      .723      .683      .642
      .601      .561      .520      .480      .440      .400      .361      .322
      .284      .247      .210      .174      .138      .104      .070      .037
      .004     -.028     -.059     -.090     -.121     -.151     -.182     -.212
     -.241     -.271     -.301     -.330     -.360     -.390     -.419     -.449
     -.478     -.507     -.535     -.563     -.590     -.616     -.642     -.667
     -.692     -.716     -.739     -.761     -.783     -.804     -.824     -.845
     -.864     -.883     -.903     -.922     -.940     -.959     -.978     -.996
    -1.014    -1.032    -1.050    -1.068    -1.085    -1.102    -1.118    -1.134
    -1.149    -1.164    -1.178    -1.191    -1.204    -1.216    -1.227    -1.238
    -1.248    -1.258    -1.267    -1.276    -1.284    -1.291    -1.298    -1.304
    -1.310    -1.315    -1.319    -1.323    -1.327    -1.330    -1.333    -1.335
    -1.337    -1.338    -1.339    -1.339    -1.339    -1.339    -1.339    -1.338
    -1.337    -1.336    -1.334    -1.333    -1.332    -1.331    -1.330    -1.329
    -1.328    -1.327    -1.327    -1.326    -1.326    -1.325    -1.325    -1.324
    -1.323    -1.321    -1.319    -1.317    -1.314    -1.311    -1.307    -1.303
    -1.297    -1.292    -1.285    -1.278    -1.270    -1.262    -1.253    -1.242
    -1.231    -1.220    -1.207    -1.193    -1.178    -1.162    -1.144    -1.125
    -1.105    -1.084    -1.061    -1.036    -1.010     -.984     -.956     -.928
     -.898     -.869     -.839     -.809     -.779     -.749     -.720     -.691
     -.662     -.635     -.607     -.581     -.554     -.529     -.503     -.478
     -.454     -.429     -.404     -.379     -.354     -.329     -.303     -.277
     -.251     -.224     -.197     -.170     -.142     -.115     -.087     -.060
     -.033     -.006      .021      .047      .072      .097      .121      .144
      .166      .188      .208      .228      .247      .265      .282      .299
      .315      .330      .344      .358      .371      .384      .396      .408
      .419      .429      .439      .448      .456      .463      .469      .473
      .477      .478      .479      .478      .477      .474      .470      .465
      .460      .453      .446      .438      .430      .421      .412      .403
      .393      .383      .373      .363      .352      .341      .330      .318
      .307      .295      .283      .271      .259      .247      .235      .223
      .210      .198      .185      .173      .161      .148      .137      .125
      .114      .104      .095      .086      .078      .072      .066      .061
      .056