      .031      .025      .019      .012      .006      .000     -.006     -.012
     -.017     -.023     -.029     -.035     -.041     -.047     -.053     -.059
     -.065     -.071     -.076     -.082     -.088     -.094     -.100     -.106
     -.111     -.117     -.123     -.128     -.134     -.140     -.145     -.151
     -.157     -.162     -.168     -.173     -.178     -.184     -.189     -.195
     -.200     -.206     -.212     -.218     -.223     -.229     -.234     -.240
     -.245     -.252     -.258     -.265     -.272     -.279     -.286     -.293
     -.299     -.306     -.312     -.319     -.326     -.333     -.341     -.349
     -.357     -.365     -.374     -.382     -.390     -.398     -.405     -.413
     -.421     -.429     -.437     -.444     -.452     -.460     -.468     -.475
     -.482     -.489     -.495     -.502     -.508     -.515     -.521     -.528
     -.534     -.540     -.547     -.553     -.559     -.565     -.571     -.577
     -.583     -.589     -.595     -.601     -.607     -.613     -.619     -.625
     -.631     -.636     -.642     -.647     -.653     -.659     -.665     -.671
     -.677     -.683     -.689     -.693     -.698     -.701     -.704     -.707
     -.709     -.712     -.715     -.719     -.722     -.726     -.729     -.732
     -.734     -.737     -.738     -.739     -.741     -.742     -.743     -.744
     -.746     -.748     -.749     -.752     -.755     -.757     -.761     -.764
     -.767     -.770     -.773     -.775     -.777     -.779     -.780     -.781
     -.782     -.783     -.784     -.785     -.786     -.787     -.789     -.791
     -.794     -.796     -.797     -.798     -.797     -.796     -.795     -.794
     -.793     -.793     -.794     -.796     -.797     -.799     -.800     -.801
     -.801     -.801     -.800     -.799     -.799     -.798     -.797     -.797
     -.797     -.797     -.796     -.795     -.794     -.792     -.789     -.788
     -.786     -.785     -.785     -.784     -.784     -.785     -.785     -.784
     -.783     -.781     -.778     -.775     -.772     -.769     -.766     -.762
     -.758     -.754     -.748     -.741     -.733     -.724     -.715     -.706
     -.697     -.688     -.680     -.673     -.665     -.658     -.650     -.642
     -.634     -.627     -.620     -.614     -.610     -.607     -.606     -.606
     -.608     -.610     -.612     -.614     -.615     -.617     -.618     -.618
     -.618     -.619     -.620     -.620     -.619     -.618     -.615     -.610
     -.604     -.595     -.586     -.575     -.563     -.549     -.536     -.521
     -.505     -.487     -.468     -.447     -.424     -.400     -.375     -.349
     -.324     -.298     -.273     -.249     -.224     -.200     -.177     -.154
     -.131     -.108     -.087     -.067     -.047     -.029     -.012      .004
      .019      .033      .046      .058      .068      .077      .085      .090
      .095      .099      .104      .108      .113      .119      .125      .131
      .139      .147      .157      .170      .184      .201      .219      .239
      .260      .283      .306      .331      .358      .386      .415      .445
      .477      .509      .542      .576      .611      .646      .681      .716
      .752      .787      .822      .856      .890      .922      .953      .982
     1.010     1.037     1.063     1.088     1.114     1.139     1.163     1.188
     1.211     1.235     1.258     1.281     1.304     1.326     1.347     1.368
     1.391     1.414     1.440     1.468     1.498     1.531     1.566     1.603
     1.642     1.681     1.723     1.765     1.809     1.852     1.895     1.936
     1.976     2.015     2.053     2.090     2.125     2.158     2.188     2.215
     2.239     2.260     2.278     2.295     2.309     2.323     2.336     2.348
     2.362     2.376     2.392     2.408     2.424     2.441     2.459     2.478
     2.499     2.521     2.544     2.569     2.595     2.624     2.656     2.691
     2.728     2.768     2.809     2.852     2.896     2.941     2.986     3.032
     3.078     3.123     3.167     3.211     3.255     3.299     3.341     3.383
     3.423     3.463     3.501     3.538     3.574     3.608     3.639     3.669
     3.697     3.724     3.751     3.778     3.805     3.831     3.857     3.882
     3.906     3.928     3.951     3.973     3.997     4.021     4.047     4.073
     4.101     4.130     4.159     4.189     4.218     4.247     4.276     4.304
     4.332     4.357     4.382     4.405     4.425     4.444     4.463     4.481
     4.498     4.514     4.530     4.544     4.557     4.568     4.575     4.579
     4.580     4.576     4.568     4.557     4.545     4.532     4.521     4.511
     4.502     4.496     4.492     4.490     4.488     4.487     4.486     4.485
     4.486     4.488     4.492     4.497     4.501     4.505     4.507     4.507
     4.505     4.498     4.487     4.470     4.448     4.420     4.385     4.345
     4.300     4.251     4.199     4.145     4.090     4.035     3.980     3.926
     3.873     3.824     3.779     3.739     3.706     3.679     3.658     3.641
     3.627     3.616     3.605     3.594     3.579     3.561     3.537     3.504
     3.461     3.405     3.337     3.255     3.157     3.042     2.908     2.753
     2.579     2.386     2.179     1.959     1.728     1.492     1.253     1.015
      .782      .556      .341      .139     -.049     -.223     -.381     -.525
     -.656     -.774     -.881     -.979    -1.070    -1.154    -1.235    -1.313
    -1.390    -1.467    -1.544    -1.621    -1.697    -1.771    -1.842    -1.908
    -1.968    -2.022    -2.069    -2.110    -2.142    -2.167    -2.183    -2.192
    -2.194    -2.190    -2.182    -2.171    -2.162    -2.155    -2.154    -2.161
    -2.179    -2.210    -2.258    -2.324    -2.411    -2.520    -2.653    -2.809
    -2.989    -3.190    -3.412    -3.653    -3.909    -4.178    -4.457    -4.743
    -5.035    -5.333    -5.634    -5.936    -6.241    -6.549    -6.861    -7.176
    -7.493    -7.810    -8.126    -8.439    -8.752    -9.064    -9.376    -9.689
   -10.003   -10.318   -10.631   -10.940   -11.242   -11.534   -11.813   -12.078
   -12.330   -12.571   -12.803   -13.031   -13.256   -13.484   -13.717   -13.958
   -14.208   -14.465   -14.729   -14.998   -15.269   -15.537   -15.799   -16.051
   -16.289   -16.511   -16.713   -16.894   -17.049   -17.177   -17.273   -17.335
   -17.360   -17.346   -17.293   -17.207   -17.090   -16.949   -16.791   -16.622
   -16.451   -16.284   -16.127   -15.978   -15.833   -15.687   -15.533   -15.367
   -15.184   -14.981   -14.757   -14.511   -14.244   -13.956   -13.646   -13.314
   -12.960   -12.585   -12.185   -11.758   -11.304   -10.823   -10.316    -9.785
    -9.234    -8.663    -8.075    -7.475    -6.864    -6.247    -5.627    -5.007
    -4.391    -3.782    -3.181    -2.591    -2.015    -1.459     -.927     -.419
      .060      .509      .924     1.301     1.638     1.931     2.181     2.387
     2.550     2.671     2.748     2.783     2.778     2.739     2.668     2.570
     2.449     2.308     2.151     1.979     1.793     1.594     1.385     1.168
      .949      .731      .518      .316      .129     -.037     -.181     -.300
     -.396     -.466     -.511     -.534     -.537     -.527     -.508     -.484
     -.458     -.430     -.402     -.373     -.343     -.314     -.289     -.270
     -.261     -.262     -.275     -.300     -.336     -.381     -.434     -.495
     -.560     -.628     -.697     -.766     -.835     -.904     -.973    -1.042
    -1.110    -1.177    -1.239    -1.295    -1.342    -1.380    -1.408    -1.426
    -1.435    -1.435    -1.428    -1.413    -1.393    -1.368    -1.341    -1.312
    -1.281    -1.250    -1.219    -1.186    -1.155    -1.127    -1.103    -1.088
    -1.083    -1.090    -1.110    -1.143    -1.186    -1.239    -1.299    -1.363
    -1.429    -1.497    -1.564    -1.628    -1.687    -1.738    -1.778    -1.803
    -1.809    -1.793    -1.750    -1.678    -1.573    -1.432    -1.254    -1.040
     -.791     -.512     -.207      .123      .472      .838     1.219     1.612
     2.015     2.425     2.842     3.266     3.697     4.135     4.578     5.028
     5.483     5.941     6.400     6.856     7.303     7.735     8.148     8.535
     8.894     9.220     9.511     9.766     9.981    10.156    10.290    10.382
    10.432    10.441    10.407    10.329    10.205    10.036     9.821     9.560
     9.256     8.914     8.539     8.140     7.724     7.300     6.876     6.458
     6.057     5.682     5.339     5.030     4.758     4.523     4.332     4.186
     4.089     4.039     4.036     4.080     4.170     4.305     4.484     4.706
     4.967     5.262     5.587     5.938     6.312     6.702     7.104     7.513
     7.926     8.338     8.745     9.145     9.534     9.911    10.272    10.613
    10.928    11.213    11.461    11.669    11.833    11.950    12.019    12.041
    12.015    11.941    11.818    11.646    11.426    11.159    10.845    10.486
    10.082     9.638     9.160     8.653     8.126     7.588     7.048     6.517
     6.004     5.513     5.047     4.608     4.198     3.817     3.467     3.150
     2.871     2.632     2.439     2.290     2.187     2.129     2.116     2.150
     2.235     2.372     2.561     2.799     3.082     3.404     3.761     4.147
     4.555     4.977     5.408     5.841     6.272     6.695     7.109     7.512
     7.904     8.284     8.652     9.007     9.345     9.664     9.962    10.236
    10.487    10.713    10.916    11.098    11.261    11.408    11.540    11.661
    11.773    11.880    11.981    12.080    12.177    12.270    12.360    12.446
    12.524    12.595    12.655    12.705    12.743    12.767    12.777    12.770
    12.747    12.705    12.643    12.561    12.457    12.331    12.182    12.008
    11.809    11.585    11.337    11.068    10.777    10.469    10.145     9.809
     9.466     9.120     8.775     8.435     8.103     7.780     7.468     7.166
     6.874     6.590     6.311     6.037     5.764     5.490     5.210     4.922
     4.622     4.308     3.980     3.636     3.276     2.900     2.508     2.102
     1.685     1.258      .825      .386     -.057     -.504     -.952    -1.398
    -1.840    -2.272    -2.691    -3.090    -3.466    -3.814    -4.132    -4.418
    -4.671    -4.888    -5.069    -5.213    -5.322    -5.398    -5.443    -5.458
    -5.448    -5.416    -5.367    -5.305    -5.235    -5.161    -5.086    -5.012
    -4.943    -4.881    -4.827    -4.785    -4.753    -4.733    -4.725    -4.727
    -4.740    -4.761    -4.791    -4.827    -4.868    -4.912    -4.958    -5.004
    -5.049    -5.092    -5.132    -5.169    -5.204    -5.237    -5.268    -5.300
    -5.333    -5.369    -5.409    -5.454    -5.505    -5.563    -5.627    -5.697
    -5.774    -5.855    -5.938    -6.019    -6.093    -6.154    -6.198    -6.223
    -6.229    -6.218    -6.189    -6.139    -6.066    -5.969    -5.849    -5.710
    -5.556    -5.389    -5.211    -5.025    -4.828    -4.622    -4.406    -4.181
    -3.946    -3.705    -3.457    -3.206    -2.953    -2.700    -2.446    -2.195
    -1.947    -1.703    -1.465    -1.232    -1.005     -.785     -.571     -.363
     -.161      .033      .221      .401      .576      .744      .907     1.062
     1.211     1.351     1.480     1.597     1.697     1.776     1.831     1.859
     1.859     1.832     1.782     1.710     1.618     1.505     1.374     1.233
     1.086      .937      .790      .647      .507      .371      .238      .108
     -.017     -.133     -.240     -.337     -.423     -.496     -.558     -.607
     -.646     -.673     -.691     -.701     -.707     -.710     -.712     -.713
     -.715     -.719     -.724     -.729     -.737     -.747     -.761     -.779
     -.801     -.826     -.854     -.885     -.919     -.955     -.994    -1.036
    -1.081    -1.129    -1.182    -1.238    -1.299    -1.365    -1.436    -1.513
    -1.595    -1.683    -1.777    -1.875    -1.979    -2.088    -2.200    -2.317
    -2.437    -2.560    -2.685    -2.813    -2.943    -3.075    -3.210    -3.348
    -3.488    -3.631    -3.777    -3.926    -4.076    -4.227    -4.377    -4.526
    -4.670    -4.809    -4.939    -5.058    -5.166    -5.261    -5.343    -5.413
    -5.472    -5.519    -5.558    -5.589    -5.612    -5.629    -5.641    -5.647
    -5.646    -5.637    -5.620    -5.592    -5.554    -5.505    -5.445    -5.377
    -5.300    -5.217    -5.130    -5.041    -4.951    -4.864    -4.779    -4.700
    -4.627    -4.561    -4.504    -4.455    -4.415    -4.384    -4.364    -4.353
    -4.354    -4.367    -4.392    -4.431    -4.484    -4.553    -4.637    -4.739
    -4.856    -4.990    -5.139    -5.303    -5.479    -5.668    -5.866    -6.071
    -6.281    -6.494    -6.706    -6.915    -7.120    -7.318    -7.508    -7.688
    -7.859    -8.018    -8.165    -8.300    -8.422    -8.529    -8.622    -8.700
    -8.763    -8.810    -8.842    -8.859    -8.863    -8.856    -8.838    -8.811
    -8.778    -8.740    -8.699    -8.656    -8.613    -8.570    -8.528    -8.489
    -8.452    -8.420    -8.391    -8.368    -8.352    -8.342    -8.340    -8.345
    -8.359    -8.381    -8.411    -8.450    -8.496    -8.550    -8.609    -8.673
    -8.741    -8.812    -8.885    -8.959    -9.032    -9.105    -9.175    -9.243
    -9.307    -9.368    -9.424    -9.476    -9.523    -9.564    -9.599    -9.627
    -9.648    -9.659    -9.659    -9.647    -9.621    -9.580    -9.523    -9.450
    -9.359    -9.251    -9.125    -8.981    -8.820    -8.643    -8.451    -8.245
    -8.027    -7.798    -7.558    -7.310    -7.055    -6.793    -6.526    -6.255
    -5.982    -5.706    -5.430    -5.154    -4.879    -4.607    -4.339    -4.074
    -3.815    -3.560    -3.312    -3.070    -2.836    -2.608    -2.388    -2.176
    -1.972    -1.775    -1.585    -1.404    -1.231    -1.067     -.912     -.766
     -.629     -.503     -.387     -.282     -.187     -.104     -.031      .032
      .083      .125      .158      .182      .199      .211      .217      .220
      .219      .217      .214      .212      .209      .208      .209      .213
      .220      .232      .248      .268      .292      .321      .355      .393
      .435      .482      .532      .587      .647      .712      .781      .856
      .936     1.022     1.112     1.209     1.310     1.416     1.526     1.640
     1.758     1.877     1.998     2.118     2.238     2.356     2.473     2.585
     2.694     2.799     2.900     2.994     3.083     3.164     3.237     3.299
     3.352     3.394     3.425     3.445     3.454     3.454     3.445     3.429
     3.406     3.379     3.348     3.315     3.281     3.247     3.215     3.185
     3.158     3.133     3.111     3.093     3.078     3.066     3.057     3.050
     3.047     3.045     3.046     3.049     3.054     3.063     3.074     3.090
     3.109     3.133     3.161     3.194     3.233     3.276     3.325     3.379
     3.439     3.506     3.578     3.657     3.740     3.829     3.921     4.016
     4.113     4.211     4.309     4.405     4.499     4.589     4.674     4.752
     4.823     4.886     4.940     4.985     5.021     5.048     5.067     5.078
     5.083     5.083     5.078     5.071     5.061     5.050     5.038     5.025
     5.010     4.992     4.973     4.951     4.926     4.897     4.863     4.825
     4.781     4.732     4.677     4.618     4.555     4.487     4.417     4.345
     4.270     4.194     4.118     4.041     3.964     3.887     3.812     3.739
     3.668     3.601     3.538     3.481     3.430     3.387     3.351     3.323
     3.305     3.294     3.292     3.297     3.308     3.324     3.345     3.368
     3.393     3.418     3.443     3.467     3.489     3.508     3.526     3.542
     3.556     3.570     3.585     3.599     3.616     3.635     3.656     3.680
     3.708     3.740     3.775     3.815     3.858     3.905     3.957     4.015
     4.078     4.148     4.225     4.310     4.402     4.503     4.610     4.724
     4.844     4.967     5.094     5.221     5.349     5.475     5.599     5.721
     5.840     5.958     6.073     6.186     6.299     6.410     6.522     6.632
     6.742     6.850     6.956     7.059     7.155     7.245     7.326     7.397
     7.457     7.507     7.545     7.573     7.592     7.602     7.604     7.600
     7.590     7.576     7.559     7.539     7.516     7.492     7.466     7.438
     7.408     7.376     7.340     7.302     7.262     7.220     7.176     7.130
     7.084     7.039     6.994     6.951     6.909     6.870     6.832     6.797
     6.763     6.730     6.699     6.668     6.637     6.606     6.574     6.541
     6.508     6.472     6.435     6.397     6.356     6.314     6.270     6.224
     6.176     6.126     6.074     6.019     5.962     5.903     5.840     5.774
     5.704     5.631     5.554     5.472     5.386     5.296     5.202     5.105
     5.005     4.902     4.796     4.688     4.579     4.468     4.356     4.244
     4.131     4.019     3.907     3.796     3.688     3.581     3.476     3.373
     3.273     3.176     3.082     2.992     2.905     2.821     2.741     2.666
     2.594     2.528     2.467     2.413     2.365     2.324     2.292     2.267
     2.251     2.244     2.246     2.256     2.276     2.303     2.339     2.381
     2.430     2.484     2.541     2.602     2.664     2.727     2.789     2.851
     2.910     2.967     3.021     3.071     3.117     3.156     3.188     3.212
     3.227     3.232     3.226     3.209     3.180     3.140     3.088     3.024
     2.950     2.864     2.767     2.661     2.544     2.419     2.285     2.143
     1.993     1.835     1.671     1.500     1.323     1.142      .956      .768
      .578      .387      .195      .005     -.184     -.371     -.554     -.732
     -.903    -1.066    -1.221    -1.366    -1.500    -1.625    -1.738    -1.841
    -1.934    -2.017    -2.091    -2.156    -2.213    -2.262    -2.305    -2.342
    -2.373    -2.400    -2.424    -2.444    -2.461    -2.475    -2.487    -2.497
    -2.504    -2.510    -2.513    -2.514    -2.512    -2.509    -2.503    -2.495
    -2.485    -2.473    -2.459    -2.444    -2.428    -2.411    -2.393    -2.374
    -2.354    -2.332    -2.310    -2.287    -2.263    -2.237    -2.211    -2.185
    -2.158    -2.132    -2.107    -2.082    -2.058    -2.036    -2.016    -1.997
    -1.981    -1.968    -1.957    -1.950    -1.945    -1.944    -1.946    -1.951
    -1.959    -1.970    -1.984    -2.001    -2.020    -2.043    -2.069    -2.097
    -2.128    -2.161    -2.196    -2.233    -2.271    -2.310    -2.350    -2.391
    -2.432    -2.474    -2.517    -2.560    -2.604    -2.649    -2.694    -2.739
    -2.785    -2.831    -2.876    -2.922    -2.968    -3.013    -3.056    -3.099
    -3.139    -3.177    -3.211    -3.242    -3.270    -3.294    -3.314    -3.330
    -3.344    -3.354    -3.362    -3.368    -3.372    -3.375    -3.377    -3.379
    -3.381    -3.384    -3.388    -3.392    -3.398    -3.404    -3.411    -3.418
    -3.425    -3.431    -3.438    -3.444    -3.449    -3.454    -3.459    -3.464
    -3.470    -3.476    -3.484    -3.493    -3.504    -3.518    -3.534    -3.554
    -3.578    -3.605    -3.636    -3.671    -3.710    -3.753    -3.799    -3.848
    -3.900    -3.954    -4.010    -4.067    -4.125    -4.183    -4.241    -4.299
    -4.355    -4.411    -4.466    -4.519    -4.571    -4.621    -4.670    -4.717
    -4.764    -4.808    -4.852    -4.894    -4.935    -4.975    -5.014    -5.051
    -5.088    -5.124    -5.160    -5.195    -5.230    -5.264    -5.299    -5.335
    -5.371    -5.408    -5.446    -5.486    -5.528    -5.571    -5.615    -5.662
    -5.710    -5.760    -5.812    -5.865    -5.919    -5.976    -6.034    -6.095
    -6.158    -6.224    -6.293    -6.366    -6.443    -6.525    -6.611    -6.703
    -6.799    -6.900    -7.005    -7.113    -7.224    -7.338    -7.452    -7.568
    -7.683    -7.798    -7.912    -8.024    -8.133    -8.240    -8.343    -8.443
    -8.539    -8.630    -8.716    -8.796    -8.871    -8.941    -9.005    -9.062
    -9.114    -9.159    -9.197    -9.230    -9.255    -9.275    -9.289    -9.297
    -9.300    -9.298    -9.290    -9.278    -9.262    -9.240    -9.215    -9.185
    -9.151    -9.114    -9.072    -9.027    -8.978    -8.925    -8.869    -8.810
    -8.748    -8.684    -8.617    -8.548    -8.477    -8.405    -8.331    -8.256
    -8.179    -8.101    -8.021    -7.939    -7.856    -7.770    -7.682    -7.592
    -7.498    -7.402    -7.303    -7.201    -7.095    -6.985    -6.871    -6.752
    -6.629    -6.501    -6.368    -6.230    -6.087    -5.938    -5.785    -5.627
    -5.465    -5.298    -5.128    -4.953    -4.776    -4.596    -4.414    -4.229
    -4.043    -3.855    -3.665    -3.474    -3.283    -3.091    -2.899    -2.708
    -2.517    -2.327    -2.140    -1.955    -1.773    -1.596    -1.425    -1.259
    -1.101     -.950     -.807     -.672     -.544     -.425     -.313     -.207
     -.106     -.011      .080      .168      .254      .336      .416      .494
      .569      .642      .712      .780      .845      .909      .970     1.030
     1.089     1.147     1.206     1.264     1.323     1.384     1.447     1.511
     1.578     1.647     1.719     1.793     1.868     1.946     2.026     2.107
     2.190     2.275     2.361     2.449     2.538     2.629     2.721     2.815
     2.909     3.005     3.100     3.196     3.291     3.385     3.477     3.567
     3.655     3.739     3.819     3.895     3.967     4.035     4.097     4.155
     4.209     4.258     4.302     4.343     4.380     4.413     4.443     4.471
     4.497     4.521     4.544     4.566     4.587     4.607     4.627     4.646
     4.664     4.682     4.699     4.716     4.733     4.750     4.768     4.786
     4.806     4.827     4.850     4.875     4.902     4.931     4.963     4.998
     5.034     5.073     5.114     5.156     5.199     5.244     5.289     5.334
     5.379     5.425     5.470     5.516     5.562     5.608     5.654     5.700
     5.746     5.793     5.840     5.887     5.934     5.981     6.028     6.074
     6.119     6.164     6.207     6.248     6.289     6.327     6.364     6.399
     6.432     6.464     6.495     6.525     6.553     6.580     6.606     6.631
     6.655     6.678     6.699     6.720     6.739     6.757     6.773     6.789
     6.803     6.815     6.826     6.836     6.845     6.852     6.858     6.863
     6.867     6.871     6.874     6.876     6.878     6.881     6.883     6.885
     6.888     6.890     6.893     6.896     6.899     6.903     6.906     6.910
     6.914     6.918     6.921     6.924     6.925     6.926     6.926     6.924
     6.920     6.914     6.907     6.897     6.886     6.872     6.857     6.840
     6.821     6.800     6.777     6.751     6.722     6.690     6.655     6.616
     6.574     6.527     6.476     6.422     6.363     6.301     6.235     6.167
     6.095     6.020     5.943     5.863     5.781     5.696     5.609     5.521
     5.430     5.337     5.242     5.146     5.048     4.950     4.850     4.749
     4.648     4.548     4.448     4.350     4.253     4.158     4.066     3.978
     3.892     3.810     3.732     3.659     3.589     3.524     3.462     3.405
     3.351     3.301     3.255     3.212     3.172     3.135     3.101     3.070
     3.041     3.014     2.990     2.967     2.947     2.930     2.914     2.900
     2.887     2.876     2.866     2.857     2.849     2.840     2.832     2.822
     2.812     2.800     2.786     2.770     2.751     2.729     2.705     2.677
     2.645     2.610     2.571     2.527     2.479     2.426     2.369     2.306
     2.239     2.168     2.091     2.011     1.926     1.839     1.748     1.656
     1.561     1.467     1.371     1.276     1.181     1.087      .994      .902
      .811      .722      .634      .547      .461      .376      .291      .207
      .125      .043     -.037     -.115     -.190     -.262     -.330     -.395
     -.455     -.512     -.565     -.615     -.663     -.707     -.750     -.792
     -.832     -.872     -.910     -.949     -.988    -1.027    -1.066    -1.105
    -1.144    -1.183    -1.222    -1.261    -1.301    -1.340    -1.380    -1.421
    -1.462    -1.505    -1.548    -1.592    -1.638    -1.684    -1.732    -1.781
    -1.831    -1.882    -1.934    -1.985    -2.038    -2.090    -2.141    -2.192
    -2.241    -2.290    -2.337    -2.384    -2.429    -2.473    -2.516    -2.558
    -2.599    -2.639    -2.678    -2.716    -2.753    -2.789    -2.823    -2.857
    -2.889    -2.919    -2.949    -2.976    -3.002    -3.027    -3.050    -3.073
    -3.093    -3.113    -3.132    -3.149    -3.165    -3.181    -3.195    -3.208
    -3.221    -3.232    -3.243    -3.253    -3.263    -3.273    -3.283    -3.294
    -3.305    -3.318    -3.331    -3.347    -3.364    -3.383    -3.405    -3.428
    -3.454    -3.483    -3.514    -3.547    -3.583    -3.620    -3.659    -3.700
    -3.742    -3.785    -3.829    -3.875    -3.921    -3.967    -4.013    -4.059
    -4.105    -4.149    -4.194    -4.236    -4.278    -4.319    -4.357    -4.393
    -4.428    -4.459    -4.488    -4.513    -4.535    -4.553    -4.567    -4.577
    -4.583    -4.585    -4.582    -4.576    -4.566    -4.551    -4.534    -4.512
    -4.488    -4.461    -4.431    -4.398    -4.363    -4.325    -4.286    -4.245
    -4.202    -4.157    -4.112    -4.066    -4.019    -3.972    -3.925    -3.877
    -3.829    -3.783    -3.736    -3.690    -3.645    -3.602    -3.558    -3.516
    -3.475    -3.434    -3.394    -3.355    -3.316    -3.278    -3.240    -3.203
    -3.167    -3.131    -3.096    -3.063    -3.030    -2.999    -2.969    -2.941
    -2.915    -2.891    -2.869    -2.849    -2.830    -2.815    -2.801    -2.789
    -2.778    -2.769    -2.761    -2.754    -2.749    -2.744    -2.740    -2.736
    -2.732    -2.729    -2.725    -2.722    -2.719    -2.715    -2.712    -2.707
    -2.703    -2.698    -2.692    -2.685    -2.677    -2.669    -2.659    -2.649
    -2.638    -2.626    -2.614    -2.600    -2.586    -2.572    -2.556    -2.539
    -2.522    -2.503    -2.484    -2.463    -2.442    -2.419    -2.395    -2.371
    -2.346    -2.321    -2.295    -2.269    -2.242    -2.216    -2.189    -2.163
    -2.136    -2.109    -2.082    -2.055    -2.027    -1.999    -1.969    -1.938
    -1.906    -1.871    -1.834    -1.795    -1.754    -1.711    -1.665    -1.617
    -1.566    -1.514    -1.459    -1.403    -1.345    -1.285    -1.225    -1.163
    -1.100    -1.038     -.974     -.911     -.849     -.786     -.725     -.665
     -.606     -.548     -.493     -.440     -.390     -.342     -.296     -.254
     -.215     -.179     -.146     -.116     -.089     -.065     -.043     -.023
     -.004      .013      .029      .045      .061      .076      .091      .106
      .121      .137      .152      .168      .184      .200      .217      .234
      .251      .269      .289      .308      .329      .351      .375      .399
      .425      .452      .480      .508      .538      .567      .597      .626
      .655      .683      .711      .737      .763      .787      .811      .834
      .856      .877      .898      .919      .939      .959      .979      .998
     1.018     1.039     1.059     1.080     1.101     1.123     1.146     1.169
     1.193     1.218     1.245     1.272     1.300     1.330     1.361     1.393
     1.427     1.461     1.497     1.533     1.570     1.608     1.645     1.683
     1.721     1.759     1.796     1.833     1.869     1.904     1.937     1.969
     1.998     2.025     2.050     2.071     2.090     2.105     2.116     2.124
     2.127     2.127     2.123     2.115     2.104     2.090     2.073     2.052
     2.030     2.004     1.977     1.948     1.917     1.884     1.850     1.815
     1.779     1.742     1.704     1.666     1.627     1.588     1.549     1.510
     1.471     1.433     1.396     1.360     1.325     1.293     1.263     1.235
     1.210     1.188     1.170     1.154     1.142     1.133     1.126     1.123
     1.121     1.122     1.125     1.129     1.135     1.141     1.149     1.157
     1.166     1.176     1.187     1.199     1.211     1.224     1.238     1.253
     1.268     1.284     1.301     1.317     1.334     1.350     1.367     1.384
     1.400     1.417     1.433     1.449     1.465     1.481     1.497     1.513
     1.528     1.543     1.557     1.570     1.582     1.593     1.602     1.611
     1.617     1.623     1.626     1.629     1.630     1.630     1.629     1.627
     1.623     1.619     1.613     1.606     1.598     1.589     1.579     1.568
     1.556     1.542     1.528     1.512     1.495     1.477     1.457     1.437
     1.415     1.392     1.369     1.344     1.319     1.293     1.267     1.241
     1.214     1.186     1.158     1.129     1.099     1.068     1.036     1.004
      .970      .935      .899      .862      .824      .785      .745      .705
      .665      .624      .584      .544      .504      .464      .426      .388
      .351      .315      .281      .247      .215      .184      .154      .126
      .099      .074      .051      .029      .010     -.007     -.023     -.036
     -.046     -.055     -.061     -.065     -.067     -.066     -.063     -.058
     -.051     -.042     -.031     -.018     -.004      .011      .029      .047
      .067      .088      .111      .134      .158      .183      .208      .234
      .259      .285      .309      .333      .355      .376      .395      .412
      .426      .438      .446      .452      .454      .454      .450      .443
      .433      .420      .404      .386      .365      .342      .317      .291
      .264      .236      .208      .179      .150      .121      .092      .063
      .035      .007     -.019     -.045     -.069     -.091     -.111     -.129
     -.145     -.157     -.167     -.174     -.178     -.180     -.178     -.173
     -.166     -.155     -.142     -.127     -.110     -.090     -.069     -.046
     -.021      .006      .034      .063      .093      .124      .156      .188
      .221      .253      .284      .315      .344      .371      .396      .418
      .438      .455      .469      .480      .488      .493      .494      .493
      .489      .482      .473      .462      .449      .435      .421      .405
      .389      .374      .358      .343      .328      .315      .303      .292
      .283      .275      .271      .268      .268      .271      .276      .286
      .299      .315      .335      .358      .384      .414      .447      .483
      .522      .563      .605      .650      .695      .741      .788      .835
      .881      .927      .971     1.014     1.056     1.095     1.132     1.167
     1.198     1.226     1.250     1.269     1.284     1.294     1.299     1.298
     1.293     1.281     1.265     1.243     1.216     1.184     1.148     1.107
     1.063     1.014      .962      .908      .850      .791      .730      .668
      .604      .540      .475      .411      .348      .285      .223      .162
      .104      .046     -.009     -.063     -.114     -.162     -.209     -.252
     -.292     -.330     -.364     -.394     -.421     -.444     -.463     -.479
     -.492     -.502     -.509     -.514     -.518     -.521     -.523     -.524
     -.526     -.528     -.530     -.533     -.536     -.539     -.543     -.548
     -.553     -.559     -.566     -.575     -.585     -.598     -.613     -.630
     -.651     -.675     -.702     -.732     -.765     -.802     -.841     -.883
     -.928     -.975    -1.024    -1.075    -1.128    -1.183    -1.239    -1.296
    -1.353    -1.411    -1.468    -1.525    -1.581    -1.636    -1.689    -1.740
    -1.788    -1.834    -1.878    -1.918    -1.955    -1.990    -2.021    -2.049
    -2.074    -2.096    -2.114    -2.129    -2.140    -2.148    -2.152    -2.152
    -2.149    -2.142    -2.132    -2.120    -2.105    -2.087    -2.068    -2.047
    -2.025    -2.002    -1.978    -1.954    -1.929    -1.903    -1.877    -1.851
    -1.824    -1.798    -1.771    -1.744    -1.717    -1.691    -1.664    -1.639
    -1.614    -1.589    -1.566    -1.544    -1.523    -1.503    -1.485    -1.467
    -1.451    -1.436    -1.422    -1.409    -1.396    -1.384    -1.372    -1.359
    -1.347    -1.334    -1.321    -1.307    -1.293    -1.279    -1.264    -1.249
    -1.234    -1.218    -1.202    -1.186    -1.171    -1.155    -1.139    -1.123
    -1.107    -1.092    -1.076    -1.061    -1.047    -1.032    -1.019    -1.006
     -.993     -.982     -.971     -.961     -.953     -.945     -.939     -.934
     -.931     -.928     -.927     -.927     -.929     -.931     -.934     -.939
     -.944     -.950     -.956     -.963     -.969     -.976     -.982     -.988
     -.994     -.999    -1.005    -1.010    -1.015    -1.019    -1.023    -1.027
    -1.030    -1.033    -1.034    -1.035    -1.034    -1.032    -1.028    -1.023
    -1.016    -1.007     -.995     -.982     -.965     -.947     -.926     -.903
     -.877     -.848     -.817     -.785     -.749     -.712     -.672     -.630
     -.586     -.539     -.492     -.442     -.391     -.339     -.286     -.233
     -.179     -.125     -.072     -.019      .034      .086      .137      .187
      .235      .282      .326      .369      .410      .447      .482      .513
      .541      .566      .587      .604      .617      .627      .633      .635
      .633      .628      .620      .609      .594      .576      .556      .534
      .509      .483      .455      .425      .395      .364      .332      .301
      .269      .238      .207      .177      .148      .121      .094      .069
      .045      .023      .003     -.016     -.032     -.046     -.058     -.067
     -.074     -.078     -.080     -.079     -.076     -.071     -.064     -.055
     -.043     -.030     -.015      .001      .020      .040      .062      .086
      .112      .140      .169      .200      .233      .266      .301      .336
      .371      .406      .442      .477      .511      .545      .578      .611
      .644      .676      .708      .740      .772      .803      .834      .865
      .895      .925      .954      .983     1.010     1.038     1.065     1.091
     1.117     1.143     1.168     1.193     1.218     1.243     1.268     1.293
     1.318     1.343     1.368     1.393     1.418     1.443     1.467     1.490
     1.514     1.536     1.558     1.580     1.601     1.621     1.641     1.660
     1.678     1.696     1.713     1.729     1.744     1.758     1.770     1.782
     1.792     1.801     1.808     1.814     1.819     1.822     1.824     1.825
     1.824     1.822     1.819     1.815     1.809     1.802     1.794     1.784
     1.773     1.760     1.745     1.729     1.711     1.691     1.668     1.644
     1.618     1.590     1.560     1.528     1.494     1.458     1.421     1.383
     1.343     1.303     1.262     1.220     1.179     1.138     1.097     1.057
     1.018      .979      .943      .908      .874      .843      .813      .786
      .762      .739      .720      .703      .688      .677      .668      .662
      .659      .658      .661      .665      .673      .682      .694      .707
      .721      .737      .753      .769      .785      .800      .815      .828
      .840      .850      .858      .863      .866      .866      .863      .856
      .847      .834      .817      .797      .773      .746      .716      .683
      .646      .607      .566      .523      .478      .431      .384      .336
      .287      .238      .189      .141      .094      .047      .001     -.043
     -.086     -.127     -.167     -.204     -.239     -.271     -.301     -.327
     -.351     -.371     -.388     -.401     -.412     -.419     -.423     -.424
     -.422     -.418     -.412     -.403     -.393     -.382     -.369     -.355
     -.341     -.326     -.310     -.294     -.277     -.261     -.245     -.229
     -.214     -.200     -.187     -.175     -.164     -.155     -.148     -.142
     -.138     -.136     -.136     -.137     -.140     -.146     -.153     -.162
     -.172     -.184     -.196     -.210     -.225     -.240     -.255     -.271
     -.287     -.302     -.317     -.332     -.346     -.359     -.371     -.383
     -.393     -.401     -.408     -.413     -.417     -.418     -.418     -.415
     -.411     -.404     -.395     -.383     -.370     -.355     -.338     -.320
     -.300     -.280     -.258     -.236     -.214     -.192     -.169     -.147
     -.125     -.103     -.080     -.059     -.037     -.016      .004      .024
      .044      .062      .079      .096      .111      .125      .138      .149
      .159      .167      .174      .179      .183      .185      .186      .186
      .185      .183      .179      .175      .170      .165      .159      .153
      .147      .140      .133      .127      .120      .115      .110      .105
      .102      .100      .098      .098      .100      .102      .107      .112
      .119      .128      .138      .150      .163      .176      .191      .207
      .223      .239      .256      .273      .290      .306      .322      .337
      .352      .365      .377      .389      .398      .407      .414      .420
      .424      .427      .428      .428      .427      .425      .421      .417
      .411      .405      .398      .389      .381      .371      .361      .351
      .340      .329      .318      .307      .296      .285      .275      .264
      .254      .245      .236      .228      .221      .215      .210      .206
      .203      .200      .199      .199      .200      .202      .205      .208
      .212      .215      .220      .224      .228      .232      .235      .238
      .240      .241      .241      .240      .238      .234      .229      .222
      .215      .205      .195      .183      .169      .154      .138      .120
      .101      .081      .061      .039      .017     -.006     -.029     -.053
     -.076     -.100     -.124     -.147     -.171     -.194     -.216     -.238
     -.259     -.280     -.299     -.317     -.334     -.350     -.364     -.377
     -.388     -.398     -.406     -.413     -.419     -.424     -.429     -.432
     -.435     -.438     -.440     -.443     -.445     -.447     -.449     -.452
     -.455     -.458     -.461     -.465     -.470     -.475     -.481     -.488
     -.496     -.505     -.515     -.526     -.539     -.554     -.570     -.588
     -.607     -.629     -.651     -.676     -.702     -.730     -.759     -.790
     -.822     -.855     -.889     -.925     -.961     -.999    -1.037    -1.076
    -1.116    -1.156    -1.197    -1.239    -1.281    -1.324    -1.366    -1.410
    -1.453    -1.497    -1.540    -1.584    -1.627    -1.670    -1.712    -1.753
    -1.794    -1.834    -1.872    -1.910    -1.946    -1.982    -2.016    -2.048
    -2.080    -2.110    -2.138    -2.165    -2.190    -2.214    -2.236    -2.257
    -2.276    -2.294    -2.311    -2.328    -2.343    -2.358    -2.373    -2.388
    -2.403    -2.418    -2.433    -2.448    -2.464    -2.480    -2.496    -2.512
    -2.528    -2.545    -2.560    -2.576    -2.591    -2.605    -2.619    -2.632
    -2.644    -2.654    -2.663    -2.671    -2.677    -2.682    -2.684    -2.685
    -2.683    -2.679    -2.672    -2.663    -2.651    -2.637    -2.620    -2.600
    -2.577    -2.551    -2.523    -2.491    -2.457    -2.420    -2.381    -2.338
    -2.294    -2.247    -2.197    -2.146    -2.093    -2.038    -1.981    -1.923
    -1.864    -1.804    -1.743    -1.681    -1.619    -1.555    -1.492    -1.428
    -1.364    -1.299    -1.235    -1.171    -1.108    -1.044     -.982     -.920
     -.859     -.800     -.741     -.684     -.627     -.573     -.519     -.467
     -.415     -.366     -.317     -.270     -.224     -.179     -.135     -.093
     -.051     -.011      .029      .068      .107      .145      .183      .221
      .259      .296      .334      .371      .409      .446      .484      .521
      .558      .595      .632      .669      .706      .743      .780      .816
      .852      .887      .922      .957      .990     1.023     1.055     1.086
     1.117     1.146     1.175     1.203     1.231     1.258     1.284     1.310
     1.336     1.361     1.386     1.411     1.436     1.460     1.484     1.508
     1.532     1.556     1.579     1.603     1.627     1.650     1.673     1.697
     1.720     1.743     1.766     1.790     1.813     1.836     1.859     1.882
     1.905     1.927     1.949     1.971     1.993     2.015     2.036     2.057
     2.077     2.097     2.116     2.135     2.152     2.169     2.185     2.200
     2.214     2.227     2.239     2.249     2.258     2.266     2.273     2.279
     2.284     2.288     2.290     2.291     2.292     2.290     2.288     2.284
     2.279     2.273     2.265     2.255     2.244     2.232     2.219     2.204
     2.188     2.171     2.153     2.134     2.114     2.093     2.071     2.049
     2.025     2.001     1.976     1.951     1.924     1.896     1.868     1.839
     1.810     1.780     1.751     1.721     1.691     1.661     1.631     1.601
     1.571     1.541     1.512     1.482     1.453     1.424     1.395     1.366
     1.337     1.309     1.281     1.253     1.226     1.199     1.173     1.147
     1.121     1.095     1.070     1.045     1.020      .996      .971      .947
      .924      .900      .877      .855      .833      .812      .792      .772
      .754      .737      .721      .706      .693      .681      .670      .659
      .650      .641      .633      .625      .617      .609      .601      .592
      .584      .575      .566      .556      .547      .538      .528      .518
      .509      .499      .489      .479      .468      .456      .444      .430
      .415      .398      .381      .361      .340      .318      .294      .268
      .242      .214      .184      .154      .123      .091      .059      .026
     -.008     -.042     -.076     -.110     -.144     -.177     -.210     -.242
     -.274     -.305     -.334     -.363     -.391     -.417     -.443     -.468
     -.492     -.515     -.538     -.560     -.582     -.603     -.624     -.644
     -.664     -.683     -.701     -.718     -.735     -.751     -.765     -.779
     -.792     -.803     -.814     -.824     -.833     -.841     -.849     -.856
     -.862     -.868     -.874     -.880     -.885     -.890     -.895     -.900
     -.904     -.908     -.912     -.915     -.917     -.919     -.920     -.921
     -.920     -.919     -.918     -.915     -.912     -.909     -.905     -.900
     -.896     -.890     -.885     -.879     -.873     -.867     -.860     -.853
     -.846     -.838     -.830     -.821     -.812     -.802     -.793     -.783
     -.772     -.762     -.752     -.742     -.732     -.722     -.712     -.702
     -.692     -.683     -.674     -.665     -.656     -.648     -.641     -.634
     -.629     -.624     -.620     -.617     -.615     -.614     -.615     -.617
     -.620     -.625     -.631     -.639     -.648     -.658     -.670     -.683
     -.698     -.714     -.731     -.748     -.766     -.785     -.804     -.823
     -.843     -.862     -.882     -.901     -.920     -.938     -.957     -.974
     -.991    -1.008    -1.023    -1.036    -1.049    -1.059    -1.069    -1.076
    -1.081    -1.083    -1.083    -1.081    -1.076    -1.067    -1.056    -1.042
    -1.025    -1.004     -.981     -.955     -.926     -.894     -.860     -.824
     -.786     -.746     -.705     -.661     -.616     -.570     -.523     -.474
     -.424     -.374     -.324     -.273     -.223     -.173     -.125     -.078
     -.033      .010      .052      .091      .127      .162      .193      .222
      .248      .270      .289      .306      .320      .331      .339      .344
      .347      .347      .345      .341      .336      .329      .322      .313
      .304      .294      .285      .276      .267      .259      .251      .245
      .239      .234      .231      .228      .227      .227      .229      .232
      .237      .244      .253      .263      .276      .291      .307      .326
      .345      .366      .388      .411      .434      .458      .481      .505
      .528      .550      .572      .593      .613      .632      .650      .667
      .682      .696      .709      .720      .730      .738      .744      .749
      .752      .753      .753      .751      .747      .742      .736      .728
      .718      .708      .696      .683      .670      .656      .641      .626
      .610      .595      .579      .564      .549      .534      .519      .505
      .491      .479      .467      .456      .447      .438      .432      .427
      .423      .421      .421      .423      .426      .430      .437      .444
      .453      .463      .474      .487      .500      .514      .529      .545
      .562      .579      .596      .614      .632      .650      .668      .687
      .706      .724      .743      .761      .779      .797      .813      .829
      .844      .858      .871      .882      .892      .900      .908      .913
      .918      .921      .922      .922      .921      .919      .916      .912
      .907      .900      .893      .886      .877      .867      .857      .846
      .835      .823      .811      .799      .787      .775      .764      .753
      .743      .734      .725      .719      .713      .709      .707      .706
      .708      .711      .716      .723      .732      .742      .754      .768
      .783      .799      .816      .833      .851      .868      .886      .902
      .918      .934      .948      .962      .975      .987      .998     1.009
     1.019     1.028     1.036     1.043     1.048     1.053     1.057     1.059
     1.060     1.060     1.059     1.056     1.051     1.046     1.038     1.029
     1.018     1.005      .990      .973      .955      .935      .914      .892
      .869      .845      .821      .795      .769      .743      .715      .688
      .660      .632      .603      .573      .543      .512      .480      .448
      .415      .381      .347      .313      .280      .246      .213      .181
      .149      .117      .086      .054      .024     -.007     -.036     -.065
     -.094     -.121     -.147     -.172     -.196     -.219     -.241     -.262
     -.284     -.305     -.326     -.347     -.368     -.390     -.412     -.435
     -.458     -.480     -.502     -.525     -.547     -.569     -.590     -.612
     -.633     -.653     -.674     -.694     -.714     -.734     -.754     -.773
     -.793     -.812     -.831     -.850     -.868     -.887     -.905     -.923
     -.941     -.958     -.976     -.994    -1.011    -1.028    -1.046    -1.062
    -1.079    -1.095    -1.111    -1.126    -1.140    -1.154    -1.167    -1.179
    -1.191    -1.202    -1.213    -1.223    -1.234    -1.245    -1.257    -1.269
    -1.281    -1.294    -1.307    -1.320    -1.335    -1.349    -1.365    -1.381
    -1.397    -1.414    -1.432    -1.450    -1.469    -1.488    -1.508    -1.528
    -1.549    -1.570    -1.592    -1.613    -1.635    -1.657    -1.679    -1.701
    -1.723    -1.745    -1.768    -1.790    -1.813    -1.835    -1.857    -1.879
    -1.901    -1.921    -1.941    -1.960    -1.977    -1.993    -2.007    -2.019
    -2.028    -2.036    -2.041    -2.043    -2.043    -2.041    -2.036    -2.029
    -2.020    -2.009    -1.995    -1.980    -1.963    -1.944    -1.924    -1.903
    -1.880    -1.856    -1.831    -1.805    -1.778    -1.751    -1.723    -1.695
    -1.667    -1.639    -1.612    -1.584    -1.558    -1.531    -1.505    -1.480
    -1.456    -1.432    -1.409    -1.388    -1.367    -1.347    -1.329    -1.313
    -1.298    -1.285    -1.273    -1.263    -1.254    -1.245    -1.238    -1.232
    -1.226    -1.220    -1.215    -1.210    -1.205    -1.201    -1.196    -1.190
    -1.185    -1.179    -1.172    -1.165    -1.158    -1.149    -1.140    -1.131
    -1.121    -1.111    -1.101    -1.091    -1.081    -1.070    -1.060    -1.051
    -1.041    -1.032    -1.024    -1.015    -1.008    -1.001     -.994     -.988
     -.983     -.978     -.973     -.969     -.965     -.961     -.958     -.955
     -.952     -.950     -.947     -.945     -.942     -.938     -.935     -.930
     -.925     -.920     -.914     -.906     -.898     -.888     -.877     -.865
     -.851     -.835     -.818     -.799     -.778     -.755     -.730     -.704
     -.675     -.645     -.613     -.578     -.543     -.505     -.466     -.426
     -.384     -.341     -.297     -.253     -.208     -.162     -.117     -.071
     -.025      .020      .066      .111      .157      .202      .246      .291
      .334      .377      .420      .461      .502      .541      .579      .616
      .652      .686      .719      .750      .780      .808      .835      .860
      .883      .904      .924      .941      .957      .970      .982      .993
     1.001     1.008     1.014     1.018     1.021     1.023     1.023     1.022
     1.020     1.016     1.011     1.005      .999      .990      .981      .971
      .960      .948      .935      .922      .908      .894      .880      .866
      .852      .838      .824      .810      .797      .783      .770      .757
      .744      .732      .720      .709      .697      .687      .676      .666
      .656      .647      .638      .630      .622      .614      .606      .599
      .592      .586      .580      .575      .570      .567      .564      .562
      .561      .561      .561      .563      .565      .569      .573      .579
      .585      .593      .601      .610      .620      .632      .644      .657
      .672      .688      .705      .724      .745      .766      .790      .815
      .841      .869      .899      .929      .961      .994     1.028     1.063
     1.099     1.135     1.171     1.208     1.245     1.282     1.319     1.355
     1.391     1.426     1.460     1.493     1.524     1.554     1.582     1.607
     1.631     1.653     1.671     1.688     1.702     1.714     1.722     1.729
     1.733     1.735     1.735     1.732     1.728     1.721     1.711     1.700
     1.687     1.672     1.655     1.636     1.616     1.594     1.571     1.547
     1.521     1.495     1.469     1.441     1.414     1.387     1.359     1.333
     1.307     1.281     1.257     1.234     1.211     1.190     1.170     1.151
     1.134     1.117     1.102     1.089     1.076     1.065     1.056     1.048
     1.041     1.036     1.031     1.028     1.026     1.025     1.025     1.025
     1.026     1.028     1.029     1.031     1.034     1.036     1.039     1.042
     1.045     1.048     1.050     1.053     1.055     1.057     1.058     1.058
     1.057     1.056     1.053     1.048     1.043     1.036     1.028     1.019
     1.009      .997      .985      .972      .958      .943      .928      .913
      .897      .882      .866      .850      .834      .819      .803      .788
      .774      .759      .746      .733      .720      .709      .698      .689
      .680      .673      .667      .662      .658      .655      .654      .653
      .654      .656      .660      .664      .669      .675      .681      .688
      .694      .701      .708      .714      .721      .727      .732      .737
      .742      .745      .749      .751      .753      .754      .754      .752
      .751      .747      .743      .738      .732      .725      .716      .707
      .696      .684      .671      .656      .641      .624      .607      .588
      .568      .548      .527      .505      .482      .460      .436      .413
      .389      .366      .342      .318      .295      .272      .249      .226
      .203      .181      .159      .137      .115      .093      .071      .050
      .029      .008     -.012     -.032     -.051     -.070     -.088     -.105
     -.120     -.135     -.149     -.162     -.174     -.185     -.194     -.203
     -.210     -.216     -.222     -.226     -.230     -.234     -.236     -.239
     -.241     -.243     -.245     -.247     -.249     -.251     -.253     -.256
     -.258     -.261     -.265     -.268     -.272     -.276     -.280     -.284
     -.288     -.293     -.298     -.303     -.309     -.315     -.321     -.328
     -.336     -.343     -.352     -.360     -.369     -.379     -.389     -.399
     -.410     -.421     -.432     -.443     -.454     -.465     -.476     -.487
     -.498     -.509     -.519     -.529     -.539     -.548     -.557     -.565
     -.573     -.580     -.586     -.593     -.599     -.605     -.611     -.617
     -.623     -.629     -.636     -.642     -.649     -.656     -.663     -.670
     -.677     -.684     -.692     -.699     -.707     -.715     -.723     -.732
     -.741     -.751     -.761     -.772     -.784     -.796     -.810     -.824
     -.840     -.857     -.874     -.893     -.913     -.934     -.956     -.978
    -1.002    -1.026    -1.051    -1.077    -1.104    -1.131    -1.159    -1.187
    -1.215    -1.244    -1.272    -1.301    -1.329    -1.356    -1.383    -1.410
    -1.435    -1.460    -1.484    -1.506    -1.527    -1.547    -1.566    -1.583
    -1.599    -1.613    -1.626    -1.637    -1.647    -1.655    -1.662    -1.667
    -1.671    -1.673    -1.674    -1.674    -1.673    -1.670    -1.666    -1.661
    -1.655    -1.649    -1.641    -1.633    -1.625    -1.616    -1.607    -1.597
    -1.588    -1.579    -1.570    -1.561    -1.553    -1.544    -1.537    -1.529
    -1.522    -1.516    -1.510    -1.504    -1.499    -1.495    -1.491    -1.488
    -1.485    -1.483    -1.482    -1.481    -1.480    -1.480    -1.481    -1.482
    -1.483    -1.485    -1.487    -1.489    -1.491    -1.493    -1.495    -1.497
    -1.499    -1.501    -1.503    -1.504    -1.505    -1.506    -1.505    -1.505
    -1.503    -1.501    -1.498    -1.493    -1.488    -1.482    -1.475    -1.466
    -1.457    -1.446    -1.435    -1.422    -1.408    -1.392    -1.376    -1.358
    -1.338    -1.318    -1.296    -1.273    -1.249    -1.224    -1.198    -1.171
    -1.144    -1.117    -1.088    -1.060    -1.031    -1.002     -.972     -.943
     -.913     -.884     -.854     -.825     -.796     -.767     -.738     -.710
     -.683     -.656     -.631     -.606     -.582     -.558     -.536     -.514
     -.493     -.473     -.454     -.435     -.416     -.398     -.381     -.364
     -.347     -.330     -.314     -.298     -.282     -.266     -.250     -.234
     -.218     -.201     -.184     -.167     -.149     -.131     -.112     -.093
     -.072     -.051     -.030     -.007      .017      .041      .066      .092
      .118      .144      .171      .198      .225      .252      .279      .306
      .333      .360      .386      .412      .438      .463      .488      .511
      .534      .556      .577      .598      .617      .636      .654      .671
      .687      .702      .716      .729      .742      .754      .765      .776
      .786      .796      .805      .813      .822      .830      .838      .846
      .855      .863      .873      .882      .893      .904      .916      .929
      .943      .958      .973      .988     1.005     1.021     1.037     1.054
     1.071     1.089     1.107     1.125     1.145     1.165     1.186     1.208
     1.231     1.254     1.278     1.303     1.328     1.352     1.377     1.401
     1.425     1.448     1.471     1.493     1.515     1.537     1.559     1.580
     1.602     1.623     1.644     1.665     1.685     1.705     1.725     1.744
     1.763     1.780     1.798     1.814     1.830     1.846     1.861     1.876
     1.890     1.904     1.918     1.931     1.944     1.957     1.970     1.982
     1.993     2.004     2.014     2.023     2.031     2.038     2.045     2.050
     2.054     2.057     2.059     2.060     2.059     2.057     2.055     2.050
     2.045     2.038     2.030     2.021     2.010     1.998     1.985     1.970
     1.954     1.936     1.917     1.897     1.876     1.854     1.831     1.807
     1.781     1.755     1.729     1.701     1.673     1.645     1.616     1.587
     1.558     1.528     1.498     1.468     1.437     1.406     1.375     1.344
     1.313     1.281     1.250     1.218     1.186     1.155     1.123     1.091
     1.059     1.028      .996      .964      .932      .900      .868      .835
      .803      .770      .737      .703      .669      .635      .600      .565
      .530      .494      .457      .420      .383      .345      .306      .267
      .227      .187      .146      .105      .064      .023     -.019     -.060
     -.102     -.143     -.184     -.224     -.264     -.303     -.341     -.379
     -.416     -.453     -.488     -.523     -.557     -.590     -.621     -.652
     -.681     -.709     -.736     -.762     -.787     -.810     -.831     -.852
     -.871     -.889     -.906     -.922     -.936     -.950     -.962     -.974
     -.985     -.996    -1.006    -1.016    -1.025    -1.034    -1.043    -1.051
    -1.060    -1.068    -1.077    -1.086    -1.094    -1.104    -1.113    -1.123
    -1.133    -1.143    -1.155    -1.166    -1.179    -1.192    -1.206    -1.221
    -1.237    -1.253    -1.270    -1.288    -1.306    -1.324    -1.343    -1.363
    -1.382    -1.402    -1.422    -1.442    -1.462    -1.482    -1.501    -1.520
    -1.539    -1.557    -1.574    -1.590    -1.605    -1.619    -1.632    -1.643
    -1.653    -1.661    -1.668    -1.673    -1.676    -1.678    -1.678    -1.677
    -1.674    -1.670    -1.665    -1.659    -1.651    -1.643    -1.633    -1.623
    -1.612    -1.600    -1.588    -1.574    -1.561    -1.547    -1.532    -1.517
    -1.502    -1.487    -1.472    -1.457    -1.443    -1.429    -1.416    -1.403
    -1.391    -1.379    -1.369    -1.359    -1.349    -1.340    -1.332    -1.324
    -1.316    -1.308    -1.299    -1.291    -1.282    -1.272    -1.261    -1.249
    -1.236    -1.222    -1.207    -1.189    -1.171    -1.150    -1.128    -1.104
    -1.078    -1.051    -1.021     -.990     -.957     -.923     -.887     -.850
     -.812     -.773     -.732     -.691     -.649     -.607     -.564     -.521
     -.478     -.435     -.393     -.351     -.309     -.268     -.228     -.189
     -.151     -.114     -.078     -.043     -.010      .021      .051      .079
      .105      .129      .151      .171      .189      .205      .219      .231
      .241      .250      .257      .262      .266      .269      .271      .271
      .271      .270      .269      .266      .263      .260      .256      .252
      .248      .243      .238      .234      .229      .225      .221      .218
      .215      .213      .211      .210      .210      .211      .212      .213
      .216      .219      .223      .227      .232      .237      .243      .250
      .257      .264      .271      .279      .287      .294      .301      .308
      .314      .319      .324      .329      .332      .334      .336      .337
      .337      .336      .334      .331      .328      .323