.055      .044      .034      .023      .013      .002     -.009     -.020
     -.031     -.041     -.052     -.063     -.074     -.085     -.095     -.106
     -.117     -.128     -.139     -.149     -.160     -.171     -.182     -.193
     -.204     -.215     -.225     -.236     -.246     -.257     -.268     -.278
     -.289     -.300     -.311     -.322     -.333     -.343     -.354     -.364
     -.375     -.385     -.395     -.405     -.416     -.427     -.438     -.450
     -.461     -.471     -.481     -.491     -.501     -.511     -.521     -.532
     -.543     -.554     -.565     -.576     -.587     -.597     -.607     -.616
     -.626     -.636     -.645     -.655     -.665     -.674     -.684     -.693
     -.701     -.710     -.718     -.726     -.734     -.741     -.749     -.756
     -.763     -.771     -.778     -.785     -.793     -.800     -.807     -.813
     -.819     -.825     -.831     -.837     -.844     -.850     -.857     -.864
     -.871     -.877     -.883     -.889     -.895     -.901     -.907     -.913
     -.920     -.926     -.933     -.939     -.945     -.950     -.955     -.960
     -.964     -.968     -.972     -.977     -.982     -.988     -.994     -.999
    -1.005    -1.010    -1.015    -1.019    -1.022    -1.025    -1.027    -1.030
    -1.033    -1.036    -1.039    -1.042    -1.045    -1.048    -1.051    -1.054
    -1.056    -1.058    -1.060    -1.061    -1.062    -1.063    -1.063    -1.063
    -1.063    -1.063    -1.062    -1.062    -1.061    -1.060    -1.060    -1.060
    -1.061    -1.061    -1.061    -1.059    -1.057    -1.053    -1.049    -1.045
    -1.041    -1.036    -1.033    -1.030    -1.027    -1.026    -1.024    -1.022
    -1.020    -1.017    -1.013    -1.008    -1.002     -.996     -.990     -.985
     -.980     -.975     -.970     -.965     -.960     -.954     -.948     -.941
     -.934     -.926     -.919     -.912     -.906     -.901     -.895     -.890
     -.883     -.877     -.869     -.862     -.854     -.845     -.837     -.829
     -.820     -.812     -.803     -.794     -.784     -.773     -.761     -.749
     -.737     -.725     -.714     -.703     -.693     -.683     -.673     -.662
     -.651     -.639     -.627     -.614     -.602     -.591     -.581     -.573
     -.566     -.560     -.554     -.548     -.541     -.534     -.525     -.516
     -.507     -.497     -.488     -.480     -.473     -.466     -.460     -.453
     -.446     -.438     -.429     -.418     -.406     -.393     -.380     -.368
     -.354     -.341     -.327     -.313     -.296     -.279     -.261     -.241
     -.221     -.200     -.179     -.159     -.138     -.118     -.099     -.079
     -.060     -.040     -.019      .003      .024      .045      .065      .084
      .103      .121      .139      .158      .176      .193      .209      .224
      .237      .251      .263      .276      .289      .303      .316      .329
      .342      .355      .368      .382      .397      .412      .428      .444
      .461      .479      .497      .515      .533      .551      .570      .590
      .611      .633      .657      .683      .709      .735      .762      .789
      .816      .844      .873      .901      .930      .958      .986     1.013
     1.041     1.068     1.095     1.123     1.151     1.181     1.210     1.241
     1.273     1.305     1.337     1.369     1.399     1.429     1.457     1.485
     1.512     1.540     1.570     1.600     1.632     1.666     1.700     1.736
     1.773     1.812     1.851     1.891     1.931     1.969     2.007     2.043
     2.079     2.115     2.151     2.188     2.224     2.260     2.295     2.330
     2.364     2.397     2.428     2.458     2.487     2.515     2.543     2.571
     2.599     2.628     2.657     2.685     2.714     2.744     2.775     2.806
     2.836     2.866     2.895     2.924     2.954     2.985     3.017     3.049
     3.082     3.116     3.152     3.188     3.226     3.263     3.299     3.336
     3.373     3.410     3.447     3.484     3.521     3.557     3.593     3.630
     3.668     3.707     3.747     3.786     3.826     3.864     3.900     3.936
     3.970     4.005     4.039     4.074     4.110     4.146     4.181     4.214
     4.247     4.278     4.308     4.337     4.365     4.393     4.421     4.450
     4.480     4.509     4.540     4.571     4.603     4.635     4.667     4.698
     4.727     4.755     4.781     4.807     4.832     4.856     4.880     4.904
     4.928     4.950     4.971     4.991     5.010     5.028     5.045     5.061
     5.073     5.082     5.088     5.090     5.088     5.084     5.081     5.078
     5.079     5.084     5.091     5.099     5.107     5.113     5.117     5.119
     5.120     5.120     5.119     5.118     5.116     5.114     5.112     5.109
     5.105     5.099     5.091     5.079     5.063     5.042     5.016     4.986
     4.954     4.921     4.888     4.854     4.821     4.787     4.753     4.719
     4.684     4.649     4.617     4.587     4.557     4.529     4.499     4.470
     4.440     4.410     4.379     4.346     4.309     4.266     4.217     4.162
     4.101     4.035     3.963     3.886     3.803     3.714     3.616     3.510
     3.394     3.268     3.134     2.992     2.845     2.696     2.546     2.397
     2.250     2.105     1.963     1.825     1.689     1.556     1.424     1.292
     1.160     1.026      .891      .752      .611      .467      .320      .173
      .025     -.120     -.264     -.404     -.540     -.672     -.799     -.919
    -1.032    -1.136    -1.230    -1.315    -1.391    -1.458    -1.520    -1.577
    -1.631    -1.683    -1.733    -1.784    -1.836    -1.890    -1.949    -2.011
    -2.080    -2.157    -2.243    -2.338    -2.443    -2.558    -2.682    -2.816
    -2.959    -3.110    -3.267    -3.430    -3.598    -3.771    -3.949    -4.129
    -4.312    -4.496    -4.683    -4.876    -5.077    -5.291    -5.518    -5.759
    -6.012    -6.276    -6.548    -6.828    -7.113    -7.402    -7.694    -7.988
    -8.286    -8.588    -8.894    -9.201    -9.509    -9.813   -10.111   -10.400
   -10.677   -10.943   -11.199   -11.449   -11.700   -11.956   -12.222   -12.499
   -12.788   -13.088   -13.396   -13.709   -14.023   -14.334   -14.636   -14.925
   -15.198   -15.451   -15.683   -15.893   -16.082   -16.251   -16.399   -16.525
   -16.629   -16.710   -16.768   -16.801   -16.813   -16.807   -16.793   -16.779
   -16.774   -16.787   -16.818   -16.863   -16.913   -16.956   -16.979   -16.973
   -16.932   -16.856   -16.747   -16.608   -16.439   -16.243   -16.021   -15.777
   -15.514   -15.238   -14.948   -14.645   -14.328   -13.996   -13.649   -13.284
   -12.904   -12.509   -12.101   -11.682   -11.255   -10.823   -10.385    -9.946
    -9.506    -9.066    -8.627    -8.188    -7.750    -7.314    -6.882    -6.455
    -6.037    -5.629    -5.236    -4.861    -4.507    -4.175    -3.867    -3.583
    -3.326    -3.095    -2.890    -2.709    -2.549    -2.405    -2.273    -2.149
    -2.031    -1.921    -1.819    -1.725    -1.640    -1.565    -1.502    -1.452
    -1.413    -1.384    -1.361    -1.339    -1.313    -1.278    -1.233    -1.178
    -1.115    -1.047     -.982     -.923     -.876     -.842     -.824     -.822
     -.836     -.863     -.905     -.957    -1.017    -1.081    -1.144    -1.207
    -1.267    -1.325    -1.382    -1.439    -1.494    -1.545    -1.590    -1.626
    -1.653    -1.672    -1.684    -1.692    -1.696    -1.698    -1.697    -1.694
    -1.690    -1.684    -1.676    -1.665    -1.652    -1.634    -1.612    -1.586
    -1.555    -1.520    -1.484    -1.448    -1.415    -1.387    -1.362    -1.340
    -1.319    -1.296    -1.272    -1.246    -1.217    -1.188    -1.158    -1.130
    -1.105    -1.085    -1.071    -1.061    -1.056    -1.051    -1.045    -1.035
    -1.020    -1.001     -.976     -.948     -.917     -.882     -.841     -.793
     -.730     -.650     -.550     -.428     -.285     -.125      .051      .239
      .438      .647      .865     1.090     1.320     1.551     1.783     2.011
     2.237     2.462     2.688     2.921     3.163     3.419     3.692     3.983
     4.291     4.614     4.948     5.285     5.621     5.949     6.263     6.559
     6.834     7.086     7.314     7.519     7.701     7.861     8.002     8.123
     8.227     8.313     8.382     8.433     8.465     8.476     8.467     8.436
     8.383     8.309     8.218     8.112     7.997     7.879     7.765     7.662
     7.571     7.495     7.435     7.391     7.362     7.347     7.344     7.351
     7.364     7.379     7.396     7.416     7.445     7.484     7.536     7.601
     7.678     7.765     7.860     7.962     8.067     8.173     8.279     8.384
     8.490     8.597     8.707     8.816     8.925     9.029     9.129     9.220
     9.302     9.370     9.422     9.458     9.477     9.481     9.469     9.439
     9.389     9.318     9.228     9.119     8.990     8.840     8.669     8.479
     8.274     8.056     7.830     7.598     7.367     7.142     6.929     6.734
     6.561     6.410     6.281     6.171     6.074     5.988     5.906     5.826
     5.744     5.663     5.583     5.505     5.432     5.366     5.313     5.275
     5.254     5.252     5.272     5.317     5.388     5.483     5.595     5.722
     5.858     5.999     6.144     6.287     6.429     6.565     6.698     6.829
     6.961     7.096     7.236     7.383     7.536     7.695     7.860     8.029
     8.201     8.375     8.552     8.729     8.907     9.087     9.270     9.455
     9.644     9.835    10.029    10.222    10.411    10.594    10.766    10.923
    11.062    11.182    11.279    11.354    11.407    11.439    11.450    11.442
    11.416    11.375    11.318    11.248    11.163    11.063    10.950    10.824
    10.686    10.536    10.377    10.208    10.034     9.855     9.674     9.493
     9.315     9.141     8.973     8.813     8.663     8.521     8.386     8.252
     8.115     7.970     7.812     7.635     7.437     7.216     6.972     6.704
     6.414     6.103     5.774     5.429     5.070     4.701     4.325     3.947
     3.569     3.196     2.830     2.474     2.129     1.798     1.481     1.182
      .900      .637      .390      .160     -.057     -.262     -.454     -.635
     -.803     -.958    -1.102    -1.236    -1.363    -1.485    -1.604    -1.725
    -1.849    -1.980    -2.119    -2.267    -2.427    -2.595    -2.772    -2.954
    -3.140    -3.327    -3.514    -3.698    -3.878    -4.051    -4.215    -4.369
    -4.509    -4.634    -4.741    -4.829    -4.897    -4.946    -4.977    -4.993
    -4.997    -4.989    -4.974    -4.954    -4.932    -4.911    -4.894    -4.884
    -4.883    -4.893    -4.913    -4.943    -4.981    -5.026    -5.074    -5.121
    -5.167    -5.207    -5.239    -5.260    -5.268    -5.259    -5.233    -5.187
    -5.123    -5.042    -4.947    -4.843    -4.732    -4.618    -4.504    -4.392
    -4.283    -4.176    -4.071    -3.967    -3.862    -3.753    -3.642    -3.525
    -3.402    -3.272    -3.135    -2.991    -2.841    -2.687    -2.528    -2.367
    -2.202    -2.035    -1.865    -1.695    -1.524    -1.353    -1.182    -1.012
     -.842     -.673     -.504     -.336     -.171     -.010      .146      .294
      .435      .565      .684      .793      .888      .971     1.040     1.095
     1.136     1.162     1.173     1.173     1.163     1.148     1.132     1.117
     1.106     1.098     1.090     1.083     1.074     1.063     1.048     1.029
     1.004      .973      .936      .892      .842      .790      .737      .686
      .638      .592      .546      .496      .440      .377      .308      .235
      .159      .080     -.002     -.084     -.165     -.242     -.317     -.388
     -.456     -.521     -.584     -.644     -.701     -.756     -.808     -.857
     -.904     -.947     -.990    -1.033    -1.078    -1.126    -1.178    -1.235
    -1.296    -1.362    -1.432    -1.503    -1.577    -1.651    -1.726    -1.801
    -1.876    -1.952    -2.030    -2.111    -2.195    -2.284    -2.377    -2.475
    -2.578    -2.684    -2.793    -2.904    -3.015    -3.125    -3.232    -3.335
    -3.433    -3.524    -3.609    -3.688    -3.760    -3.825    -3.886    -3.942
    -3.996    -4.049    -4.103    -4.158    -4.215    -4.273    -4.332    -4.390
    -4.445    -4.496    -4.538    -4.573    -4.598    -4.613    -4.620    -4.621
    -4.616    -4.610    -4.605    -4.601    -4.600    -4.602    -4.608    -4.618
    -4.632    -4.651    -4.675    -4.702    -4.733    -4.768    -4.804    -4.842
    -4.882    -4.924    -4.967    -5.015    -5.066    -5.124    -5.187    -5.258
    -5.336    -5.423    -5.516    -5.617    -5.723    -5.832    -5.944    -6.057
    -6.169    -6.279    -6.386    -6.490    -6.590    -6.685    -6.776    -6.864
    -6.950    -7.034    -7.117    -7.200    -7.281    -7.362    -7.442    -7.522
    -7.600    -7.676    -7.749    -7.820    -7.888    -7.954    -8.017    -8.078
    -8.136    -8.192    -8.246    -8.298    -8.348    -8.396    -8.442    -8.486
    -8.529    -8.569    -8.607    -8.642    -8.673    -8.703    -8.732    -8.761
    -8.788    -8.816    -8.843    -8.869    -8.895    -8.919    -8.943    -8.965
    -8.985    -9.005    -9.023    -9.041    -9.058    -9.075    -9.091    -9.106
    -9.122    -9.138    -9.154    -9.170    -9.188    -9.206    -9.225    -9.243
    -9.261    -9.275    -9.284    -9.286    -9.280    -9.264    -9.238    -9.201
    -9.154    -9.097    -9.031    -8.957    -8.875    -8.785    -8.690    -8.589
    -8.482    -8.369    -8.251    -8.126    -7.996    -7.860    -7.718    -7.572
    -7.421    -7.268    -7.111    -6.953    -6.792    -6.629    -6.465    -6.298
    -6.129    -5.957    -5.783    -5.607    -5.430    -5.250    -5.069    -4.886
    -4.704    -4.521    -4.339    -4.159    -3.980    -3.804    -3.631    -3.462
    -3.298    -3.140    -2.988    -2.843    -2.705    -2.574    -2.450    -2.333
    -2.223    -2.119    -2.022    -1.930    -1.843    -1.761    -1.682    -1.606
    -1.533    -1.461    -1.390    -1.319    -1.249    -1.179    -1.109    -1.040
     -.970     -.902     -.833     -.766     -.699     -.633     -.568     -.503
     -.439     -.375     -.310     -.245     -.179     -.111     -.041      .033
      .110      .190      .274      .362      .454      .548      .645      .743
      .841      .940     1.039     1.136     1.232     1.325     1.416     1.505
     1.591     1.676     1.758     1.838     1.916     1.992     2.063     2.131
     2.195     2.254     2.308     2.358     2.405     2.450     2.494     2.538
     2.583     2.630     2.678     2.726     2.776     2.825     2.875     2.924
     2.971     3.016     3.059     3.098     3.134     3.167     3.195     3.219
     3.238     3.253     3.264     3.271     3.275     3.278     3.279     3.281
     3.285     3.291     3.300     3.313     3.329     3.349     3.373     3.402
     3.436     3.474     3.517     3.565     3.616     3.670     3.726     3.783
     3.841     3.897     3.952     4.004     4.053     4.099     4.141     4.179
     4.213     4.244     4.272     4.298     4.323     4.346     4.370     4.396
     4.424     4.455     4.490     4.527     4.566     4.607     4.647     4.686
     4.721     4.752     4.778     4.798     4.811     4.818     4.817     4.810
     4.796     4.776     4.750     4.719     4.683     4.643     4.600     4.555
     4.508     4.460     4.413     4.367     4.321     4.277     4.235     4.194
     4.156     4.120     4.086     4.055     4.028     4.004     3.985     3.969
     3.957     3.947     3.938     3.930     3.921     3.912     3.901     3.887
     3.872     3.854     3.835     3.814     3.793     3.772     3.751     3.733
     3.718     3.708     3.703     3.705     3.715     3.730     3.753     3.783
     3.818     3.859     3.904     3.954     4.008     4.065     4.127     4.192
     4.262     4.336     4.415     4.498     4.586     4.677     4.770     4.864
     4.958     5.052     5.143     5.231     5.316     5.397     5.474     5.549
     5.622     5.694     5.766     5.840     5.915     5.993     6.073     6.155
     6.237     6.320     6.401     6.479     6.553     6.622     6.684     6.740
     6.790     6.833     6.872     6.907     6.939     6.969     6.997     7.026
     7.055     7.084     7.113     7.142     7.169     7.194     7.216     7.233
     7.246     7.253     7.255     7.252     7.244     7.232     7.217     7.200
     7.181     7.161     7.140     7.119     7.098     7.078     7.058     7.038
     7.018     6.997     6.976     6.953     6.927     6.900     6.871     6.839
     6.806     6.771     6.735     6.699     6.661     6.622     6.584     6.544
     6.504     6.464     6.423     6.381     6.339     6.295     6.250     6.203
     6.154     6.102     6.047     5.988     5.926     5.861     5.792     5.721
     5.647     5.572     5.496     5.418     5.339     5.260     5.179     5.098
     5.015     4.932     4.849     4.765     4.681     4.598     4.516     4.434
     4.352     4.271     4.189     4.107     4.024     3.942     3.860     3.779
     3.700     3.622     3.548     3.478     3.411     3.349     3.291     3.238
     3.191     3.148     3.110     3.078     3.050     3.026     3.007     2.990
     2.977     2.965     2.954     2.944     2.934     2.924     2.912     2.899
     2.885     2.870     2.853     2.835     2.816     2.794     2.771     2.745
     2.717     2.686     2.652     2.616     2.577     2.535     2.491     2.446
     2.397     2.347     2.293     2.237     2.176     2.112     2.043     1.968
     1.888     1.804     1.713     1.618     1.518     1.413     1.303     1.190
     1.073      .953      .831      .709      .586      .463      .343      .226
      .112      .002     -.105     -.207     -.306     -.402     -.496     -.589
     -.680     -.771     -.861     -.950    -1.037    -1.123    -1.206    -1.288
    -1.366    -1.441    -1.513    -1.582    -1.647    -1.709    -1.766    -1.818
    -1.866    -1.908    -1.943    -1.973    -1.997    -2.014    -2.026    -2.033
    -2.035    -2.034    -2.030    -2.023    -2.015    -2.005    -1.994    -1.981
    -1.967    -1.953    -1.937    -1.921    -1.903    -1.887    -1.870    -1.855
    -1.842    -1.830    -1.820    -1.813    -1.808    -1.806    -1.808    -1.813
    -1.820    -1.830    -1.842    -1.857    -1.872    -1.890    -1.909    -1.930
    -1.952    -1.976    -2.001    -2.026    -2.053    -2.080    -2.108    -2.135
    -2.163    -2.191    -2.220    -2.249    -2.279    -2.309    -2.341    -2.373
    -2.407    -2.442    -2.478    -2.515    -2.553    -2.593    -2.633    -2.674
    -2.716    -2.757    -2.799    -2.840    -2.880    -2.918    -2.954    -2.988
    -3.019    -3.046    -3.069    -3.090    -3.107    -3.121    -3.132    -3.141
    -3.148    -3.154    -3.159    -3.164    -3.170    -3.175    -3.182    -3.191
    -3.200    -3.209    -3.220    -3.231    -3.241    -3.252    -3.262    -3.271
    -3.279    -3.285    -3.290    -3.294    -3.296    -3.298    -3.300    -3.302
    -3.306    -3.311    -3.318    -3.329    -3.342    -3.359    -3.379    -3.403
    -3.431    -3.461    -3.495    -3.532    -3.572    -3.614    -3.657    -3.703
    -3.749    -3.797    -3.845    -3.893    -3.941    -3.989    -4.037    -4.085
    -4.133    -4.182    -4.230    -4.279    -4.329    -4.379    -4.431    -4.484
    -4.537    -4.591    -4.646    -4.700    -4.755    -4.810    -4.865    -4.920
    -4.975    -5.030    -5.085    -5.141    -5.196    -5.251    -5.306    -5.361
    -5.415    -5.469    -5.523    -5.576    -5.629    -5.681    -5.732    -5.783
    -5.834    -5.883    -5.932    -5.981    -6.028    -6.075    -6.122    -6.169
    -6.217    -6.266    -6.317    -6.371    -6.428    -6.489    -6.554    -6.621
    -6.692    -6.764    -6.838    -6.913    -6.988    -7.063    -7.137    -7.210
    -7.282    -7.353    -7.423    -7.491    -7.558    -7.624    -7.688    -7.752
    -7.814    -7.876    -7.936    -7.995    -8.054    -8.111    -8.168    -8.224
    -8.279    -8.332    -8.384    -8.434    -8.481    -8.526    -8.569    -8.609
    -8.646    -8.680    -8.712    -8.742    -8.768    -8.791    -8.811    -8.826
    -8.837    -8.845    -8.847    -8.845    -8.838    -8.826    -8.811    -8.791
    -8.768    -8.741    -8.711    -8.678    -8.641    -8.602    -8.560    -8.516
    -8.468    -8.418    -8.365    -8.308    -8.249    -8.186    -8.120    -8.051
    -7.977    -7.900    -7.819    -7.735    -7.646    -7.554    -7.457    -7.357
    -7.253    -7.145    -7.032    -6.916    -6.796    -6.672    -6.545    -6.415
    -6.281    -6.145    -6.006    -5.865    -5.722    -5.576    -5.429    -5.280
    -5.129    -4.977    -4.823    -4.668    -4.511    -4.354    -4.195    -4.037
    -3.878    -3.720    -3.563    -3.407    -3.254    -3.103    -2.955    -2.810
    -2.668    -2.528    -2.392    -2.258    -2.125    -1.995    -1.865    -1.736
    -1.606    -1.477    -1.346    -1.215    -1.084     -.954     -.825     -.698
     -.574     -.453     -.337     -.224     -.115     -.010      .091      .190
      .286      .380      .472      .563      .653      .743      .832      .922
     1.011     1.101     1.191     1.280     1.370     1.458     1.546     1.633
     1.720     1.807     1.893     1.979     2.065     2.152     2.241     2.330
     2.420     2.510     2.601     2.692     2.781     2.870     2.956     3.041
     3.123     3.203     3.282     3.358     3.432     3.504     3.574     3.642
     3.708     3.772     3.835     3.896     3.955     4.014     4.072     4.129
     4.185     4.240     4.294     4.347     4.398     4.447     4.493     4.537
     4.577     4.615     4.650     4.682     4.712     4.740     4.767     4.792
     4.817     4.840     4.864     4.888     4.911     4.936     4.960     4.984
     5.010     5.035     5.059     5.084     5.108     5.131     5.155     5.177
     5.200     5.224     5.248     5.273     5.299     5.326     5.355     5.385
     5.417     5.450     5.485     5.521     5.558     5.597     5.636     5.675
     5.714     5.752     5.790     5.827     5.864     5.900     5.936     5.971
     6.006     6.041     6.076     6.111     6.146     6.181     6.215     6.248
     6.281     6.313     6.345     6.376     6.406     6.435     6.463     6.490
     6.515     6.538     6.561     6.581     6.600     6.618     6.635     6.650
     6.666     6.680     6.694     6.708     6.721     6.734     6.746     6.757
     6.767     6.777     6.786     6.794     6.801     6.808     6.814     6.820
     6.824     6.826     6.828     6.828     6.826     6.823     6.818     6.811
     6.802     6.793     6.782     6.770     6.758     6.744     6.729     6.714
     6.697     6.680     6.661     6.640     6.617     6.592     6.565     6.535
     6.503     6.468     6.431     6.391     6.350     6.306     6.261     6.214
     6.165     6.115     6.063     6.009     5.953     5.896     5.836     5.775
     5.712     5.646     5.579     5.510     5.439     5.367     5.294     5.221
     5.148     5.075     5.002     4.930     4.859     4.789     4.721     4.653
     4.587     4.523     4.460     4.398     4.338     4.280     4.222     4.165
     4.108     4.052     3.996     3.940     3.885     3.830     3.776     3.724
     3.673     3.624     3.576     3.531     3.488     3.447     3.408     3.371
     3.336     3.302     3.269     3.237     3.206     3.175     3.144     3.113
     3.080     3.047     3.012     2.976     2.938     2.899     2.858     2.815
     2.771     2.724     2.676     2.625     2.573     2.517     2.460     2.400
     2.338     2.274     2.208     2.141     2.073     2.005     1.936     1.866
     1.796     1.727     1.658     1.589     1.520     1.451     1.383     1.313
     1.243     1.173     1.101     1.028      .954      .879      .803      .726
      .649      .572      .495      .421      .348      .278      .212      .149
      .089      .033     -.021     -.073     -.124     -.174     -.223     -.272
     -.321     -.369     -.417     -.464     -.511     -.556     -.601     -.645
     -.687     -.728     -.768     -.806     -.844     -.881     -.916     -.952
     -.987    -1.022    -1.057    -1.092    -1.128    -1.165    -1.203    -1.240
    -1.279    -1.317    -1.356    -1.395    -1.433    -1.471    -1.508    -1.545
    -1.582    -1.618    -1.655    -1.691    -1.729    -1.766    -1.804    -1.844
    -1.884    -1.924    -1.966    -2.008    -2.051    -2.094    -2.137    -2.179
    -2.221    -2.263    -2.304    -2.344    -2.384    -2.423    -2.461    -2.499
    -2.535    -2.571    -2.605    -2.639    -2.671    -2.702    -2.732    -2.760
    -2.788    -2.815    -2.841    -2.866    -2.891    -2.915    -2.939    -2.964
    -2.988    -3.013    -3.039    -3.065    -3.093    -3.121    -3.149    -3.179
    -3.209    -3.239    -3.270    -3.301    -3.331    -3.362    -3.393    -3.423
    -3.453    -3.484    -3.513    -3.543    -3.573    -3.602    -3.631    -3.660
    -3.689    -3.717    -3.746    -3.774    -3.802    -3.829    -3.856    -3.882
    -3.907    -3.931    -3.954    -3.976    -3.996    -4.015    -4.032    -4.048
    -4.062    -4.075    -4.086    -4.095    -4.103    -4.110    -4.115    -4.119
    -4.121    -4.122    -4.122    -4.121    -4.118    -4.114    -4.108    -4.101
    -4.092    -4.081    -4.069    -4.056    -4.041    -4.025    -4.008    -3.991
    -3.973    -3.954    -3.934    -3.913    -3.892    -3.870    -3.848    -3.824
    -3.799    -3.773    -3.746    -3.719    -3.690    -3.661    -3.631    -3.601
    -3.570    -3.540    -3.510    -3.480    -3.452    -3.423    -3.396    -3.370
    -3.344    -3.320    -3.298    -3.276    -3.256    -3.238    -3.220    -3.203
    -3.186    -3.169    -3.152    -3.134    -3.116    -3.098    -3.079    -3.061
    -3.043    -3.024    -3.006    -2.988    -2.970    -2.952    -2.934    -2.915
    -2.896    -2.876    -2.857    -2.837    -2.817    -2.797    -2.778    -2.759
    -2.740    -2.721    -2.701    -2.682    -2.662    -2.641    -2.619    -2.597
    -2.574    -2.551    -2.527    -2.503    -2.478    -2.453    -2.428    -2.401
    -2.375    -2.348    -2.320    -2.293    -2.266    -2.238    -2.211    -2.183
    -2.156    -2.128    -2.099    -2.070    -2.040    -2.009    -1.976    -1.942
    -1.908    -1.871    -1.834    -1.796    -1.756    -1.716    -1.676    -1.634
    -1.593    -1.551    -1.509    -1.467    -1.425    -1.384    -1.343    -1.302
    -1.262    -1.222    -1.182    -1.144    -1.105    -1.068    -1.031     -.995
     -.959     -.924     -.890     -.857     -.824     -.793     -.763     -.733
     -.705     -.676     -.649     -.621     -.594     -.567     -.539     -.511
     -.483     -.455     -.426     -.397     -.368     -.339     -.310     -.282
     -.253     -.226     -.199     -.173     -.148     -.123     -.100     -.076
     -.054     -.031     -.008      .015      .038      .062      .087      .113
      .139      .165      .191      .217      .243      .269      .294      .319
      .343      .367      .390      .413      .436      .458      .481      .504
      .528      .552      .576      .602      .628      .655      .683      .711
      .739      .768      .797      .826      .855      .884      .913      .942
      .971      .999     1.028     1.056     1.085     1.113     1.141     1.169
     1.196     1.224     1.250     1.277     1.303     1.328     1.353     1.377
     1.400     1.423     1.444     1.465     1.485     1.503     1.521     1.537
     1.552     1.565     1.577     1.587     1.597     1.604     1.610     1.614
     1.616     1.618     1.618     1.616     1.614     1.611     1.607     1.603
     1.598     1.592     1.585     1.577     1.569     1.559     1.548     1.536
     1.523     1.509     1.494     1.478     1.461     1.444     1.425     1.407
     1.388     1.368     1.349     1.331     1.313     1.297     1.282     1.269
     1.257     1.247     1.237     1.229     1.222     1.216     1.210     1.204
     1.199     1.193     1.188     1.183     1.179     1.175     1.172     1.170
     1.168     1.167     1.168     1.169     1.173     1.177     1.183     1.190
     1.199     1.209     1.220     1.232     1.244     1.256     1.268     1.281
     1.293     1.306     1.318     1.330     1.341     1.352     1.363     1.373
     1.383     1.390     1.397     1.403     1.406     1.409     1.410     1.409
     1.408     1.405     1.401     1.397     1.391     1.385     1.378     1.370
     1.362     1.353     1.344     1.334     1.324     1.313     1.302     1.291
     1.279     1.267     1.254     1.240     1.225     1.210     1.195     1.178
     1.161     1.143     1.126     1.108     1.090     1.072     1.055     1.037
     1.019     1.001      .983      .964      .945      .925      .904      .883
      .861      .839      .817      .794      .771      .749      .727      .705
      .684      .663      .643      .624      .606      .589      .572      .556
      .541      .526      .512      .498      .484      .470      .456      .443
      .430      .417      .405      .393      .382      .372      .363      .354
      .347      .340      .335      .330      .326      .322      .320      .318
      .317      .317      .317      .319      .321      .324      .328      .332
      .337      .343      .349      .356      .364      .371      .379      .387
      .395      .402      .408      .414      .418      .420      .422      .421
      .419      .416      .411      .405      .397      .388      .379      .368
      .357      .345      .333      .320      .307      .294      .280      .267
      .253      .239      .225      .211      .197      .182      .168      .154
      .140      .125      .111      .098      .084      .072      .061      .051
      .042      .035      .029      .025      .023      .022      .023      .025
      .028      .032      .038      .044      .052      .061      .071      .083
      .095      .110      .125      .142      .161      .180      .200      .221
      .242      .264      .285      .305      .325      .344      .361      .377
      .391      .404      .416      .426      .434      .441      .447      .452
      .455      .458      .460      .461      .462      .462      .462      .462
      .461      .461      .460      .458      .456      .454      .452      .450
      .448      .446      .445      .444      .444      .445      .448      .451
      .455      .461      .467      .475      .484      .495      .507      .520
      .534      .549      .565      .582      .599      .617      .636      .655
      .675      .695      .715      .736      .757      .779      .800      .821
      .842      .862      .881      .899      .916      .931      .945      .957
      .967      .975      .982      .986      .989      .989      .988      .984
      .977      .969      .958      .945      .931      .914      .896      .875
      .854      .830      .805      .779      .752      .723      .692      .661
      .628      .595      .560      .525      .488      .452      .415      .378
      .341      .304      .269      .234      .200      .168      .137      .107
      .079      .051      .024     -.002     -.028     -.054     -.079     -.104
     -.129     -.154     -.177     -.200     -.222     -.242     -.262     -.280
     -.299     -.316     -.334     -.351     -.369     -.388     -.408     -.428
     -.450     -.472     -.497     -.522     -.549     -.578     -.608     -.639
     -.671     -.705     -.739     -.775     -.811     -.848     -.886     -.924
     -.962    -1.000    -1.039    -1.077    -1.115    -1.153    -1.190    -1.226
    -1.262    -1.297    -1.331    -1.365    -1.398    -1.430    -1.462    -1.492
    -1.522    -1.551    -1.578    -1.604    -1.628    -1.650    -1.670    -1.688
    -1.703    -1.717    -1.728    -1.737    -1.745    -1.751    -1.755    -1.758
    -1.759    -1.759    -1.757    -1.754    -1.749    -1.742    -1.734    -1.725
    -1.713    -1.701    -1.686    -1.671    -1.655    -1.637    -1.619    -1.600
    -1.581    -1.562    -1.543    -1.524    -1.506    -1.488    -1.471    -1.455
    -1.439    -1.424    -1.409    -1.395    -1.380    -1.365    -1.350    -1.336
    -1.321    -1.306    -1.292    -1.278    -1.264    -1.251    -1.238    -1.226
    -1.215    -1.204    -1.195    -1.186    -1.178    -1.171    -1.163    -1.157
    -1.150    -1.144    -1.138    -1.132    -1.126    -1.121    -1.116    -1.112
    -1.108    -1.105    -1.102    -1.099    -1.096    -1.094    -1.091    -1.089
    -1.087    -1.085    -1.083    -1.082    -1.081    -1.079    -1.078    -1.077
    -1.074    -1.072    -1.069    -1.065    -1.060    -1.055    -1.050    -1.045
    -1.040    -1.035    -1.030    -1.026    -1.021    -1.017    -1.013    -1.010
    -1.006    -1.002     -.998     -.994     -.988     -.982     -.975     -.967
     -.958     -.948     -.937     -.924     -.910     -.895     -.878     -.860
     -.841     -.821     -.800     -.778     -.754     -.730     -.705     -.679
     -.651     -.623     -.594     -.564     -.534     -.503     -.472     -.441
     -.410     -.379     -.348     -.318     -.288     -.259     -.230     -.202
     -.175     -.148     -.123     -.099     -.076     -.055     -.034     -.015
      .002      .019      .033      .047      .059      .069      .078      .085
      .091      .095      .097      .098      .098      .096      .093      .088
      .082      .075      .067      .057      .047      .036      .024      .012
      .000     -.012     -.024     -.036     -.048     -.060     -.071     -.082
     -.092     -.101     -.110     -.117     -.124     -.129     -.132     -.135
     -.135     -.135     -.133     -.130     -.126     -.120     -.113     -.105
     -.096     -.086     -.074     -.061     -.046     -.030     -.012      .009
      .031      .054      .080      .107      .136      .165      .195      .226
      .257      .287      .318      .348      .379      .409      .439      .470
      .500      .530      .560      .590      .620      .649      .678      .707
      .735      .762      .789      .814      .839      .863      .886      .908
      .929      .950      .970      .990     1.010     1.030     1.049     1.069
     1.088     1.106     1.125     1.143     1.160     1.176     1.192     1.208
     1.222     1.237     1.250     1.264     1.276     1.289     1.302     1.314
     1.327     1.340     1.353     1.366     1.380     1.393     1.407     1.421
     1.434     1.448     1.461     1.475     1.488     1.501     1.514     1.527
     1.540     1.553     1.566     1.577     1.589     1.599     1.609     1.618
     1.625     1.631     1.636     1.639     1.640     1.639     1.636     1.631
     1.625     1.616     1.606     1.594     1.580     1.565     1.549     1.531
     1.513     1.494     1.474     1.454     1.434     1.413     1.392     1.371
     1.350     1.329     1.308     1.287     1.267     1.246     1.226     1.205
     1.185     1.164     1.144     1.124     1.104     1.085     1.066     1.048
     1.031     1.015     1.000      .986      .972      .959      .946      .934
      .922      .911      .899      .888      .876      .865      .853      .841
      .828      .815      .801      .786      .771      .756      .739      .723
      .706      .688      .671      .653      .634      .615      .595      .574
      .553      .530      .508      .484      .461      .436      .412      .387
      .362      .336      .311      .285      .259      .232      .206      .179
      .153      .127      .101      .075      .051      .027      .004     -.018
     -.039     -.059     -.078     -.095     -.111     -.126     -.139     -.151
     -.162     -.172     -.181     -.189     -.196     -.202     -.207     -.211
     -.214     -.216     -.217     -.217     -.216     -.214     -.211     -.208
     -.205     -.201     -.197     -.194     -.190     -.187     -.184     -.181
     -.179     -.177     -.176     -.177     -.178     -.180     -.183     -.187
     -.192     -.198     -.204     -.211     -.219     -.227     -.236     -.245
     -.255     -.265     -.276     -.287     -.298     -.310     -.321     -.332
     -.343     -.354     -.365     -.374     -.383     -.392     -.399     -.405
     -.411     -.415     -.418     -.420     -.421     -.421     -.421     -.419
     -.417     -.414     -.410     -.406     -.401     -.395     -.388     -.380
     -.371     -.361     -.350     -.338     -.324     -.310     -.294     -.278
     -.261     -.243     -.225     -.207     -.189     -.171     -.153     -.135
     -.117     -.101     -.084     -.069     -.054     -.040     -.026     -.014
     -.001      .010      .022      .032      .042      .051      .059      .067
      .074      .080      .085      .090      .094      .098      .102      .105
      .108      .110      .113      .115      .118      .120      .123      .126
      .129      .132      .136      .140      .144      .148      .152      .156
      .160      .163      .167      .170      .173      .176      .178      .181
      .183      .184      .186      .188      .189      .191      .192      .194
      .196      .198      .201      .203      .205      .208      .210      .213
      .215      .218      .220      .222      .224      .226      .228      .229
      .230      .230      .230      .230      .229      .228      .227      .226
      .225      .223      .221      .220      .219      .218      .217      .216
      .216      .215      .215      .215      .215      .215      .216      .216
      .216      .216      .216      .216      .215      .214      .212      .210
      .207      .204      .200      .195      .189      .183      .176      .169
      .161      .152      .143      .133      .123      .112      .100      .087
      .075      .061      .047      .033      .018      .003     -.012     -.028
     -.044     -.060     -.076     -.093     -.110     -.127     -.144     -.161
     -.178     -.194     -.210     -.226     -.241     -.255     -.268     -.281
     -.294     -.306     -.318     -.329     -.340     -.351     -.361     -.372
     -.382     -.391     -.401     -.410     -.419     -.427     -.435     -.442
     -.449     -.455     -.461     -.466     -.472     -.476     -.481     -.486
     -.490     -.495     -.501     -.506     -.513     -.520     -.528     -.536
     -.546     -.556     -.568     -.580     -.594     -.608     -.623     -.640
     -.657     -.676     -.695     -.715     -.737     -.760     -.783     -.808
     -.834     -.860     -.888     -.917     -.947     -.978    -1.010    -1.043
    -1.076    -1.109    -1.143    -1.178    -1.212    -1.246    -1.280    -1.315
    -1.349    -1.383    -1.416    -1.449    -1.482    -1.515    -1.547    -1.578
    -1.609    -1.640    -1.669    -1.698    -1.726    -1.753    -1.780    -1.805
    -1.830    -1.855    -1.878    -1.902    -1.925    -1.947    -1.970    -1.992
    -2.013    -2.034    -2.055    -2.075    -2.094    -2.113    -2.131    -2.148
    -2.165    -2.180    -2.194    -2.207    -2.218    -2.229    -2.238    -2.247
    -2.253    -2.259    -2.264    -2.267    -2.270    -2.271    -2.271    -2.269
    -2.267    -2.263    -2.258    -2.252    -2.245    -2.237    -2.227    -2.216
    -2.204    -2.191    -2.176    -2.160    -2.143    -2.124    -2.103    -2.081
    -2.058    -2.033    -2.006    -1.978    -1.949    -1.918    -1.886    -1.853
    -1.818    -1.782    -1.745    -1.706    -1.666    -1.625    -1.583    -1.540
    -1.496    -1.451    -1.405    -1.359    -1.312    -1.265    -1.218    -1.171
    -1.124    -1.076    -1.029     -.982     -.934     -.887     -.840     -.793
     -.747     -.701     -.655     -.610     -.565     -.520     -.476     -.432
     -.388     -.345     -.301     -.258     -.215     -.172     -.130     -.088
     -.046     -.004      .037      .078      .119      .159      .199      .238
      .278      .316      .355      .393      .430      .468      .504      .541
      .577      .613      .648      .683      .717      .751      .784      .817
      .849      .882      .914      .946      .978     1.010     1.041     1.073
     1.105     1.137     1.168     1.199     1.230     1.261     1.292     1.322
     1.352     1.381     1.410     1.438     1.465     1.492     1.519     1.545
     1.570     1.595     1.619     1.643     1.666     1.689     1.712     1.734
     1.755     1.776     1.796     1.816     1.836     1.855     1.873     1.890
     1.908     1.924     1.940     1.956     1.971     1.985     1.998     2.010
     2.022     2.033     2.043     2.053     2.062     2.070     2.078     2.086
     2.092     2.098     2.104     2.108     2.112     2.115     2.117     2.118
     2.118     2.118     2.116     2.114     2.110     2.106     2.101     2.096
     2.089     2.082     2.075     2.067     2.058     2.049     2.039     2.028
     2.017     2.005     1.991     1.977     1.962     1.947     1.931     1.914
     1.898     1.880     1.862     1.844     1.825     1.806     1.787     1.767
     1.747     1.726     1.705     1.683     1.661     1.638     1.616     1.593
     1.570     1.546     1.523     1.498     1.474     1.449     1.424     1.399
     1.375     1.350     1.325     1.300     1.275     1.251     1.226     1.201
     1.176     1.151     1.127     1.103     1.080     1.057     1.034     1.013
      .992      .972      .953      .934      .915      .897      .879      .862
      .845      .827      .810      .793      .775      .757      .738      .719
      .701      .682      .663      .645      .627      .609      .592      .575
      .559      .544      .528      .512      .497      .480      .463      .444
      .425      .405      .384      .362      .339      .316      .292      .268
      .243      .218      .192      .166      .140      .113      .087      .060
      .033      .007     -.020     -.047     -.073     -.100     -.126     -.153
     -.179     -.205     -.230     -.256     -.282     -.308     -.334     -.359
     -.385     -.411     -.437     -.463     -.489     -.515     -.541     -.566
     -.591     -.615     -.638     -.660     -.681     -.701     -.720     -.738
     -.755     -.770     -.785     -.799     -.812     -.825     -.837     -.849
     -.860     -.871     -.882     -.892     -.903     -.913     -.923     -.932
     -.941     -.950     -.957     -.964     -.970     -.976     -.981     -.985
     -.988     -.991     -.994     -.996     -.998    -1.000    -1.002    -1.003
    -1.005    -1.006    -1.007    -1.008    -1.008    -1.008    -1.008    -1.007
    -1.005    -1.003    -1.000     -.997     -.993     -.989     -.984     -.979
     -.974     -.968     -.962     -.956     -.951     -.944     -.938     -.931
     -.924     -.917     -.910     -.902     -.895     -.887     -.880     -.873
     -.867     -.861     -.855     -.850     -.845     -.841     -.838     -.835
     -.833     -.831     -.831     -.830     -.831     -.832     -.834     -.836
     -.839     -.842     -.846     -.850     -.854     -.858     -.863     -.868
     -.873     -.878     -.884     -.889     -.895     -.901     -.908     -.914
     -.920     -.926     -.931     -.937     -.941     -.945     -.947     -.949
     -.949     -.949     -.947     -.943     -.939     -.933     -.925     -.916
     -.906     -.893     -.880     -.865     -.849     -.831     -.813     -.794
     -.773     -.751     -.728     -.704     -.678     -.651     -.622     -.593
     -.562     -.531     -.499     -.468     -.436     -.405     -.375     -.345
     -.316     -.287     -.260     -.234     -.209     -.186     -.163     -.142
     -.121     -.102     -.083     -.066     -.050     -.035     -.020     -.007
      .006      .018      .029      .038      .047      .055      .061      .067
      .072      .077      .082      .086      .089      .092      .095      .098
      .100      .102      .104      .106      .108      .110      .113      .116
      .120      .126      .132      .140      .148      .158      .169      .181
      .193      .206      .219      .233      .248      .262      .277      .293
      .309      .325      .341      .357      .374      .391      .407      .424
      .441      .458      .475      .491      .508      .524      .540      .555
      .570      .584      .596      .608      .618      .628      .636      .642
      .647      .651      .654      .656      .656      .656      .654      .652
      .648      .643      .637      .631      .624      .617      .608      .600
      .591      .582      .573      .564      .556      .548      .541      .535
      .529      .524      .520      .516      .514      .512      .510      .510
      .510      .511      .513      .516      .519      .524      .529      .535
      .543      .551      .561      .571      .582      .595      .609      .623
      .638      .655      .672      .689      .707      .726      .744      .762
      .780      .798      .815      .832      .848      .864      .879      .894
      .909      .923      .936      .948      .961      .972      .983      .992
     1.001     1.008     1.015     1.020     1.024     1.026     1.028     1.028
     1.028     1.026     1.024     1.022     1.018     1.015     1.010     1.006
     1.002      .998      .994      .991      .988      .986      .984      .983
      .982      .981      .981      .981      .982      .983      .985      .987
      .989      .991      .994      .996      .998     1.000     1.001     1.002
     1.003     1.005     1.006     1.008     1.011     1.015     1.019     1.025
     1.030     1.036     1.042     1.048     1.054     1.059     1.065     1.071
     1.076     1.081     1.085     1.089     1.091     1.091     1.090     1.087
     1.083     1.078     1.071     1.064     1.056     1.048     1.038     1.027
     1.015     1.003      .990      .976      .961      .946      .930      .913
      .895      .876      .855      .834      .811      .787      .762      .735
      .708      .680      .652      .624      .596      .569      .541      .513
      .486      .458      .431      .403      .375      .347      .319      .292
      .265      .239      .213      .188      .164      .139      .115      .090
      .064      .039      .013     -.014     -.041     -.068     -.095     -.122
     -.148     -.173     -.197     -.221     -.243     -.266     -.288     -.310
     -.332     -.353     -.374     -.395     -.415     -.435     -.454     -.474
     -.493     -.513     -.533     -.553     -.574     -.595     -.616     -.637
     -.659     -.680     -.701     -.721     -.742     -.762     -.783     -.804
     -.824     -.845     -.865     -.885     -.905     -.924     -.942     -.960
     -.977     -.994    -1.012    -1.029    -1.047    -1.065    -1.084    -1.104
    -1.123    -1.143    -1.163    -1.183    -1.202    -1.222    -1.242    -1.262
    -1.282    -1.302    -1.322    -1.343    -1.363    -1.383    -1.403    -1.423
    -1.443    -1.462    -1.482    -1.501    -1.520    -1.539    -1.559    -1.579
    -1.599    -1.618    -1.638    -1.657    -1.677    -1.696    -1.714    -1.732
    -1.750    -1.766    -1.782    -1.796    -1.809    -1.821    -1.831    -1.840
    -1.848    -1.855    -1.859    -1.863    -1.866    -1.867    -1.867    -1.867
    -1.865    -1.863    -1.860    -1.856    -1.851    -1.845    -1.838    -1.831
    -1.822    -1.812    -1.802    -1.790    -1.778    -1.765    -1.751    -1.737
    -1.723    -1.708    -1.693    -1.678    -1.662    -1.646    -1.630    -1.613
    -1.597    -1.581    -1.565    -1.550    -1.535    -1.521    -1.507    -1.494
    -1.481    -1.469    -1.458    -1.447    -1.436    -1.426    -1.416    -1.405
    -1.395    -1.385    -1.375    -1.366    -1.357    -1.347    -1.338    -1.330
    -1.321    -1.312    -1.304    -1.295    -1.287    -1.279    -1.272    -1.265
    -1.259    -1.253    -1.247    -1.242    -1.238    -1.233    -1.229    -1.225
    -1.221    -1.217    -1.212    -1.208    -1.203    -1.198    -1.193    -1.187
    -1.181    -1.175    -1.168    -1.161    -1.153    -1.145    -1.136    -1.128
    -1.118    -1.109    -1.099    -1.089    -1.078    -1.067    -1.056    -1.043
    -1.031    -1.017    -1.004     -.990     -.975     -.960     -.945     -.928
     -.911     -.893     -.874     -.854     -.834     -.813     -.791     -.769
     -.747     -.723     -.699     -.674     -.648     -.622     -.595     -.567
     -.539     -.510     -.481     -.452     -.422     -.393     -.363     -.333
     -.302     -.271     -.240     -.208     -.176     -.144     -.111     -.078
     -.045     -.013      .020      .052      .083      .114      .145      .176
      .206      .236      .265      .293      .320      .347      .372      .396
      .419      .441      .462      .482      .502      .520      .537      .554
      .570      .585      .599      .612      .623      .635      .645      .654
      .662      .669      .676      .681      .685      .688      .690      .691
      .692      .692      .691      .690      .689      .688      .687      .686
      .685      .684      .683      .682      .680      .678      .676      .674
      .672      .670      .667      .665      .662      .659      .656      .653
      .650      .646      .643      .640      .636      .633      .631      .628
      .626      .624      .623      .621      .621      .620      .621      .621
      .623      .624      .626      .629      .631      .634      .638      .641
      .645      .649      .653      .657      .662      .667      .673      .679
      .687      .695      .704      .714      .725      .738      .751      .765
      .781      .797      .814      .832      .851      .870      .890      .911
      .932      .953      .975      .997     1.019     1.042     1.064     1.086
     1.108     1.129     1.151     1.172     1.192     1.212     1.232     1.250
     1.268     1.285     1.302     1.318     1.333     1.348     1.363     1.377
     1.390     1.403     1.414     1.426     1.436     1.445     1.453     1.459
     1.465     1.469     1.472     1.474     1.474     1.473     1.471     1.468
     1.463     1.458     1.452     1.445     1.438     1.431     1.424     1.416
     1.409     1.402     1.394     1.387     1.379     1.371     1.363     1.355
     1.347     1.339     1.331     1.324     1.316     1.309     1.303     1.297
     1.291     1.285     1.280     1.275     1.270     1.266     1.262     1.258
     1.255     1.252     1.249     1.246     1.244     1.242     1.241     1.240
     1.238     1.237     1.236     1.235     1.233     1.231     1.229     1.226
     1.222     1.218     1.212     1.206     1.199     1.191     1.182     1.173
     1.163     1.153     1.143     1.132     1.122     1.111     1.099     1.088
     1.076     1.064     1.052     1.039     1.026     1.013     1.000      .987
      .973      .960      .946      .933      .919      .907      .894      .882
      .871      .860      .850      .841      .832      .825      .818      .812
      .808      .804      .801      .799      .797      .796      .795      .795
      .795      .795      .795      .796      .797      .799      .800      .802
      .803      .805      .807      .808      .810      .811      .812      .813
      .813      .814      .813      .812      .810      .807      .804      .799
      .793      .786      .778      .768      .758      .746      .733      .719
      .704      .688      .671      .653      .634      .614      .593      .572
      .550      .528      .506      .482      .459      .435      .410      .385
      .360      .334      .308      .282      .256      .229      .203      .176
      .149      .123      .097      .072      .047      .024      .001     -.022
     -.043     -.062     -.081     -.098     -.115     -.130     -.144     -.157
     -.170     -.182     -.193     -.203     -.213     -.222     -.231     -.239
     -.246     -.254     -.260     -.267     -.273     -.279     -.285     -.290
     -.295     -.299     -.303     -.307     -.310     -.312     -.315     -.317
     -.320     -.322     -.325     -.328     -.331     -.335     -.338     -.343
     -.348     -.353     -.359     -.365     -.372     -.380     -.388     -.397
     -.407     -.416     -.426     -.437     -.448     -.459     -.471     -.483
     -.495     -.507     -.519     -.531     -.543     -.555     -.567     -.578
     -.589     -.600     -.611     -.622     -.633     -.643     -.654     -.665
     -.676     -.687     -.697     -.708     -.718     -.728     -.738     -.748
     -.757     -.766     -.774     -.783     -.791     -.798     -.806     -.813
     -.821     -.829     -.837     -.845     -.854     -.864     -.874     -.884
     -.895     -.906     -.918     -.930     -.943     -.956     -.970     -.984
     -.998    -1.013    -1.028    -1.044    -1.061    -1.077    -1.094    -1.112
    -1.130    -1.148    -1.165    -1.183    -1.202    -1.220    -1.238    -1.256
    -1.274    -1.292    -1.309    -1.326    -1.343    -1.360    -1.375    -1.391
    -1.406    -1.421    -1.435    -1.449    -1.462    -1.475    -1.488    -1.499
    -1.510    -1.521    -1.531    -1.539    -1.548    -1.555    -1.561    -1.567
    -1.572    -1.577    -1.580    -1.583    -1.586    -1.587    -1.589    -1.589
    -1.590    -1.589    -1.589    -1.588    -1.587    -1.585    -1.583    -1.581
    -1.578    -1.575    -1.572    -1.568    -1.565    -1.561    -1.558    -1.555
    -1.552    -1.549    -1.546    -1.544    -1.541    -1.539    -1.537    -1.535
    -1.534    -1.532    -1.531    -1.529    -1.528    -1.527    -1.526    -1.524
    -1.523    -1.521    -1.519    -1.517    -1.515    -1.512    -1.509    -1.505
    -1.501    -1.496    -1.491    -1.485    -1.478    -1.471    -1.463    -1.454
    -1.444    -1.434    -1.423    -1.411    -1.399    -1.385    -1.371    -1.356
    -1.339    -1.322    -1.304    -1.285    -1.266    -1.246    -1.225    -1.204
    -1.182    -1.160    -1.138    -1.115    -1.092    -1.068    -1.043    -1.019
     -.994     -.969     -.944     -.918     -.893     -.868     -.843     -.818
     -.793     -.769     -.745     -.722     -.699     -.676     -.654     -.632
     -.610     -.589     -.568     -.547     -.526     -.506     -.486     -.466
     -.446     -.426     -.407     -.388     -.369     -.351     -.332     -.314
     -.296     -.279     -.261     -.243     -.225     -.207     -.189     -.170
     -.151     -.131     -.111     -.091     -.071     -.049     -.028     -.007
      .015      .037      .059      .081      .104      .126      .149      .172
      .196      .219      .243      .266      .290      .313      .337      .361
      .384      .408      .431      .454      .477      .499      .521      .543
      .565      .586      .607      .627      .647      .666      .685      .703
      .721      .738      .755      .771      .786      .801      .816      .831
      .845      .859      .872      .886      .900      .914      .928      .942
      .955      .968      .981      .994     1.006     1.018     1.030     1.041
     1.053     1.065     1.077     1.091     1.105     1.120     1.136     1.153
     1.171     1.189     1.208     1.227     1.246     1.265     1.284     1.303
     1.321     1.340     1.359     1.378     1.397     1.416     1.436     1.456
     1.476     1.496     1.517     1.538     1.559     1.580     1.600     1.620
     1.640     1.659     1.678     1.696     1.714     1.731     1.748     1.765
     1.782     1.798     1.814     1.830     1.845     1.860     1.874     1.887
     1.899     1.911     1.921     1.931     1.939     1.946     1.952     1.957
     1.961     1.964     1.966     1.967     1.968     1.967     1.965     1.963
     1.960     1.955     1.950     1.944     1.937     1.929     1.920     1.910
     1.899     1.887     1.874     1.860     1.845     1.829     1.813     1.795
     1.777     1.758     1.739     1.719     1.699     1.678     1.656     1.635
     1.612     1.589     1.566     1.542     1.518     1.493     1.467     1.441
     1.415     1.389     1.362     1.335     1.308     1.280     1.252     1.224
     1.196     1.167     1.139     1.110     1.081     1.052     1.023      .993
      .963      .933      .902      .871      .840      .808      .776      .744
      .711      .678      .644      .611      .576      .542      .507      .471
      .435      .399      .363      .326      .290      .253      .216      .180
      .143      .107      .071      .035     -.001     -.036     -.071     -.106
     -.141     -.176     -.210     -.244     -.277     -.311     -.343     -.376
     -.407     -.438     -.468     -.498     -.527     -.555     -.582     -.608
     -.633     -.658     -.681     -.703     -.725     -.746     -.766     -.785
     -.803     -.821     -.838     -.855     -.871     -.886     -.900     -.915
     -.928     -.941     -.954     -.966     -.978     -.990    -1.001    -1.012
    -1.024    -1.035    -1.047    -1.058    -1.070    -1.082    -1.095    -1.108
    -1.121    -1.134    -1.148    -1.161    -1.175    -1.189    -1.203    -1.217
    -1.232    -1.246    -1.261    -1.276    -1.292    -1.307    -1.322    -1.338
    -1.353    -1.368    -1.383    -1.397    -1.411    -1.424    -1.437    -1.449
    -1.460    -1.470    -1.479    -1.487    -1.495    -1.502    -1.508    -1.514
    -1.519    -1.524    -1.528    -1.531    -1.534    -1.536    -1.537    -1.537
    -1.537    -1.535    -1.533    -1.530    -1.526    -1.521    -1.516    -1.510
    -1.503    -1.496    -1.488    -1.480    -1.472    -1.464    -1.455    -1.446
    -1.438    -1.429    -1.420    -1.411    -1.402    -1.393    -1.383    -1.373
    -1.362    -1.351    -1.340    -1.327    -1.314    -1.301    -1.286    -1.271
    -1.255    -1.239    -1.222    -1.204    -1.185    -1.166    -1.147    -1.127
    -1.106    -1.085    -1.063    -1.041    -1.018     -.995     -.971     -.947
     -.922     -.896     -.870     -.844     -.817     -.789     -.762     -.733
     -.705     -.676     -.646     -.617     -.586     -.556     -.526     -.495
     -.464     -.434     -.403     -.373     -.343     -.314     -.286     -.258
     -.231     -.205     -.179     -.155     -.131     -.109     -.088     -.068
     -.049     -.030     -.013      .003      .018      .033      .046      .059
      .071      .081      .091      .100      .108      .114      .120      .126
      .130      .134      .138      .141      .144      .147      .149      .152
      .154      .156      .159      .161      .164      .166      .169      .172
      .176      .179      .183      .186      .190      .194      .199      .204
      .209      .214      .220      .227      .233      .239      .245      .252
      .258      .264      .269      .275      .280      .285      .289      .294
      .298      .302      .306      .309      .312      .314      .316      .318
      .319      .320      .321      .321      .321      .320      .319      .317
      .315