-1.227    -1.251    -1.275    -1.299    -1.323    -1.347    -1.370    -1.394
    -1.418    -1.441    -1.465    -1.488    -1.512    -1.535    -1.558    -1.581
    -1.604    -1.626    -1.649    -1.672    -1.695    -1.718    -1.740    -1.762
    -1.784    -1.805    -1.827    -1.848    -1.870    -1.892    -1.914    -1.936
    -1.957    -1.978    -1.998    -2.019    -2.039    -2.059    -2.080    -2.100
    -2.121    -2.141    -2.161    -2.180    -2.198    -2.217    -2.236    -2.254
    -2.273    -2.291    -2.309    -2.326    -2.343    -2.360    -2.376    -2.393
    -2.409    -2.425    -2.441    -2.456    -2.472    -2.487    -2.501    -2.516
    -2.530    -2.544    -2.559    -2.573    -2.586    -2.599    -2.612    -2.625
    -2.636    -2.648    -2.660    -2.671    -2.682    -2.693    -2.703    -2.713
    -2.722    -2.731    -2.740    -2.749    -2.757    -2.765    -2.773    -2.780
    -2.788    -2.795    -2.802    -2.809    -2.816    -2.822    -2.828    -2.833
    -2.837    -2.841    -2.845    -2.849    -2.852    -2.855    -2.858    -2.860
    -2.862    -2.864    -2.866    -2.867    -2.867    -2.867    -2.866    -2.866
    -2.864    -2.863    -2.861    -2.858    -2.855    -2.852    -2.848    -2.844
    -2.839    -2.834    -2.829    -2.823    -2.818    -2.811    -2.805    -2.797
    -2.789    -2.781    -2.772    -2.762    -2.752    -2.741    -2.729    -2.717
    -2.705    -2.692    -2.679    -2.665    -2.652    -2.638    -2.623    -2.608
    -2.592    -2.575    -2.558    -2.541    -2.523    -2.506    -2.488    -2.470
    -2.452    -2.434    -2.415    -2.396    -2.376    -2.356    -2.335    -2.315
    -2.294    -2.273    -2.251    -2.229    -2.207    -2.184    -2.161    -2.136
    -2.112    -2.087    -2.061    -2.035    -2.008    -1.981    -1.954    -1.926
    -1.899    -1.871    -1.844    -1.815    -1.786    -1.756    -1.725    -1.693
    -1.660    -1.627    -1.594    -1.560    -1.526    -1.492    -1.457    -1.421
    -1.383    -1.345    -1.305    -1.264    -1.223    -1.181    -1.139    -1.097
    -1.054    -1.010     -.965     -.920     -.874     -.828     -.781     -.735
     -.688     -.641     -.594     -.548     -.501     -.454     -.407     -.359
     -.312     -.264     -.216     -.167     -.118     -.069     -.019      .031
      .082      .133      .185      .237      .290      .344      .398      .452
      .506      .559      .613      .666      .719      .773      .828      .884
      .942     1.001     1.061     1.122     1.184     1.246     1.308     1.371
     1.434     1.497     1.560     1.624     1.689     1.754     1.820     1.886
     1.953     2.019     2.084     2.148     2.212     2.275     2.339     2.403
     2.468     2.533     2.600     2.667     2.733     2.799     2.863     2.927
     2.990     3.053     3.116     3.179     3.243     3.308     3.373     3.438
     3.505     3.572     3.640     3.709     3.778     3.847     3.916     3.986
     4.055     4.125     4.195     4.266     4.337     4.409     4.481     4.552
     4.624     4.697     4.771     4.845     4.921     4.997     5.074     5.151
     5.228     5.303     5.378     5.452     5.525     5.600     5.674     5.750
     5.826     5.902     5.978     6.053     6.128     6.203     6.276     6.349
     6.419     6.488     6.554     6.620     6.685     6.750     6.814     6.879
     6.944     7.009     7.073     7.137     7.200     7.263     7.325     7.388
     7.451     7.515     7.578     7.641     7.703     7.764     7.824     7.883
     7.941     7.998     8.056     8.112     8.167     8.221     8.273     8.324
     8.374     8.423     8.472     8.521     8.571     8.620     8.670     8.719
     8.766     8.813     8.860     8.907     8.954     9.002     9.049     9.096
     9.142     9.189     9.235     9.283     9.330     9.378     9.427     9.476
     9.526     9.574     9.620     9.665     9.708     9.749     9.789     9.828
     9.866     9.902     9.937     9.971    10.003    10.035    10.066    10.099
    10.132    10.167    10.202    10.238    10.273    10.308    10.341    10.373
    10.403    10.432    10.458    10.483    10.504    10.524    10.541    10.557
    10.571    10.586    10.601    10.616    10.631    10.646    10.659    10.672
    10.684    10.696    10.710    10.723    10.737    10.750    10.762    10.773
    10.782    10.788    10.794    10.800    10.807    10.815    10.824    10.834
    10.843    10.851    10.857    10.861    10.862    10.863    10.863    10.862
    10.861    10.860    10.858    10.856    10.855    10.854    10.854    10.855
    10.858    10.864    10.870    10.875    10.879    10.883    10.885    10.885
    10.884    10.881    10.877    10.872    10.866    10.859    10.851    10.842
    10.831    10.820    10.808    10.795    10.782    10.769    10.754    10.738
    10.721    10.700    10.677    10.649    10.617    10.579    10.536    10.487
    10.433    10.374    10.310    10.242    10.169    10.093    10.014     9.931
     9.845     9.757     9.665     9.571     9.475     9.377     9.277     9.174
     9.070     8.963     8.853     8.741     8.625     8.506     8.382     8.253
     8.117     7.975     7.828     7.676     7.517     7.352     7.182     7.005
     6.824     6.638     6.449     6.257     6.064     5.872     5.682     5.494
     5.310     5.129     4.955     4.789     4.631     4.482     4.343     4.211
     4.087     3.969     3.854     3.740     3.624     3.502     3.372     3.231
     3.079     2.913     2.733     2.536     2.322     2.090     1.839     1.571
     1.284      .979      .657      .316     -.040     -.409     -.789    -1.178
    -1.574    -1.974    -2.378    -2.783    -3.187    -3.588    -3.986    -4.378
    -4.765    -5.150    -5.536    -5.927    -6.327    -6.739    -7.167    -7.612
    -8.073    -8.551    -9.045    -9.554   -10.080   -10.620   -11.175   -11.743
   -12.321   -12.905   -13.491   -14.076   -14.654   -15.220   -15.771   -16.301
   -16.806   -17.283   -17.729   -18.145   -18.530   -18.886   -19.217   -19.527
   -19.823   -20.111   -20.396   -20.680   -20.966   -21.254   -21.547   -21.843
   -22.139   -22.433   -22.721   -22.999   -23.267   -23.521   -23.758   -23.977
   -24.176   -24.354   -24.512   -24.649   -24.765   -24.861   -24.937   -24.992
   -25.026   -25.038   -25.027   -24.993   -24.933   -24.849   -24.742   -24.615
   -24.469   -24.310   -24.139   -23.962   -23.781   -23.601   -23.427   -23.262
   -23.111   -22.978   -22.864   -22.771   -22.700   -22.650   -22.620   -22.610
   -22.618   -22.643   -22.685   -22.740   -22.807   -22.881   -22.958   -23.036
   -23.112   -23.183   -23.246   -23.302   -23.351   -23.397   -23.442   -23.491
   -23.549   -23.620   -23.707   -23.813   -23.940   -24.089   -24.261   -24.457
   -24.677   -24.920   -25.184   -25.468   -25.772   -26.092   -26.427   -26.774
   -27.131   -27.499   -27.874   -28.256   -28.642   -29.029   -29.415   -29.796
   -30.168   -30.527   -30.867   -31.186   -31.480   -31.748   -31.990   -32.203
   -32.390   -32.551   -32.688   -32.803   -32.897   -32.970   -33.023   -33.056
   -33.068   -33.060   -33.032   -32.982   -32.910   -32.816   -32.699   -32.558
   -32.391   -32.197   -31.975   -31.726   -31.447   -31.141   -30.805   -30.442
   -30.051   -29.635   -29.192   -28.725   -28.232   -27.715   -27.175   -26.612
   -26.028   -25.421   -24.793   -24.145   -23.477   -22.790   -22.084   -21.361
   -20.621   -19.864   -19.092   -18.305   -17.505   -16.690   -15.862   -15.020
   -14.165   -13.298   -12.419   -11.530   -10.632    -9.724    -8.810    -7.888
    -6.961    -6.029    -5.093    -4.154    -3.213    -2.272    -1.330     -.390
      .549     1.484     2.416     3.342     4.264     5.181     6.092     6.998
     7.898     8.791     9.677    10.556    11.426    12.289    13.143    13.990
    14.830    15.661    16.486    17.302    18.109    18.906    19.692    20.465
    21.223    21.965    22.688    23.392    24.074    24.736    25.377    25.997
    26.597    27.177    27.737    28.277    28.796    29.294    29.770    30.222
    30.648    31.049    31.421    31.766    32.080    32.364    32.617    32.838
    33.026    33.180    33.301    33.388    33.442    33.462    33.449    33.404
    33.326    33.216    33.074    32.903    32.702    32.475    32.221    31.943
    31.642    31.319    30.975    30.610    30.223    29.816    29.388    28.941
    28.476    27.993    27.493    26.978    26.448    25.904    25.348    24.781
    24.205    23.620    23.028    22.431    21.829    21.223    20.615    20.005
    19.395    18.785    18.178    17.574    16.976    16.381    15.790    15.202
    14.617    14.036    13.457    12.880    12.304    11.730    11.159    10.592
    10.031     9.476     8.931     8.395     7.871     7.360     6.866     6.390
     5.933     5.500     5.091     4.708     4.354     4.029     3.733     3.468
     3.231     3.021     2.836     2.674     2.533     2.413     2.311     2.227
     2.160     2.109     2.074     2.053     2.046     2.052     2.070     2.100
     2.141     2.193     2.254     2.325     2.406     2.496     2.596     2.707
     2.829     2.963     3.109     3.270     3.447     3.641     3.852     4.083
     4.334     4.606     4.901     5.218     5.558     5.918     6.297     6.694
     7.107     7.536     7.980     8.437     8.904     9.379     9.858    10.339
    10.818    11.293    11.759    12.212    12.650    13.069    13.465    13.836
    14.181    14.497    14.784    15.040    15.265    15.458    15.618    15.744
    15.837    15.895    15.919    15.909    15.865    15.788    15.679    15.540
    15.370    15.172    14.947    14.695    14.418    14.115    13.789    13.439
    13.066    12.672    12.257    11.824    11.374    10.908    10.427     9.932
     9.424     8.901     8.365     7.814     7.249     6.667     6.069     5.454
     4.821     4.171     3.504     2.819     2.117     1.400      .666     -.083
     -.845    -1.620    -2.405    -3.200    -4.002    -4.811    -5.625    -6.441
    -7.259    -8.076    -8.891    -9.700   -10.500   -11.290   -12.066   -12.825
   -13.566   -14.288   -14.989   -15.669   -16.331   -16.975   -17.603   -18.216
   -18.815   -19.399   -19.970   -20.525   -21.065   -21.587   -22.091   -22.575
   -23.037   -23.475   -23.887   -24.271   -24.626   -24.952   -25.247   -25.511
   -25.743   -25.943   -26.110   -26.244   -26.346   -26.414   -26.451   -26.456
   -26.429   -26.370   -26.279   -26.156   -26.001   -25.813   -25.594   -25.342
   -25.059   -24.744   -24.399   -24.025   -23.623   -23.193   -22.737   -22.256
   -21.751   -21.222   -20.670   -20.097   -19.501   -18.883   -18.245   -17.586
   -16.907   -16.208   -15.490   -14.753   -13.998   -13.224   -12.432   -11.622
   -10.795    -9.952    -9.093    -8.220    -7.332    -6.432    -5.520    -4.597
    -3.664    -2.722    -1.773     -.816      .148     1.117     2.092     3.073
     4.057     5.043     6.029     7.012     7.990     8.960     9.920    10.865
    11.792    12.700    13.587    14.450    15.286    16.093    16.870    17.612
    18.318    18.985    19.610    20.193    20.732    21.227    21.678    22.085
    22.449    22.771    23.054    23.299    23.509    23.684    23.827    23.940
    24.023    24.079    24.110    24.117    24.104    24.071    24.018    23.945
    23.855    23.750    23.629    23.489    23.330    23.150    22.950    22.733
    22.500    22.256    22.002    21.742    21.478    21.211    20.941    20.666
    20.388    20.107    19.823    19.533    19.237    18.937    18.633    18.326
    18.013    17.694    17.368    17.034    16.691    16.338    15.975    15.601
    15.216    14.816    14.403    13.977    13.537    13.085    12.620    12.144
    11.657    11.162    10.660    10.153     9.642     9.126     8.606     8.083
     7.557     7.028     6.498     5.967     5.438     4.912     4.390     3.873
     3.365     2.865     2.377     1.901     1.439      .993      .564      .153
     -.238     -.610     -.962    -1.295    -1.608    -1.904    -2.182    -2.445
    -2.694    -2.929    -3.152    -3.364    -3.565    -3.755    -3.935    -4.106
    -4.267    -4.420    -4.563    -4.697    -4.821    -4.934    -5.036    -5.125
    -5.202    -5.266    -5.316    -5.352    -5.374    -5.381    -5.374    -5.351
    -5.313    -5.260    -5.191    -5.105    -5.004    -4.886    -4.751    -4.600
    -4.431    -4.246    -4.042    -3.819    -3.578    -3.318    -3.040    -2.744
    -2.431    -2.101    -1.755    -1.394    -1.020     -.632     -.234      .176
      .594     1.021     1.455     1.895     2.340     2.789     3.240     3.691
     4.141     4.588     5.030     5.465     5.892     6.310     6.716     7.109
     7.488     7.852     8.200     8.530     8.842     9.135     9.409     9.664
     9.898    10.112    10.306    10.481    10.635    10.771    10.887    10.985
    11.065    11.128    11.176    11.208    11.225    11.229    11.218    11.195
    11.159    11.110    11.050    10.979    10.897    10.805    10.703    10.591
    10.469    10.336    10.192    10.037     9.869     9.688     9.492     9.281
     9.052     8.807     8.542     8.259     7.955     7.631     7.286     6.919
     6.530     6.120     5.687     5.233     4.758     4.263     3.750     3.220
     2.675     2.116     1.544      .961      .367     -.235     -.846    -1.464
    -2.089    -2.719    -3.355    -3.995    -4.638    -5.284    -5.931    -6.580
    -7.228    -7.877    -8.525    -9.170    -9.813   -10.453   -11.088   -11.718
   -12.343   -12.961   -13.572   -14.176   -14.770   -15.356   -15.931   -16.496
   -17.049   -17.592   -18.122   -18.640   -19.146   -19.638   -20.116   -20.581
   -21.033   -21.472   -21.899   -22.313   -22.714   -23.102   -23.476   -23.837
   -24.182   -24.512   -24.824   -25.119   -25.395   -25.650   -25.885   -26.099
   -26.291   -26.460   -26.607   -26.732   -26.836   -26.918   -26.981   -27.024
   -27.050   -27.059   -27.051   -27.029   -26.992   -26.940   -26.876   -26.798
   -26.707   -26.603   -26.486   -26.357   -26.214   -26.058   -25.889   -25.707
   -25.510   -25.301   -25.077   -24.840   -24.589   -24.323   -24.043   -23.749
   -23.441   -23.120   -22.785   -22.437   -22.076   -21.703   -21.318   -20.922
   -20.515   -20.098   -19.670   -19.233   -18.786   -18.330   -17.866   -17.393
   -16.911   -16.422   -15.925   -15.421   -14.911   -14.395   -13.875   -13.351
   -12.825   -12.296   -11.767   -11.238   -10.710   -10.183    -9.659    -9.136
    -8.616    -8.100    -7.587    -7.079    -6.576    -6.078    -5.588    -5.106
    -4.632    -4.169    -3.715    -3.273    -2.842    -2.423    -2.017    -1.622
    -1.240     -.871     -.513     -.168      .166      .488      .799     1.099
     1.390     1.671     1.944     2.208     2.465     2.714     2.954     3.188
     3.413     3.631     3.840     4.041     4.234     4.418     4.593     4.760
     4.917     5.065     5.204     5.333     5.452     5.562     5.661     5.751
     5.830     5.900     5.959     6.008     6.047     6.074     6.091     6.096
     6.090     6.072     6.042     6.001     5.948     5.886     5.814     5.733
     5.643     5.545     5.439     5.326     5.207     5.080     4.948     4.811
     4.670     4.524     4.376     4.226     4.074     3.921     3.767     3.614
     3.461     3.310     3.160     3.011     2.865     2.720     2.578     2.438
     2.301     2.167     2.035     1.906     1.781     1.658     1.540     1.425
     1.315     1.208     1.107     1.010      .917      .830      .746      .667
      .591      .520      .452      .388      .327      .270      .217      .167
      .122      .080      .044      .013     -.013     -.032     -.044     -.048
     -.044     -.031     -.008      .025      .067      .119      .181      .253
      .334      .424      .524      .633      .751      .876     1.009     1.148
     1.293     1.444     1.601     1.761     1.926     2.095     2.268     2.445
     2.625     2.808     2.995     3.185     3.379     3.575     3.773     3.974
     4.177     4.382     4.589     4.798     5.009     5.222     5.438     5.656
     5.877     6.100     6.325     6.554     6.784     7.017     7.252     7.488
     7.726     7.965     8.205     8.445     8.684     8.922     9.158     9.392
     9.621     9.847    10.066    10.280    10.487    10.686    10.877    11.059
    11.232    11.395    11.549    11.691    11.824    11.947    12.060    12.163
    12.257    12.341    12.415    12.481    12.537    12.585    12.625    12.657
    12.682    12.701    12.714    12.721    12.722    12.719    12.710    12.696
    12.677    12.653    12.624    12.590    12.551    12.507    12.460    12.407
    12.350    12.289    12.223    12.154    12.081    12.005    11.926    11.843
    11.757    11.668    11.576    11.480    11.379    11.275    11.166    11.052
    10.934    10.810    10.681    10.548    10.410    10.267    10.120     9.968
     9.813     9.653     9.490     9.322     9.151     8.976     8.797     8.615
     8.429     8.240     8.047     7.850     7.650     7.447     7.240     7.030
     6.816     6.599     6.378     6.154     5.926     5.696     5.462     5.226
     4.988     4.750     4.510     4.271     4.033     3.796     3.563     3.332
     3.105     2.882     2.665     2.451     2.243     2.039     1.839     1.644
     1.451     1.262     1.074      .889      .705      .523      .343      .165
     -.012     -.186     -.357     -.525     -.690     -.851    -1.007    -1.159
    -1.306    -1.448    -1.585    -1.716    -1.842    -1.962    -2.078    -2.189
    -2.296    -2.399    -2.500    -2.598    -2.693    -2.786    -2.877    -2.965
    -3.051    -3.132    -3.211    -3.285    -3.355    -3.420    -3.480    -3.534
    -3.583    -3.625    -3.660    -3.688    -3.709    -3.723    -3.728    -3.727
    -3.719    -3.704    -3.682    -3.655    -3.622    -3.585    -3.543    -3.498
    -3.449    -3.396    -3.341    -3.283    -3.223    -3.160    -3.095    -3.029
    -2.960    -2.891    -2.820    -2.749    -2.678    -2.607    -2.536    -2.466
    -2.397    -2.330    -2.263    -2.199    -2.135    -2.074    -2.013    -1.954
    -1.896    -1.839    -1.783    -1.727    -1.672    -1.617    -1.561    -1.507
    -1.452    -1.397    -1.343    -1.289    -1.236    -1.183    -1.131    -1.081
    -1.031     -.982     -.934     -.888     -.843     -.799     -.755     -.713
     -.672     -.632     -.594     -.557     -.522     -.489     -.458     -.431
     -.406     -.386     -.368     -.355     -.346     -.342     -.341     -.345
     -.353     -.366     -.383     -.404     -.429     -.457     -.489     -.523
     -.559     -.597     -.637     -.677     -.718     -.759     -.799     -.840
     -.880     -.919     -.959     -.998    -1.036    -1.075    -1.114    -1.154
    -1.194    -1.235    -1.278    -1.322    -1.369    -1.418    -1.470    -1.526
    -1.585    -1.648    -1.714    -1.785    -1.860    -1.939    -2.022    -2.109
    -2.199    -2.293    -2.391    -2.491    -2.594    -2.700    -2.808    -2.919
    -3.030    -3.144    -3.258    -3.372    -3.487    -3.602    -3.717    -3.832
    -3.946    -4.061    -4.174    -4.288    -4.401    -4.513    -4.624    -4.734
    -4.842    -4.949    -5.053    -5.154    -5.252    -5.347    -5.438    -5.525
    -5.607    -5.683    -5.755    -5.821    -5.881    -5.936    -5.986    -6.030
    -6.069    -6.104    -6.134    -6.159    -6.181    -6.200    -6.216    -6.230
    -6.241    -6.251    -6.258    -6.262    -6.265    -6.266    -6.263    -6.258
    -6.250    -6.238    -6.223    -6.205    -6.183    -6.157    -6.126    -6.091
    -6.051    -6.006    -5.956    -5.901    -5.842    -5.778    -5.710    -5.638
    -5.562    -5.483    -5.400    -5.315    -5.227    -5.136    -5.044    -4.951
    -4.857    -4.762    -4.669    -4.576    -4.485    -4.396    -4.310    -4.227
    -4.147    -4.071    -3.998    -3.929    -3.863    -3.801    -3.741    -3.684
    -3.629    -3.576    -3.526    -3.476    -3.428    -3.381    -3.335    -3.289
    -3.244    -3.200    -3.155    -3.111    -3.067    -3.022    -2.977    -2.932
    -2.887    -2.842    -2.796    -2.751    -2.706    -2.663    -2.620    -2.579
    -2.539    -2.501    -2.465    -2.431    -2.399    -2.370    -2.343    -2.318
    -2.296    -2.276    -2.259    -2.244    -2.231    -2.220    -2.210    -2.201
    -2.192    -2.183    -2.175    -2.166    -2.157    -2.147    -2.137    -2.127
    -2.117    -2.106    -2.095    -2.084    -2.074    -2.063    -2.053    -2.043
    -2.034    -2.026    -2.018    -2.010    -2.003    -1.995    -1.987    -1.979
    -1.969    -1.958    -1.945    -1.931    -1.914    -1.894    -1.872    -1.846
    -1.817    -1.784    -1.747    -1.707    -1.662    -1.614    -1.561    -1.504
    -1.443    -1.378    -1.309    -1.236    -1.159    -1.078     -.994     -.906
     -.816     -.722     -.626     -.526     -.424     -.320     -.212     -.102
      .011      .126      .244      .365      .489      .615      .744      .875
     1.010     1.146     1.285     1.427     1.570     1.715     1.863     2.012
     2.162     2.315     2.469     2.625     2.782     2.942     3.103     3.265
     3.429     3.595     3.762     3.931     4.101     4.272     4.445     4.619
     4.793     4.968     5.143     5.317     5.491     5.663     5.833     6.001
     6.167     6.329     6.489     6.646     6.798     6.947     7.092     7.232
     7.367     7.498     7.623     7.742     7.855     7.962     8.062     8.154
     8.239     8.316     8.385     8.446     8.497     8.540     8.574     8.599
     8.615     8.623     8.623     8.615     8.601     8.579     8.551     8.516
     8.475     8.429     8.376     8.318     8.254     8.185     8.110     8.030
     7.945     7.854     7.758     7.655     7.547     7.434     7.314     7.189
     7.058     6.922     6.780     6.632     6.478     6.320     6.156     5.986
     5.812     5.633     5.449     5.261     5.068     4.872     4.672     4.468
     4.262     4.054     3.843     3.632     3.419     3.206     2.992     2.780
     2.569     2.359     2.151     1.947     1.745     1.546     1.352     1.162
      .976      .795      .620      .450      .286      .127     -.026     -.172
     -.313     -.448     -.576     -.699     -.816     -.926    -1.030    -1.129
    -1.222    -1.309    -1.390    -1.464    -1.534    -1.597    -1.654    -1.705
    -1.750    -1.788    -1.821    -1.847    -1.867    -1.880    -1.887    -1.888
    -1.882    -1.870    -1.852    -1.827    -1.796    -1.759    -1.715    -1.664
    -1.606    -1.541    -1.469    -1.390    -1.303    -1.208    -1.107     -.998
     -.883     -.761     -.633     -.500     -.361     -.217     -.068      .085
      .243      .404      .568      .735      .903     1.073     1.243     1.413
     1.581     1.748     1.912     2.073     2.230     2.383     2.530     2.670
     2.805     2.931     3.051     3.162     3.266     3.361     3.448     3.526
     3.597     3.660     3.715     3.763     3.804     3.837     3.864     3.884
     3.897     3.903     3.903     3.896     3.883     3.863     3.837     3.803
     3.764     3.717     3.665     3.605     3.539     3.467     3.388     3.303
     3.212     3.115     3.012     2.903     2.788     2.666     2.538     2.404
     2.263     2.116     1.962     1.801     1.633     1.459     1.279     1.092
      .899      .700      .495      .285      .070     -.150     -.375     -.603
     -.834    -1.069    -1.306    -1.546    -1.787    -2.031    -2.275    -2.520
    -2.766    -3.012    -3.256    -3.500    -3.742    -3.982    -4.219    -4.454
    -4.685    -4.911    -5.134    -5.351    -5.562    -5.768    -5.966    -6.158
    -6.342    -6.517    -6.684    -6.843    -6.992    -7.132    -7.262    -7.383
    -7.494    -7.596    -7.688    -7.771    -7.844    -7.907    -7.960    -8.004
    -8.038    -8.061    -8.075    -8.078    -8.072    -8.056    -8.030    -7.995
    -7.951    -7.898    -7.837    -7.768    -7.690    -7.603    -7.509    -7.406
    -7.296    -7.177    -7.051    -6.918    -6.777    -6.630    -6.476    -6.315
    -6.148    -5.975    -5.796    -5.610    -5.419    -5.221    -5.017    -4.807
    -4.591    -4.369    -4.141    -3.908    -3.668    -3.424    -3.175    -2.921
    -2.664    -2.403    -2.138    -1.871    -1.602    -1.332    -1.060     -.788
     -.516     -.245      .025      .294      .560      .824     1.086     1.343
     1.597     1.847     2.093     2.334     2.570     2.801     3.026     3.246
     3.459     3.666     3.866     4.059     4.245     4.424     4.596     4.760
     4.916     5.063     5.203     5.335     5.459     5.574     5.681     5.780
     5.871     5.954     6.029     6.096     6.155     6.207     6.251     6.286
     6.314     6.334     6.346     6.349     6.344     6.330     6.307     6.275
     6.233     6.182     6.120     6.049     5.968     5.877     5.775     5.663
     5.541     5.409     5.268     5.118     4.960     4.793     4.619     4.438
     4.249     4.055     3.854     3.648     3.435     3.218     2.996     2.768
     2.537     2.301     2.062     1.820     1.575     1.328     1.079      .829
      .578      .326      .074     -.177     -.428     -.677     -.925    -1.171
    -1.415    -1.656    -1.895    -2.130    -2.363    -2.592    -2.818    -3.040
    -3.259    -3.473    -3.683    -3.889    -4.090    -4.285    -4.475    -4.660
    -4.838    -5.010    -5.175    -5.333    -5.484    -5.626    -5.760    -5.885
    -6.001    -6.107    -6.203    -6.289    -6.365    -6.430    -6.484    -6.529
    -6.564    -6.588    -6.603    -6.608    -6.603    -6.589    -6.566    -6.534
    -6.493    -6.443    -6.384    -6.317    -6.242    -6.159    -6.067    -5.969
    -5.863    -5.750    -5.631    -5.505    -5.373    -5.236    -5.093    -4.944
    -4.790    -4.631    -4.467    -4.299    -4.126    -3.949    -3.768    -3.583
    -3.394    -3.201    -3.005    -2.805    -2.602    -2.397    -2.188    -1.978
    -1.765    -1.552    -1.337    -1.121     -.905     -.690     -.476     -.262
     -.051      .158      .364      .568      .767      .963     1.154     1.340
     1.522     1.698     1.869     2.034     2.194     2.347     2.494     2.636
     2.771     2.900     3.023     3.139     3.249     3.352     3.449     3.539
     3.622     3.698     3.768     3.831     3.887     3.937     3.981     4.020
     4.052     4.079     4.101     4.117     4.128     4.134     4.135     4.131
     4.122     4.108     4.088     4.064     4.034     3.999     3.959     3.913
     3.862     3.806     3.744     3.677     3.604     3.526     3.442     3.353
     3.258     3.159     3.054     2.945     2.830     2.711     2.588     2.461
     2.330     2.195     2.058     1.917     1.775     1.630     1.484     1.337
     1.189     1.041      .894      .747      .602      .459      .318      .179
      .044     -.088     -.217     -.341     -.462     -.578     -.689     -.797
     -.899     -.997    -1.090    -1.178    -1.262    -1.341    -1.415    -1.484
    -1.548    -1.609    -1.664    -1.715    -1.762    -1.804    -1.841    -1.875
    -1.903    -1.928    -1.948    -1.964    -1.975    -1.982    -1.984    -1.982
    -1.976    -1.966    -1.951    -1.932    -1.909    -1.881    -1.848    -1.811
    -1.770    -1.723    -1.672    -1.616    -1.554    -1.488    -1.417    -1.341
    -1.260    -1.174    -1.084     -.989     -.891     -.788     -.681     -.572
     -.459     -.343     -.226     -.106      .014      .135      .257      .378
      .499      .618      .735      .849      .961     1.070     1.175     1.277
     1.374     1.468     1.558     1.643     1.725     1.802     1.875     1.945
     2.010     2.072     2.129     2.184     2.234     2.282     2.326     2.367
     2.405     2.440     2.472     2.502     2.528     2.551     2.570     2.586
     2.599     2.607     2.612     2.612     2.607     2.598     2.585     2.566
     2.542     2.513     2.478     2.438     2.392     2.340     2.283     2.219
     2.150     2.074     1.992     1.904     1.810     1.709     1.602     1.490
     1.372     1.248     1.119      .986      .848      .705      .559      .409
      .255      .098     -.062     -.224     -.390     -.558     -.728     -.899
    -1.073    -1.247    -1.423    -1.599    -1.776    -1.954    -2.131    -2.309
    -2.486    -2.663    -2.839    -3.013    -3.187    -3.359    -3.530    -3.698
    -3.864    -4.028    -4.189    -4.348    -4.504    -4.657    -4.808    -4.955
    -5.098    -5.238    -5.373    -5.505    -5.632    -5.754    -5.871    -5.982
    -6.088    -6.189    -6.283    -6.371    -6.452    -6.526    -6.593    -6.652
    -6.702    -6.745    -6.778    -6.802    -6.817    -6.823    -6.818    -6.804
    -6.779    -6.743    -6.697    -6.641    -6.573    -6.494    -6.405    -6.305
    -6.196    -6.076    -5.947    -5.810    -5.664    -5.510    -5.350    -5.182
    -5.009    -4.831    -4.647    -4.459    -4.266    -4.070    -3.870    -3.666
    -3.460    -3.250    -3.038    -2.823    -2.606    -2.388    -2.167    -1.945
    -1.722    -1.498    -1.274    -1.049     -.825     -.600     -.376     -.152
      .071      .292      .512      .731      .948     1.162     1.375     1.584
     1.792     1.996     2.197     2.396     2.591     2.783     2.971     3.156
     3.337     3.514     3.686     3.855     4.019     4.178     4.333     4.482
     4.626     4.766     4.899     5.028     5.151     5.268     5.380     5.486
     5.585     5.679     5.765     5.846     5.920     5.987     6.048     6.102
     6.150     6.190     6.225     6.252     6.273     6.288     6.296     6.299
     6.295     6.286     6.271     6.251     6.226     6.196     6.161     6.122
     6.078     6.029     5.977     5.920     5.859     5.795     5.727     5.655
     5.581     5.502     5.421     5.337     5.249     5.159     5.066     4.970
     4.871     4.769     4.665     4.558     4.449     4.337     4.223     4.106
     3.987     3.866     3.742     3.617     3.490     3.361     3.231     3.099
     2.967     2.834     2.700     2.566     2.432     2.298     2.164     2.030
     1.897     1.764     1.633     1.502     1.373     1.246     1.120      .996
      .873      .753      .635      .518      .404      .292      .183      .076
     -.029     -.131     -.230     -.327     -.421     -.513     -.601     -.687
     -.770     -.850     -.926    -1.000    -1.070    -1.137    -1.200    -1.259
    -1.315    -1.367    -1.415    -1.459    -1.499    -1.535    -1.567    -1.595
    -1.619    -1.639    -1.655    -1.666    -1.674    -1.677    -1.676    -1.671
    -1.661    -1.648    -1.630    -1.608    -1.582    -1.551    -1.518    -1.480
    -1.439    -1.394    -1.347    -1.297    -1.244    -1.189    -1.132    -1.073
    -1.013     -.952     -.890     -.827     -.765     -.702     -.640     -.577
     -.516     -.456     -.396     -.338     -.282     -.227     -.173     -.122
     -.071     -.023      .024      .068      .112      .153      .192      .230
      .266      .299      .331      .361      .390      .416      .441      .464
      .485      .505      .523      .540      .555      .569      .581      .591
      .600      .608      .614      .618      .621      .623      .623      .621
      .618      .614      .608      .600      .590      .579      .566      .551
      .534      .515      .494      .471      .446      .420      .392      .362
      .331      .298      .264      .229      .194      .157      .119      .081
      .042      .003     -.036     -.076     -.115     -.154     -.192     -.230
     -.266     -.301     -.336     -.368     -.399     -.428     -.455     -.481
     -.504     -.525     -.544     -.561     -.575     -.587     -.597     -.604
     -.610     -.613     -.614     -.614     -.611     -.607     -.601     -.593
     -.584     -.573     -.561     -.547     -.531     -.513     -.494     -.474
     -.451     -.427     -.402     -.375     -.346     -.316     -.284     -.251
     -.216     -.180     -.143     -.104     -.064     -.023      .019      .063
      .108      .153      .200      .248      .296      .345      .395      .445
      .496      .546      .596      .646      .695      .744      .791      .837
      .882      .926      .969     1.010     1.049     1.087     1.123     1.157
     1.190     1.221     1.251     1.280     1.307     1.333     1.358     1.382
     1.405     1.427     1.449     1.469     1.488     1.507     1.525     1.542
     1.557     1.572     1.586     1.598     1.609     1.619     1.627     1.634
     1.639     1.643     1.644     1.644     1.641     1.637     1.630     1.621
     1.609     1.594     1.576     1.555     1.530     1.503     1.471     1.437
     1.399     1.358     1.314     1.267     1.217     1.165     1.110     1.053
      .994      .934      .871      .807      .741      .674      .605      .536
      .465      .392      .318      .243      .167      .089      .009     -.071
     -.154     -.237     -.322     -.408     -.496     -.584     -.674     -.765
     -.857     -.949    -1.042    -1.135    -1.229    -1.323    -1.417    -1.511
    -1.605    -1.698    -1.791    -1.883    -1.974    -2.065    -2.155    -2.243
    -2.331    -2.417    -2.502    -2.586    -2.667    -2.747    -2.825    -2.901
    -2.975    -3.047    -3.116    -3.182    -3.246    -3.308    -3.367    -3.423
    -3.476    -3.526    -3.573    -3.618    -3.659    -3.697    -3.733    -3.766
    -3.795    -3.822    -3.845    -3.865    -3.882    -3.896    -3.907    -3.914
    -3.918    -3.919    -3.916    -3.910    -3.901    -3.888    -3.873    -3.854
    -3.832    -3.807    -3.779    -3.749    -3.715    -3.679    -3.641    -3.599
    -3.555    -3.509    -3.460    -3.408    -3.355    -3.298    -3.239    -3.178
    -3.114    -3.048    -2.980    -2.910    -2.838    -2.764    -2.688    -2.611
    -2.533    -2.453    -2.372    -2.290    -2.208    -2.126    -2.043    -1.960
    -1.877    -1.794    -1.712    -1.629    -1.547    -1.465    -1.384    -1.303
    -1.223    -1.143    -1.064     -.985     -.907     -.829     -.752     -.676
     -.600     -.524     -.449     -.375     -.301     -.227     -.153     -.079
     -.006      .067      .140      .213      .285      .358      .430      .501
      .572      .643      .713      .782      .850      .917      .983     1.047
     1.111     1.173     1.233     1.291     1.348     1.403     1.456     1.507
     1.556     1.603     1.648     1.692     1.733     1.773     1.811     1.847
     1.881     1.914     1.944     1.973     2.000     2.025     2.048     2.070
     2.089     2.106     2.122     2.135     2.147     2.156     2.164     2.170
     2.174     2.176     2.176     2.175     2.171     2.166     2.159     2.151
     2.140     2.127     2.113     2.096     2.078     2.057     2.035     2.010
     1.983     1.954     1.922     1.888     1.853     1.815     1.776     1.734
     1.691     1.646     1.600     1.553     1.504     1.455     1.405     1.354
     1.304     1.253     1.202     1.151     1.101     1.052     1.004      .956
      .911      .866      .824      .783      .744      .707      .673      .640
      .610      .581      .555      .530      .507      .486      .467      .449
      .433      .418      .405      .394      .383      .374      .366      .359
      .354      .350      .346      .344      .343      .343      .344      .346
      .349      .353      .359      .365      .373      .382      .393      .405
      .418      .432      .448      .465      .484      .503      .524      .545
      .568      .591      .615      .640      .665      .690      .716      .742
      .769      .795      .821      .847      .873      .898      .923      .948
      .971      .994     1.016     1.036     1.056     1.074     1.090     1.105
     1.117     1.128     1.137     1.143     1.148     1.150     1.150     1.147
     1.142     1.135     1.125     1.113     1.098     1.082     1.063     1.042
     1.019      .994      .968      .939      .909      .877      .843      .808
      .771      .732      .692      .650      .607      .562      .516      .468
      .420      .370      .319      .267      .215      .161      .107      .052
     -.004     -.060     -.117     -.174     -.232     -.290     -.348     -.407
     -.465     -.524     -.582     -.641     -.699     -.758     -.816     -.874
     -.932     -.990    -1.048    -1.105    -1.162    -1.219    -1.274    -1.329
    -1.383    -1.435    -1.486    -1.535    -1.582    -1.627    -1.669    -1.710
    -1.747    -1.782    -1.814    -1.843    -1.870    -1.893    -1.914    -1.932
    -1.947    -1.959    -1.969    -1.977    -1.982    -1.985    -1.986    -1.985
    -1.982    -1.977    -1.971    -1.963    -1.953    -1.942    -1.929    -1.914
    -1.898    -1.880    -1.860    -1.839    -1.816    -1.791    -1.765    -1.737
    -1.708    -1.677    -1.645    -1.611    -1.575    -1.539    -1.500    -1.460
    -1.418    -1.375    -1.330    -1.283    -1.234    -1.184    -1.132    -1.078
    -1.023     -.966     -.908     -.849     -.789     -.728     -.666     -.604
     -.542     -.480     -.418     -.357     -.296     -.236     -.177     -.120
     -.063     -.008      .046      .099      .150      .200      .248      .294
      .338      .381      .421      .460      .496      .531      .563      .593
      .621      .647      .670      .691      .710      .726      .740      .752
      .761      .768      .772      .774      .774      .771      .765      .758
      .747      .735      .720      .702      .682      .658      .632      .603
      .570      .534      .495      .451      .403      .352      .296      .237
      .174      .107      .037     -.035     -.111     -.189     -.269     -.352
     -.436     -.523     -.611     -.700     -.791     -.883     -.976    -1.070
    -1.165    -1.260    -1.356    -1.452    -1.549    -1.645    -1.742    -1.839
    -1.936    -2.032    -2.128    -2.224    -2.319    -2.413    -2.506    -2.598
    -2.689    -2.778    -2.866    -2.953    -3.038    -3.121    -3.202    -3.281
    -3.358    -3.433    -3.505    -3.575    -3.642    -3.706    -3.768    -3.826
    -3.881    -3.933    -3.982    -4.027    -4.069    -4.106    -4.140    -4.171
    -4.197    -4.219    -4.238    -4.252    -4.262    -4.269    -4.271    -4.268
    -4.262    -4.251    -4.236    -4.216    -4.191    -4.162    -4.128    -4.090
    -4.047    -4.000    -3.948    -3.892    -3.832    -3.768    -3.701    -3.629
    -3.554    -3.475    -3.393    -3.308    -3.219    -3.127    -3.032    -2.934
    -2.833    -2.730    -2.623    -2.514    -2.403    -2.289    -2.173    -2.055
    -1.935    -1.814    -1.690    -1.566    -1.440    -1.312    -1.184    -1.055
     -.925     -.794     -.663     -.531     -.399     -.267     -.134     -.002
      .130      .262      .395      .526      .658      .789      .920     1.050
     1.180     1.309     1.437     1.564     1.690     1.815     1.939     2.061
     2.182     2.301     2.418     2.533     2.647     2.757     2.866     2.972
     3.076     3.176     3.274     3.369     3.461     3.550     3.636     3.719
     3.799     3.876     3.950     4.021     4.089     4.154     4.216     4.275
     4.330     4.383     4.433     4.479     4.523     4.563     4.601     4.635
     4.667     4.695     4.721     4.745     4.765     4.783     4.798     4.811
     4.821     4.830     4.836     4.840     4.842     4.842     4.841     4.838
     4.834     4.828     4.821     4.813     4.803     4.793     4.781     4.768
     4.754     4.739     4.723     4.707     4.689     4.671     4.652     4.632
     4.611     4.590     4.569     4.546     4.523     4.500     4.476     4.452
     4.427     4.402     4.376     4.350     4.323     4.296     4.269     4.241
     4.213     4.185     4.156     4.127     4.098     4.069     4.039     4.009
     3.979     3.949     3.919     3.888     3.858     3.827     3.797     3.767
     3.737     3.707     3.676     3.645     3.615     3.583     3.551     3.519
     3.486     3.452     3.418     3.383     3.347     3.311     3.274     3.236
     3.197     3.158     3.118     3.077     3.035     2.993     2.949     2.905
     2.860     2.815     2.768     2.720     2.672     2.622     2.572     2.521
     2.469     2.416     2.362     2.308     2.253     2.197     2.140     2.082
     2.023     1.964     1.903     1.842     1.780     1.717     1.653     1.589
     1.524     1.459     1.393     1.327     1.261     1.194     1.128     1.061
      .994      .927      .861      .795      .730      .666      .603      .540
      .479      .420      .361      .305      .249      .195      .143      .093
      .044     -.004     -.049     -.094     -.137     -.178     -.218     -.257
     -.295     -.332     -.368     -.403     -.437     -.470     -.503     -.535
     -.566     -.597     -.628     -.658     -.687     -.715     -.743     -.770
     -.796     -.821     -.845     -.867     -.888     -.907     -.925     -.941
     -.956     -.968     -.978     -.987     -.993     -.997     -.998     -.997
     -.995     -.990     -.983     -.975     -.966     -.955     -.943     -.930
     -.916     -.902     -.887     -.872     -.856     -.840     -.825     -.809
     -.793     -.777     -.761     -.746     -.731     -.716     -.701     -.687
     -.673     -.660     -.647     -.635     -.623     -.613     -.603     -.594
     -.585     -.577     -.570     -.564     -.558     -.553     -.549     -.545
     -.543     -.541     -.541     -.542     -.545     -.549     -.554     -.561
     -.571     -.582     -.595     -.610     -.628     -.649     -.672     -.698
     -.726     -.757     -.791     -.828     -.867     -.909     -.953     -.999
    -1.048    -1.099    -1.151    -1.207    -1.263    -1.322    -1.382    -1.443
    -1.505    -1.568    -1.632    -1.697    -1.762    -1.827    -1.893    -1.959
    -2.026    -2.092    -2.158    -2.224    -2.290    -2.356    -2.421    -2.487
    -2.552    -2.618    -2.683    -2.749    -2.815    -2.882    -2.948    -3.015
    -3.082    -3.150    -3.218    -3.285    -3.353    -3.420    -3.488    -3.555
    -3.621    -3.687    -3.752    -3.817    -3.880    -3.942    -4.004    -4.064
    -4.123    -4.180    -4.236    -4.291    -4.344    -4.395    -4.444    -4.491
    -4.535    -4.577    -4.617    -4.653    -4.687    -4.718    -4.746    -4.770
    -4.792    -4.810    -4.824    -4.836    -4.844    -4.849    -4.851    -4.849
    -4.845    -4.838    -4.827    -4.814    -4.799    -4.780    -4.759    -4.736
    -4.710    -4.681    -4.650    -4.616    -4.580    -4.541    -4.499    -4.455
    -4.408    -4.358    -4.306    -4.251    -4.194    -4.134    -4.072    -4.008
    -3.941    -3.872    -3.800    -3.727    -3.651    -3.573    -3.492    -3.410
    -3.326    -3.241    -3.154    -3.066    -2.976    -2.886    -2.795    -2.702
    -2.610    -2.517    -2.424    -2.330    -2.237    -2.145    -2.053    -1.961
    -1.870    -1.780    -1.689    -1.599    -1.510    -1.420    -1.331    -1.241
    -1.151    -1.062     -.973     -.884     -.795     -.707     -.619     -.532
     -.445     -.359     -.273     -.188     -.103     -.019      .064      .145
      .226      .306      .384      .461      .537      .611      .683      .753
      .822      .889      .954     1.017     1.078     1.136     1.192     1.245
     1.296     1.344     1.388     1.430     1.469     1.506     1.539     1.571
     1.600     1.627     1.651     1.674     1.694     1.713     1.730     1.744
     1.757     1.768     1.776     1.783     1.787     1.789     1.789     1.787
     1.783     1.776     1.767     1.755     1.741     1.725     1.706     1.685
     1.661     1.635     1.606     1.575     1.542     1.506     1.468     1.428
     1.386     1.342     1.295     1.247     1.197     1.146     1.092     1.037
      .981      .923      .863      .802      .740      .678      .614      .549
      .484      .418      .352      .286      .220      .153      .087      .022
     -.043     -.108     -.171     -.234     -.295     -.355     -.414     -.472
     -.528     -.583     -.637     -.689     -.739     -.788     -.835     -.880
     -.923     -.964    -1.003    -1.040    -1.074    -1.105    -1.133    -1.158
    -1.180    -1.198    -1.213    -1.225    -1.233    -1.238    -1.239    -1.236
    -1.230    -1.220    -1.207    -1.190    -1.171    -1.148    -1.122    -1.093
    -1.061    -1.027     -.989     -.949     -.906     -.860     -.811     -.759
     -.705     -.647     -.588     -.525     -.460     -.393     -.324     -.252
     -.179     -.103     -.025      .055      .137      .221      .307      .394
      .484      .575      .668      .763      .860      .959     1.060     1.161
     1.265     1.369     1.474     1.579     1.684     1.790     1.895     2.001
     2.105     2.209     2.312     2.414     2.515     2.614     2.712     2.808
     2.902     2.994     3.083     3.171     3.256     3.339     3.419     3.497
     3.573     3.646     3.716     3.783     3.847     3.907     3.964     4.017
     4.067     4.112     4.154     4.191     4.225     4.254     4.279     4.301
     4.319     4.332     4.343     4.349     4.352     4.352     4.348     4.341
     4.330     4.317     4.300     4.280     4.257     4.231     4.203     4.171
     4.137     4.100     4.060     4.018     3.973     3.925     3.875     3.823
     3.768     3.711     3.652     3.592     3.529     3.465     3.399     3.331
     3.262     3.191     3.119     3.046     2.971     2.895     2.819     2.741
     2.663     2.584     2.505     2.425     2.346     2.266     2.186     2.106
     2.026     1.947     1.868     1.790     1.712     1.635     1.559     1.484
     1.410     1.337     1.266     1.196     1.127     1.061      .996      .933
      .873      .814      .757      .703      .650      .599      .549      .502
      .458      .415      .375      .337      .302      .268      .237      .207
      .179      .152      .127      .103      .081      .060      .041      .023
      .007     -.009     -.023     -.036     -.047     -.057     -.066     -.074
     -.080     -.084     -.087     -.088     -.087     -.085     -.082     -.076
     -.069     -.061     -.052     -.041     -.029     -.016     -.002      .012
      .027      .042      .057      .073      .089      .104      .119      .134
      .148      .162      .175      .187      .199      .210      .219      .228
      .236      .242      .247      .251      .254      .255      .255      .254
      .252      .248      .243      .237      .229      .220      .210      .199
      .186      .172      .157      .140      .123      .103      .083      .061
      .038      .014     -.012     -.039     -.068     -.098     -.130     -.164
     -.199     -.235     -.274     -.313     -.354     -.397     -.441     -.486
     -.533     -.581     -.631     -.681     -.733     -.785     -.838     -.891
     -.946    -1.000    -1.055    -1.111    -1.166    -1.222    -1.279    -1.335
    -1.392    -1.449    -1.505    -1.562    -1.618    -1.674    -1.729    -1.784
    -1.838    -1.891    -1.942    -1.993    -2.043    -2.092    -2.139    -2.185
    -2.230    -2.273    -2.314    -2.353    -2.391    -2.426    -2.460    -2.490
    -2.519    -2.545    -2.568    -2.589    -2.606    -2.620    -2.631    -2.639
    -2.643    -2.645    -2.642    -2.637    -2.628    -2.616    -2.601    -2.583
    -2.561    -2.536    -2.509    -2.478    -2.445    -2.408    -2.370    -2.329
    -2.285    -2.239    -2.190    -2.139    -2.086    -2.031    -1.974    -1.915
    -1.855    -1.792    -1.729    -1.664    -1.598    -1.531    -1.463    -1.394
    -1.324    -1.254    -1.184    -1.113    -1.042     -.971     -.899     -.828
     -.757     -.686     -.615     -.545     -.475     -.406     -.338     -.270
     -.204     -.139     -.075     -.012      .050      .110      .170      .228
      .284      .340      .394      .447      .498      .548      .596      .642
      .687      .730      .770      .809      .845      .879      .911      .940
      .967      .991     1.012     1.031     1.046     1.059     1.069     1.075
     1.078     1.078     1.075     1.069     1.060     1.048     1.033     1.015
      .996      .973      .948      .921      .892      .861      .827      .792
      .755      .717      .676      .634      .590      .545      .498      .450
      .400      .349      .297      .244      .190      .135      .078      .021
     -.037     -.096     -.156     -.217     -.278     -.340     -.403     -.466
     -.530     -.594     -.658     -.723     -.787     -.851     -.915     -.978
    -1.041    -1.103    -1.163    -1.223    -1.282    -1.339    -1.396    -1.451
    -1.504    -1.556    -1.606    -1.654    -1.701    -1.745    -1.787    -1.828
    -1.866    -1.902    -1.935    -1.967    -1.996    -2.023    -2.047    -2.069
    -2.087    -2.103    -2.116    -2.125    -2.132    -2.136    -2.136    -2.134
    -2.129    -2.122    -2.111    -2.098    -2.083    -2.066    -2.046    -2.025
    -2.001    -1.976    -1.949    -1.921    -1.891    -1.859    -1.826    -1.792
    -1.756    -1.719    -1.680    -1.641    -1.601    -1.559    -1.517    -1.474
    -1.431    -1.386    -1.342    -1.297    -1.252    -1.206    -1.161    -1.115
    -1.070    -1.025     -.980     -.936     -.891     -.848     -.805     -.762
     -.721     -.680     -.641     -.603     -.566     -.530     -.496     -.464
     -.433     -.404     -.377     -.352     -.329     -.307     -.288     -.271
     -.255     -.242     -.231     -.221     -.214     -.208     -.204     -.202
     -.202     -.203     -.206     -.211     -.217     -.224     -.233     -.243
     -.254     -.267     -.280     -.294     -.310     -.326     -.342     -.360
     -.377     -.395     -.413     -.431     -.450     -.468     -.486     -.505
     -.523     -.541     -.560     -.578     -.595     -.613     -.629     -.646
     -.662     -.677     -.692     -.706     -.719     -.732     -.744     -.755
     -.765     -.775     -.783     -.791     -.797     -.803     -.807     -.809
     -.811     -.811     -.809     -.807     -.802     -.796     -.789     -.779
     -.768     -.756     -.742     -.726     -.709     -.690     -.670     -.649
     -.626     -.601     -.575     -.548     -.519     -.488     -.457     -.423
     -.388     -.352     -.314     -.275     -.234     -.191     -.148     -.103
     -.057     -.009      .040      .090      .141      .193      .247      .301
      .356      .412      .469      .527      .585      .644      .704      .764
      .825      .886      .947     1.008     1.068     1.129     1.190     1.251
     1.311     1.372     1.432     1.492     1.552     1.612     1.672     1.731
     1.791     1.849     1.908     1.966     2.023     2.080     2.137     2.192
     2.247     2.301     2.355     2.407     2.458     2.509     2.558     2.605
     2.651     2.696     2.739     2.781     2.821     2.859     2.895     2.929
     2.962     2.992     3.020     3.047     3.071     3.093     3.114     3.132
     3.148     3.161     3.173     3.182     3.190     3.195     3.198     3.198
     3.197     3.194     3.189     3.181     3.172     3.161     3.148     3.133
     3.117     3.098     3.078     3.056     3.032     3.006     2.979     2.950
     2.919     2.887     2.853     2.818     2.781     2.743     2.703     2.662
     2.620     2.576     2.531     2.485     2.438     2.390     2.341     2.292
     2.241     2.190     2.139     2.087     2.035     1.982     1.930     1.877
     1.825     1.772     1.720     1.668     1.617     1.566     1.516     1.466
     1.417     1.368     1.321     1.273     1.227     1.181     1.137     1.092
     1.049     1.007      .965      .925      .886      .848      .811      .775
      .741      .708      .677      .646      .618      .590      .565      .540
      .517      .494      .473      .453      .434      .416      .398      .381
      .365      .350      .334      .320      .305      .291      .278      .264
      .251      .238      .225      .212      .199      .186      .173      .160
      .147      .133      .118      .104      .088      .072      .055      .038
      .020      .001     -.018     -.038     -.058     -.079     -.101     -.123
     -.146     -.169     -.192     -.215     -.239     -.263     -.288     -.313
     -.338     -.363     -.388     -.414     -.439     -.465     -.490     -.516
     -.541     -.567     -.592     -.617     -.642     -.667     -.691     -.716
     -.740     -.763     -.787     -.810     -.832     -.855     -.877     -.898
     -.919     -.939     -.958     -.977     -.994    -1.011    -1.027    -1.042
    -1.055    -1.068    -1.079    -1.089    -1.097    -1.104    -1.110    -1.113
    -1.116    -1.117    -1.117    -1.116    -1.113    -1.109    -1.104    -1.098
    -1.090    -1.082    -1.072    -1.061    -1.048    -1.035    -1.020    -1.005
     -.988     -.970     -.952     -.933     -.913     -.892     -.870     -.848
     -.826     -.802     -.779     -.754     -.729     -.704     -.678     -.652
     -.626     -.599     -.572     -.544     -.517     -.489     -.461     -.433
     -.406     -.378     -.351     -.324     -.298     -.272     -.247     -.223
     -.200     -.178     -.158     -.139     -.121     -.105     -.090     -.076
     -.064     -.053     -.044     -.035     -.028     -.022     -.018     -.014
     -.011     -.009     -.008     -.008     -.009     -.011     -.014     -.017
     -.022     -.027     -.033     -.039     -.047     -.055     -.064     -.074
     -.085     -.096     -.108     -.120     -.133     -.148     -.162     -.178
     -.194     -.211     -.229     -.247     -.266     -.286     -.306     -.326
     -.347     -.368     -.389     -.410     -.432     -.453     -.474     -.495
     -.516     -.537     -.557     -.577     -.597     -.616     -.635     -.653
     -.671     -.689     -.706     -.722     -.738     -.753     -.768     -.782
     -.796     -.809     -.822     -.835     -.847     -.859     -.870     -.881
     -.891     -.902     -.912     -.922     -.931     -.940     -.950     -.958
     -.967     -.975     -.984     -.992     -.999    -1.007    -1.014    -1.021
    -1.028    -1.035    -1.042    -1.048    -1.054    -1.061    -1.067    -1.074
    -1.080    -1.087    -1.094    -1.100    -1.108    -1.115    -1.122    -1.130
    -1.138    -1.146    -1.155    -1.164    -1.173    -1.182    -1.191    -1.201
    -1.210    -1.220    -1.230    -1.239    -1.249    -1.259    -1.269    -1.279
    -1.289    -1.299    -1.309    -1.319    -1.329    -1.340    -1.350    -1.361
    -1.371    -1.382    -1.392    -1.402    -1.412    -1.422    -1.432    -1.441
    -1.450    -1.459    -1.467    -1.474    -1.482    -1.488    -1.494    -1.500
    -1.505    -1.509    -1.512    -1.515    -1.517    -1.519    -1.519    -1.519
    -1.517    -1.515    -1.512    -1.508    -1.503    -1.498    -1.491    -1.484
    -1.476    -1.468    -1.459    -1.449    -1.439    -1.429    -1.418    -1.406
    -1.394    -1.380    -1.367    -1.352    -1.337    -1.321    -1.305    -1.288
    -1.270    -1.251    -1.232    -1.212    -1.192    -1.171    -1.150    -1.128
    -1.105    -1.083    -1.060    -1.036    -1.013     -.989     -.964     -.940
     -.914     -.889     -.863     -.837     -.811     -.784     -.757     -.730
     -.703     -.676     -.649     -.622     -.595     -.568     -.542     -.516
     -.491     -.465     -.441     -.416     -.393     -.369     -.346     -.324
     -.303     -.282     -.262     -.243     -.226     -.209     -.193     -.178
     -.165     -.153     -.143     -.134     -.126     -.120     -.115     -.112
     -.111     -.111     -.113     -.116     -.121     -.127     -.135     -.144
     -.154     -.166     -.179     -.193     -.208     -.225     -.243     -.262
     -.282     -.304     -.326     -.350     -.374     -.399     -.425     -.452
     -.479     -.507     -.535     -.564     -.593     -.623     -.653     -.683
     -.713     -.743     -.774     -.804     -.834     -.864     -.894     -.924
     -.953     -.981    -1.009    -1.036    -1.062    -1.087    -1.111    -1.133
    -1.155    -1.175    -1.193    -1.210    -1.226    -1.239    -1.251    -1.260
    -1.268    -1.274    -1.277    -1.278    -1.276    -1.273    -1.266    -1.257
    -1.245    -1.230    -1.213    -1.193    -1.170    -1.144    -1.116    -1.085
    -1.051    -1.014     -.975     -.933     -.889     -.843     -.794     -.744
     -.691     -.636     -.580     -.522     -.462     -.401     -.338     -.274
     -.209     -.142     -.075     -.006      .064      .134      .206      .278
      .351      .425      .499      .574      .650      .726      .802      .879
      .956     1.033     1.110     1.188     1.265     1.342     1.420     1.497
     1.573     1.650     1.725     1.800     1.875     1.948     2.020     2.091
     2.161     2.230     2.297     2.362     2.426     2.488     2.548     2.606
     2.662     2.716     2.768     2.818     2.865     2.909     2.952     2.991
     3.029     3.063     3.096     3.125     3.152     3.177     3.198     3.218
     3.235     3.249     3.261     3.271     3.278     3.284     3.287     3.287
     3.286     3.283     3.277     3.270     3.261     3.250     3.237     3.222
     3.205     3.187     3.167     3.146     3.123     3.099     3.073     3.046
     3.017     2.988     2.957     2.925     2.893     2.859     2.824     2.788
     2.752     2.715     2.677     2.639     2.601     2.562     2.524     2.485
     2.446     2.408     2.370     2.332     2.295     2.258     2.222     2.187
     2.152     2.118     2.084     2.052     2.020     1.989     1.958     1.929
     1.900     1.872     1.844     1.818     1.792     1.767     1.743     1.720
     1.697     1.675     1.654     1.633     1.613     1.593     1.574     1.555
     1.536     1.518     1.499     1.481     1.463     1.445     1.427     1.409
     1.390     1.372     1.354     1.336     1.318     1.300     1.282     1.264
     1.246     1.228     1.209     1.190     1.171     1.151     1.131     1.111
     1.090     1.069     1.047     1.025     1.002      .978      .955      .930
      .905      .880      .854      .827      .800      .772      .744      .716
      .687      .657      .627      .596      .565      .533      .501      .468
      .435      .401      .367      .333      .298      .263      .228      .192
      .157      .121      .085      .050      .014     -.021     -.056     -.091
     -.126     -.160     -.193     -.226     -.258     -.289     -.319     -.348
     -.377     -.404     -.430     -.455     -.479     -.502     -.524     -.544
     -.564     -.582     -.600     -.616     -.632     -.647     -.661     -.674
     -.687     -.699     -.710     -.721     -.732     -.741     -.751     -.759
     -.767     -.775     -.783     -.790     -.796     -.803     -.809     -.814
     -.820     -.825     -.830     -.835     -.840     -.845