-.034     -.042     -.049     -.057     -.065     -.072     -.080     -.088
     -.095     -.104     -.112     -.120     -.129     -.137     -.146     -.154
     -.162     -.171     -.179     -.187     -.195     -.204     -.212     -.220
     -.227     -.235     -.243     -.251     -.260     -.268     -.276     -.285
     -.293     -.301     -.309     -.317     -.324     -.333     -.340     -.348
     -.356     -.363     -.371     -.378     -.386     -.393     -.401     -.410
     -.418     -.426     -.433     -.440     -.447     -.454     -.461     -.469
     -.476     -.484     -.492     -.500     -.508     -.516     -.523     -.530
     -.538     -.546     -.553     -.561     -.568     -.575     -.582     -.589
     -.596     -.603     -.610     -.617     -.624     -.631     -.637     -.642
     -.648     -.653     -.659     -.665     -.671     -.676     -.682     -.687
     -.692     -.697     -.702     -.708     -.713     -.719     -.724     -.729
     -.734     -.739     -.744     -.749     -.754     -.760     -.765     -.770
     -.775     -.780     -.785     -.790     -.795     -.800     -.804     -.808
     -.813     -.817     -.821     -.825     -.830     -.834     -.838     -.843
     -.847     -.852     -.856     -.860     -.863     -.865     -.867     -.869
     -.871     -.873     -.875     -.877     -.878     -.881     -.883     -.886
     -.888     -.891     -.892     -.894     -.895     -.896     -.897     -.898
     -.899     -.899     -.899     -.899     -.900     -.901     -.903     -.905
     -.907     -.909     -.910     -.910     -.909     -.908     -.906     -.905
     -.903     -.901     -.900     -.899     -.899     -.898     -.898     -.898
     -.898     -.898     -.896     -.894     -.891     -.888     -.885     -.882
     -.879     -.876     -.874     -.872     -.869     -.867     -.864     -.861
     -.857     -.854     -.850     -.847     -.843     -.840     -.836     -.832
     -.828     -.824     -.819     -.815     -.811     -.805     -.800     -.795
     -.789     -.782     -.775     -.767     -.759     -.751     -.742     -.734
     -.725     -.716     -.707     -.698     -.689     -.681     -.672     -.664
     -.655     -.645     -.635     -.625     -.615     -.606     -.597     -.589
     -.583     -.577     -.571     -.566     -.559     -.552     -.544     -.536
     -.527     -.518     -.508     -.500     -.492     -.485     -.479     -.472
     -.465     -.457     -.448     -.438     -.428     -.417     -.404     -.391
     -.378     -.364     -.349     -.333     -.317     -.301     -.284     -.265
     -.246     -.225     -.204     -.182     -.159     -.137     -.115     -.093
     -.071     -.048     -.024     -.001      .023      .046      .069      .091
      .113      .136      .158      .180      .201      .221      .239      .256
      .273      .289      .306      .322      .338      .353      .367      .381
      .396      .411      .427      .444      .461      .479      .496      .513
      .530      .547      .564      .581      .600      .619      .640      .661
      .684      .708      .734      .761      .789      .818      .847      .877
      .907      .939      .970     1.003     1.035     1.066     1.098     1.130
     1.163     1.194     1.225     1.256     1.286     1.317     1.349     1.381
     1.415     1.448     1.481     1.513     1.544     1.574     1.602     1.631
     1.659     1.688     1.718     1.748     1.779     1.810     1.842     1.875
     1.910     1.946     1.983     2.019     2.054     2.087     2.119     2.151
     2.184     2.217     2.251     2.286     2.321     2.356     2.390     2.423
     2.454     2.484     2.513     2.540     2.568     2.597     2.627     2.658
     2.689     2.720     2.750     2.780     2.811     2.841     2.871     2.900
     2.926     2.952     2.978     3.004     3.031     3.059     3.088     3.118
     3.149     3.182     3.215     3.248     3.281     3.314     3.346     3.380
     3.415     3.450     3.486     3.520     3.555     3.589     3.624     3.660
     3.697     3.735     3.774     3.815     3.855     3.894     3.932     3.970
     4.007     4.044     4.083     4.122     4.160     4.197     4.234     4.270
     4.305     4.338     4.371     4.404     4.436     4.467     4.497     4.525
     4.552     4.579     4.606     4.635     4.664     4.694     4.723     4.751
     4.777     4.799     4.820     4.839     4.858     4.878     4.899     4.921
     4.945     4.968     4.990     5.010     5.029     5.046     5.062     5.076
     5.088     5.098     5.105     5.110     5.111     5.112     5.113     5.117
     5.124     5.134     5.144     5.154     5.162     5.167     5.171     5.174
     5.175     5.174     5.172     5.168     5.162     5.156     5.149     5.141
     5.132     5.122     5.109     5.093     5.073     5.048     5.018     4.985
     4.949     4.913     4.878     4.843     4.808     4.773     4.739     4.707
     4.677     4.649     4.624     4.600     4.575     4.548     4.521     4.492
     4.464     4.433     4.399     4.360     4.316     4.265     4.206     4.141
     4.068     3.989     3.904     3.812     3.716     3.613     3.504     3.387
     3.262     3.130     2.993     2.853     2.709     2.563     2.417     2.271
     2.127     1.986     1.847     1.710     1.575     1.443     1.313     1.182
     1.050      .913      .772      .624      .472      .314      .151     -.014
     -.181     -.346     -.508     -.666     -.818     -.965    -1.105    -1.238
    -1.362    -1.477    -1.581    -1.674    -1.757    -1.829    -1.894    -1.952
    -2.005    -2.056    -2.105    -2.157    -2.211    -2.268    -2.330    -2.399
    -2.475    -2.560    -2.655    -2.760    -2.875    -3.001    -3.135    -3.277
    -3.426    -3.580    -3.740    -3.904    -4.072    -4.244    -4.419    -4.597
    -4.778    -4.963    -5.153    -5.352    -5.558    -5.775    -6.004    -6.245
    -6.500    -6.765    -7.040    -7.322    -7.611    -7.906    -8.207    -8.513
    -8.822    -9.134    -9.449    -9.764   -10.078   -10.388   -10.689   -10.980
   -11.261   -11.534   -11.802   -12.066   -12.331   -12.598   -12.870   -13.146
   -13.427   -13.713   -14.004   -14.296   -14.589   -14.876   -15.154   -15.419
   -15.668   -15.897   -16.105   -16.291   -16.454   -16.594   -16.712   -16.807
   -16.881   -16.934   -16.967   -16.980   -16.978   -16.966   -16.951   -16.941
   -16.943   -16.958   -16.986   -17.019   -17.047   -17.060   -17.053   -17.021
   -16.963   -16.877   -16.760   -16.614   -16.437   -16.232   -16.001   -15.745
   -15.468   -15.172   -14.858   -14.532   -14.196   -13.849   -13.494   -13.128
   -12.753   -12.367   -11.970   -11.562   -11.145   -10.721   -10.295    -9.868
    -9.441    -9.014    -8.589    -8.165    -7.742    -7.321    -6.904    -6.491
    -6.087    -5.693    -5.312    -4.948    -4.602    -4.279    -3.979    -3.704
    -3.453    -3.226    -3.021    -2.836    -2.667    -2.510    -2.363    -2.225
    -2.095    -1.973    -1.860    -1.757    -1.662    -1.578    -1.507    -1.450
    -1.406    -1.369    -1.336    -1.303    -1.265    -1.221    -1.169    -1.112
    -1.052     -.993     -.939     -.895     -.863     -.846     -.844     -.858
     -.888     -.932     -.989    -1.057    -1.133    -1.214    -1.297    -1.382
    -1.464    -1.543    -1.615    -1.681    -1.735    -1.778    -1.808    -1.825
    -1.832    -1.831    -1.825    -1.816    -1.804    -1.790    -1.773    -1.752
    -1.727    -1.697    -1.662    -1.623    -1.581    -1.533    -1.481    -1.426
    -1.369    -1.313    -1.260    -1.211    -1.168    -1.129    -1.096    -1.067
    -1.043    -1.022    -1.002     -.984     -.968     -.953     -.942     -.933
     -.927     -.923     -.919     -.914     -.906     -.893     -.877     -.855
     -.829     -.800     -.771     -.740     -.709     -.673     -.630     -.573
     -.498     -.402     -.282     -.141      .020      .196      .386      .587
      .799     1.020     1.250     1.483     1.717     1.950     2.179     2.403
     2.623     2.838     3.052     3.269     3.494     3.733     3.988     4.260
     4.549     4.852     5.165     5.482     5.796     6.102     6.397     6.675
     6.934     7.172     7.388     7.583     7.756     7.909     8.043     8.159
     8.256     8.334     8.394     8.439     8.467     8.480     8.477     8.457
     8.422     8.373     8.312     8.245     8.177     8.112     8.055     8.009
     7.975     7.955     7.949     7.957     7.976     8.007     8.046     8.090
     8.138     8.188     8.239     8.291     8.344     8.396     8.449     8.500
     8.549     8.595     8.638     8.679     8.720     8.761     8.801     8.840
     8.876     8.911     8.945     8.977     9.007     9.033     9.055     9.072
     9.084     9.090     9.091     9.083     9.066     9.038     8.998     8.946
     8.884     8.811     8.727     8.632     8.527     8.410     8.281     8.137
     7.978     7.809     7.637     7.470     7.317     7.181     7.068     6.977
     6.911     6.865     6.834     6.812     6.795     6.778     6.760     6.740
     6.717     6.692     6.666     6.640     6.617     6.598     6.583     6.574
     6.571     6.574     6.579     6.585     6.595     6.611     6.635     6.666
     6.703     6.745     6.791     6.840     6.889     6.939     6.988     7.036
     7.085     7.134     7.186     7.243     7.307     7.383     7.473     7.579
     7.703     7.845     8.003     8.179     8.370     8.575     8.792     9.018
     9.253     9.493     9.735     9.978    10.218    10.453    10.678    10.889
    11.084    11.260    11.416    11.554    11.671    11.769    11.845    11.901
    11.935    11.949    11.942    11.914    11.865    11.795    11.705    11.594
    11.466    11.321    11.162    10.991    10.812    10.628    10.440    10.252
    10.063     9.877     9.694     9.516     9.341     9.168     8.994     8.815
     8.627     8.424     8.205     7.967     7.706     7.423     7.116     6.785
     6.431     6.056     5.662     5.251     4.826     4.391     3.947     3.499
     3.051     2.608     2.173     1.751     1.347      .964      .604      .270
     -.040     -.325     -.586     -.823    -1.037    -1.231    -1.406    -1.564
    -1.709    -1.841    -1.964    -2.080    -2.189    -2.294    -2.397    -2.503
    -2.615    -2.736    -2.868    -3.010    -3.163    -3.325    -3.495    -3.670
    -3.849    -4.029    -4.209    -4.385    -4.557    -4.722    -4.878    -5.023
    -5.155    -5.271    -5.370    -5.451    -5.513    -5.554    -5.576    -5.578
    -5.563    -5.535    -5.497    -5.454    -5.408    -5.364    -5.326    -5.295
    -5.274    -5.265    -5.266    -5.279    -5.299    -5.325    -5.354    -5.382
    -5.407    -5.426    -5.438    -5.439    -5.427    -5.397    -5.348    -5.279
    -5.191    -5.088    -4.974    -4.852    -4.726    -4.598    -4.470    -4.345
    -4.224    -4.108    -3.998    -3.893    -3.791    -3.691    -3.591    -3.492
    -3.391    -3.290    -3.187    -3.081    -2.971    -2.856    -2.736    -2.610
    -2.478    -2.339    -2.192    -2.040    -1.883    -1.721    -1.555    -1.388
    -1.219    -1.050     -.881     -.715     -.552     -.392     -.236     -.084
      .063      .204      .340      .468      .590      .705      .814      .918
     1.018     1.113     1.204     1.290     1.370     1.441     1.500     1.543
     1.568     1.573     1.555     1.516     1.460     1.394     1.321     1.245
     1.168     1.093     1.020      .952      .888      .830      .778      .734
      .694      .657      .622      .588      .554      .519      .484      .448
      .411      .371      .329      .285      .239      .191      .142      .091
      .039     -.018     -.081     -.151     -.228     -.312     -.401     -.493
     -.587     -.681     -.776     -.872     -.969    -1.067    -1.167    -1.267
    -1.367    -1.467    -1.566    -1.662    -1.756    -1.847    -1.935    -2.019
    -2.101    -2.181    -2.260    -2.340    -2.421    -2.504    -2.591    -2.682
    -2.777    -2.877    -2.980    -3.085    -3.192    -3.296    -3.398    -3.495
    -3.586    -3.670    -3.749    -3.821    -3.887    -3.950    -4.008    -4.063
    -4.115    -4.163    -4.209    -4.251    -4.289    -4.324    -4.355    -4.381
    -4.402    -4.418    -4.429    -4.434    -4.436    -4.434    -4.431    -4.428
    -4.427    -4.430    -4.436    -4.445    -4.459    -4.477    -4.501    -4.529
    -4.563    -4.602    -4.645    -4.694    -4.746    -4.803    -4.863    -4.926
    -4.992    -5.061    -5.132    -5.207    -5.284    -5.364    -5.448    -5.534
    -5.624    -5.717    -5.811    -5.906    -6.000    -6.093    -6.182    -6.267
    -6.348    -6.423    -6.493    -6.557    -6.615    -6.667    -6.715    -6.757
    -6.796    -6.831    -6.863    -6.892    -6.918    -6.943    -6.965    -6.987
    -7.009    -7.033    -7.061    -7.093    -7.130    -7.173    -7.223    -7.279
    -7.341    -7.409    -7.481    -7.559    -7.641    -7.727    -7.818    -7.913
    -8.010    -8.107    -8.205    -8.303    -8.402    -8.500    -8.597    -8.693
    -8.786    -8.877    -8.962    -9.041    -9.113    -9.178    -9.236    -9.287
    -9.331    -9.369    -9.401    -9.427    -9.448    -9.464    -9.476    -9.484
    -9.488    -9.489    -9.487    -9.483    -9.477    -9.468    -9.456    -9.440
    -9.419    -9.392    -9.360    -9.321    -9.276    -9.224    -9.166    -9.101
    -9.029    -8.951    -8.868    -8.779    -8.686    -8.589    -8.488    -8.382
    -8.273    -8.160    -8.042    -7.919    -7.792    -7.661    -7.526    -7.389
    -7.251    -7.113    -6.976    -6.839    -6.704    -6.569    -6.433    -6.297
    -6.160    -6.022    -5.881    -5.739    -5.595    -5.449    -5.301    -5.151
    -5.000    -4.848    -4.696    -4.543    -4.391    -4.240    -4.089    -3.940
    -3.792    -3.646    -3.503    -3.361    -3.222    -3.086    -2.953    -2.823
    -2.697    -2.574    -2.456    -2.342    -2.232    -2.125    -2.022    -1.921
    -1.823    -1.726    -1.629    -1.533    -1.437    -1.341    -1.245    -1.149
    -1.054     -.959     -.865     -.771     -.679     -.588     -.497     -.408
     -.320     -.233     -.147     -.062      .023      .106      .190      .272
      .355      .437      .519      .601      .683      .763      .843      .922
      .999     1.073     1.146     1.215     1.281     1.343     1.403     1.459
     1.512     1.564     1.613     1.660     1.704     1.746     1.785     1.821
     1.853     1.882     1.909     1.935     1.960     1.986     2.015     2.047
     2.082     2.120     2.161     2.206     2.253     2.304     2.357     2.412
     2.468     2.526     2.584     2.644     2.704     2.764     2.824     2.882
     2.939     2.994     3.046     3.094     3.138     3.178     3.214     3.247
     3.278     3.306     3.333     3.360     3.387     3.415     3.445     3.478
     3.514     3.553     3.596     3.641     3.690     3.740     3.791     3.842
     3.893     3.943     3.990     4.034     4.076     4.113     4.147     4.175
     4.199     4.219     4.233     4.243     4.250     4.255     4.260     4.266
     4.275     4.286     4.302     4.321     4.344     4.370     4.399     4.430
     4.461     4.491     4.521     4.548     4.573     4.594     4.613     4.627
     4.638     4.645     4.647     4.644     4.636     4.623     4.606     4.583
     4.557     4.528     4.496     4.462     4.426     4.390     4.353     4.317
     4.283     4.252     4.225     4.203     4.186     4.174     4.167     4.165
     4.165     4.168     4.173     4.178     4.182     4.186     4.189     4.189
     4.186     4.180     4.169     4.154     4.135     4.112     4.087     4.060
     4.033     4.008     3.984     3.964     3.948     3.938     3.933     3.935
     3.943     3.958     3.981     4.010     4.049     4.095     4.152     4.218
     4.293     4.378     4.470     4.569     4.674     4.781     4.890     4.998
     5.106     5.210     5.311     5.406     5.497     5.582     5.661     5.737
     5.809     5.878     5.945     6.011     6.076     6.140     6.203     6.265
     6.326     6.385     6.444     6.501     6.556     6.611     6.663     6.714
     6.764     6.812     6.859     6.906     6.952     6.999     7.047     7.095
     7.145     7.194     7.242     7.290     7.334     7.376     7.415     7.450
     7.481     7.507     7.530     7.549     7.565     7.578     7.589     7.599
     7.607     7.614     7.620     7.623     7.625     7.624     7.621     7.614
     7.604     7.590     7.572     7.550     7.524     7.493     7.457     7.417
     7.373     7.325     7.274     7.221     7.164     7.106     7.045     6.984
     6.920     6.856     6.791     6.725     6.659     6.592     6.524     6.455
     6.385     6.312     6.237     6.159     6.079     5.995     5.910     5.822
     5.733     5.642     5.551     5.459     5.367     5.275     5.183     5.091
     5.000     4.909     4.820     4.733     4.648     4.565     4.484     4.406
     4.329     4.254     4.181     4.108     4.038     3.969     3.903     3.840
     3.779     3.720     3.664     3.611     3.561     3.514     3.471     3.430
     3.394     3.360     3.331     3.304     3.281     3.260     3.242     3.225
     3.210     3.195     3.180     3.165     3.148     3.130     3.111     3.088
     3.063     3.035     3.004     2.969     2.930     2.888     2.842     2.791
     2.737     2.680     2.620     2.557     2.493     2.428     2.362     2.297
     2.231     2.165     2.099     2.032     1.964     1.895     1.824     1.751
     1.677     1.600     1.522     1.441     1.358     1.274     1.187     1.099
     1.008      .916      .823      .729      .634      .539      .445      .352
      .260      .171      .083     -.002     -.086     -.169     -.251     -.333
     -.416     -.500     -.584     -.669     -.755     -.842     -.929    -1.017
    -1.105    -1.194    -1.284    -1.374    -1.463    -1.552    -1.640    -1.726
    -1.808    -1.887    -1.961    -2.030    -2.093    -2.150    -2.201    -2.246
    -2.286    -2.319    -2.346    -2.368    -2.383    -2.393    -2.397    -2.396
    -2.390    -2.380    -2.366    -2.348    -2.329    -2.308    -2.287    -2.267
    -2.249    -2.231    -2.217    -2.205    -2.197    -2.192    -2.190    -2.192
    -2.197    -2.204    -2.214    -2.226    -2.239    -2.254    -2.271    -2.288
    -2.307    -2.325    -2.344    -2.362    -2.378    -2.392    -2.404    -2.415
    -2.423    -2.429    -2.435    -2.439    -2.443    -2.448    -2.454    -2.461
    -2.470    -2.480    -2.492    -2.506    -2.523    -2.542    -2.564    -2.588
    -2.614    -2.643    -2.673    -2.705    -2.738    -2.771    -2.804    -2.837
    -2.869    -2.898    -2.926    -2.951    -2.974    -2.994    -3.013    -3.029
    -3.045    -3.059    -3.073    -3.087    -3.101    -3.116    -3.133    -3.151
    -3.170    -3.191    -3.214    -3.240    -3.267    -3.296    -3.327    -3.359
    -3.392    -3.425    -3.458    -3.490    -3.522    -3.553    -3.584    -3.615
    -3.645    -3.677    -3.709    -3.741    -3.773    -3.805    -3.837    -3.869
    -3.901    -3.933    -3.965    -3.998    -4.032    -4.067    -4.102    -4.138
    -4.176    -4.214    -4.252    -4.291    -4.329    -4.367    -4.405    -4.442
    -4.478    -4.513    -4.547    -4.580    -4.612    -4.643    -4.673    -4.703
    -4.733    -4.762    -4.791    -4.819    -4.847    -4.875    -4.905    -4.935
    -4.966    -5.000    -5.036    -5.074    -5.115    -5.158    -5.203    -5.251
    -5.301    -5.354    -5.408    -5.465    -5.523    -5.583    -5.643    -5.703
    -5.764    -5.824    -5.883    -5.940    -5.997    -6.052    -6.107    -6.161
    -6.216    -6.271    -6.328    -6.386    -6.448    -6.512    -6.579    -6.649
    -6.721    -6.796    -6.873    -6.952    -7.032    -7.112    -7.192    -7.271
    -7.349    -7.426    -7.502    -7.575    -7.646    -7.715    -7.782    -7.845
    -7.906    -7.963    -8.018    -8.069    -8.117    -8.163    -8.206    -8.247
    -8.286    -8.323    -8.359    -8.394    -8.428    -8.462    -8.495    -8.528
    -8.561    -8.594    -8.627    -8.659    -8.690    -8.719    -8.747    -8.771
    -8.792    -8.810    -8.822    -8.830    -8.832    -8.828    -8.820    -8.806
    -8.786    -8.761    -8.731    -8.697    -8.659    -8.617    -8.571    -8.522
    -8.470    -8.415    -8.358    -8.298    -8.235    -8.169    -8.101    -8.030
    -7.955    -7.878    -7.796    -7.710    -7.619    -7.524    -7.424    -7.318
    -7.207    -7.091    -6.970    -6.844    -6.714    -6.579    -6.440    -6.298
    -6.154    -6.006    -5.857    -5.706    -5.554    -5.401    -5.248    -5.094
    -4.940    -4.787    -4.634    -4.481    -4.329    -4.178    -4.028    -3.879
    -3.733    -3.588    -3.445    -3.305    -3.167    -3.032    -2.898    -2.767
    -2.638    -2.511    -2.384    -2.259    -2.133    -2.007    -1.881    -1.754
    -1.626    -1.497    -1.366    -1.235    -1.103     -.971     -.839     -.709
     -.579     -.451     -.325     -.201     -.079      .041      .160      .276
      .390      .502      .612      .719      .824      .927     1.027     1.126
     1.223     1.318     1.412     1.503     1.593     1.682     1.769     1.855
     1.940     2.025     2.109     2.193     2.276     2.359     2.443     2.526
     2.608     2.690     2.770     2.848     2.924     2.997     3.068     3.136
     3.202     3.266     3.328     3.388     3.447     3.503     3.558     3.611
     3.662     3.712     3.761     3.808     3.855     3.903     3.951     3.999
     4.048     4.099     4.150     4.202     4.254     4.306     4.359     4.410
     4.460     4.509     4.557     4.604     4.650     4.694     4.736     4.778
     4.818     4.856     4.893     4.929     4.964     4.998     5.031     5.062
     5.092     5.122     5.150     5.178     5.205     5.231     5.257     5.283
     5.309     5.335     5.361     5.389     5.416     5.444     5.473     5.503
     5.533     5.564     5.595     5.627     5.659     5.692     5.724     5.755
     5.786     5.817     5.848     5.878     5.909     5.939     5.969     5.999
     6.029     6.059     6.088     6.117     6.146     6.174     6.201     6.228
     6.255     6.281     6.307     6.333     6.359     6.384     6.409     6.433
     6.456     6.478     6.500     6.520     6.540     6.558     6.576     6.593
     6.610     6.627     6.643     6.660     6.676     6.691     6.707     6.721
     6.736     6.750     6.763     6.776     6.788     6.800     6.811     6.821
     6.831     6.838     6.845     6.849     6.852     6.852     6.849     6.845
     6.839     6.832     6.823     6.812     6.800     6.786     6.771     6.753
     6.734     6.713     6.689     6.663     6.635     6.605     6.573     6.539
     6.504     6.467     6.430     6.391     6.350     6.308     6.264     6.219
     6.171     6.122     6.070     6.016     5.960     5.902     5.842     5.780
     5.717     5.652     5.585     5.517     5.448     5.378     5.308     5.239
     5.169     5.101     5.033     4.966     4.901     4.836     4.772     4.709
     4.647     4.586     4.527     4.469     4.412     4.356     4.301     4.245
     4.190     4.134     4.079     4.023     3.966     3.910     3.854     3.798
     3.742     3.687     3.632     3.578     3.525     3.473     3.422     3.373
     3.325     3.278     3.231     3.186     3.141     3.097     3.053     3.010
     2.967     2.923     2.880     2.837     2.794     2.750     2.705     2.660
     2.613     2.564     2.514     2.462     2.407     2.351     2.293     2.233
     2.171     2.109     2.045     1.981     1.917     1.853     1.790     1.727
     1.666     1.607     1.548     1.491     1.435     1.379     1.324     1.269
     1.213     1.157     1.101     1.043      .984      .925      .864      .802
      .738      .674      .610      .545      .479      .414      .350      .285
      .221      .158      .096      .035     -.026     -.086     -.145     -.203
     -.261     -.319     -.376     -.432     -.488     -.544     -.599     -.654
     -.708     -.762     -.816     -.869     -.922     -.975    -1.027    -1.079
    -1.131    -1.182    -1.234    -1.285    -1.336    -1.386    -1.435    -1.484
    -1.531    -1.577    -1.620    -1.662    -1.702    -1.740    -1.776    -1.810
    -1.843    -1.875    -1.905    -1.934    -1.963    -1.992    -2.020    -2.049
    -2.078    -2.107    -2.136    -2.166    -2.197    -2.227    -2.259    -2.290
    -2.322    -2.355    -2.388    -2.422    -2.455    -2.488    -2.521    -2.554
    -2.585    -2.615    -2.644    -2.671    -2.697    -2.721    -2.744    -2.766
    -2.787    -2.808    -2.827    -2.847    -2.867    -2.887    -2.908    -2.931
    -2.954    -2.979    -3.006    -3.034    -3.064    -3.095    -3.128    -3.163
    -3.198    -3.235    -3.272    -3.309    -3.347    -3.385    -3.423    -3.460
    -3.496    -3.531    -3.565    -3.598    -3.630    -3.661    -3.691    -3.720
    -3.748    -3.775    -3.802    -3.828    -3.853    -3.878    -3.902    -3.925
    -3.947    -3.968    -3.988    -4.007    -4.024    -4.041    -4.056    -4.070
    -4.084    -4.096    -4.107    -4.116    -4.125    -4.132    -4.138    -4.142
    -4.145    -4.146    -4.146    -4.145    -4.143    -4.139    -4.133    -4.127
    -4.119    -4.109    -4.099    -4.087    -4.074    -4.060    -4.045    -4.030
    -4.013    -3.996    -3.979    -3.960    -3.941    -3.920    -3.899    -3.876
    -3.852    -3.826    -3.798    -3.769    -3.739    -3.707    -3.674    -3.641
    -3.606    -3.571    -3.536    -3.500    -3.464    -3.428    -3.392    -3.357
    -3.322    -3.289    -3.257    -3.227    -3.199    -3.173    -3.148    -3.125
    -3.103    -3.081    -3.060    -3.039    -3.019    -2.999    -2.979    -2.960
    -2.941    -2.922    -2.904    -2.884    -2.864    -2.844    -2.822    -2.800
    -2.777    -2.754    -2.730    -2.705    -2.681    -2.658    -2.635    -2.613
    -2.592    -2.572    -2.553    -2.534    -2.516    -2.498    -2.480    -2.463
    -2.446    -2.430    -2.414    -2.398    -2.382    -2.365    -2.349    -2.332
    -2.315    -2.297    -2.279    -2.260    -2.242    -2.223    -2.203    -2.183
    -2.162    -2.140    -2.116    -2.092    -2.066    -2.038    -2.009    -1.978
    -1.946    -1.912    -1.877    -1.840    -1.802    -1.763    -1.722    -1.681
    -1.638    -1.594    -1.550    -1.506    -1.461    -1.416    -1.372    -1.328
    -1.285    -1.243    -1.202    -1.162    -1.124    -1.087    -1.050    -1.015
     -.980     -.947     -.914     -.883     -.852     -.822     -.793     -.765
     -.737     -.708     -.679     -.650     -.620     -.590     -.559     -.527
     -.495     -.463     -.430     -.396     -.362     -.329     -.295     -.261
     -.228     -.195     -.163     -.131     -.101     -.070     -.041     -.013
      .015      .042      .068      .094      .119      .144      .168      .192
      .215      .238      .259      .280      .301      .320      .339      .357
      .374      .391      .408      .424      .440      .455      .471      .488
      .504      .521      .539      .557      .576      .596      .618      .640
      .664      .688      .714      .741      .769      .797      .827      .858
      .889      .922      .955      .988     1.022     1.057     1.091     1.125
     1.159     1.193     1.226     1.258     1.290     1.321     1.352     1.381
     1.409     1.436     1.462     1.486     1.509     1.530     1.551     1.569
     1.587     1.603     1.618     1.632     1.644     1.656     1.666     1.675
     1.683     1.690     1.696     1.700     1.704     1.706     1.707     1.708
     1.708     1.707     1.705     1.703     1.700     1.696     1.692     1.687
     1.681     1.675     1.668     1.660     1.652     1.642     1.632     1.621
     1.609     1.596     1.582     1.568     1.553     1.538     1.523     1.509
     1.494     1.480     1.466     1.452     1.437     1.423     1.408     1.393
     1.378     1.363     1.348     1.333     1.318     1.303     1.288     1.274
     1.259     1.246     1.233     1.220     1.209     1.199     1.190     1.183
     1.177     1.172     1.169     1.168     1.168     1.169     1.172     1.176
     1.181     1.188     1.196     1.204     1.214     1.223     1.233     1.243
     1.253     1.262     1.270     1.277     1.283     1.288     1.291     1.294
     1.296     1.297     1.297     1.296     1.295     1.293     1.291     1.288
     1.285     1.281     1.278     1.274     1.271     1.268     1.266     1.264
     1.262     1.259     1.257     1.254     1.251     1.247     1.242     1.235
     1.228     1.220     1.211     1.200     1.189     1.176     1.162     1.147
     1.130     1.112     1.092     1.071     1.048     1.024      .999      .973
      .946      .918      .890      .862      .834      .805      .777      .749
      .722      .695      .668      .642      .617      .592      .569      .545
      .523      .502      .481      .460      .441      .421      .402      .384
      .366      .348      .332      .316      .302      .288      .276      .264
      .254      .244      .235      .228      .221      .215      .210      .206
      .203      .201      .201      .201      .203      .206      .209      .213
      .219      .225      .232      .240      .249      .259      .269      .280
      .290      .301      .311      .320      .328      .336      .342      .347
      .352      .354      .356      .356      .356      .354      .352      .350
      .348      .345      .343      .341      .339      .338      .336      .335
      .335      .334      .333      .333      .332      .332      .331      .331
      .330      .329      .328      .327      .325      .323      .321      .318
      .315      .312      .309      .306      .303      .301      .299      .297
      .295      .294      .293      .292      .291      .291      .292      .293
      .295      .298      .302      .306      .311      .317      .323      .328
      .334      .339      .343      .347      .351      .353      .356      .357
      .358      .358      .357      .356      .355      .353      .350      .348
      .345      .343      .340      .339      .338      .338      .340      .342
      .346      .351      .356      .364      .372      .381      .391      .403
      .416      .430      .445      .462      .479      .497      .516      .536
      .556      .577      .598      .619      .640      .660      .681      .701
      .720      .738      .756      .772      .788      .802      .816      .828
      .840      .850      .860      .869      .877      .884      .891      .896
      .901      .905      .907      .909      .910      .909      .908      .906
      .903      .899      .893      .886      .878      .868      .857      .845
      .831      .816      .800      .783      .764      .746      .726      .706
      .685      .664      .642      .619      .596      .573      .549      .525
      .500      .475      .449      .422      .395      .367      .339      .311
      .282      .254      .225      .197      .170      .142      .115      .088
      .060      .033      .005     -.024     -.053     -.083     -.113     -.143
     -.173     -.203     -.232     -.260     -.287     -.314     -.341     -.367
     -.393     -.418     -.444     -.470     -.496     -.521     -.547     -.572
     -.598     -.623     -.649     -.675     -.702     -.729     -.757     -.786
     -.815     -.846     -.877     -.909     -.941     -.972    -1.004    -1.036
    -1.067    -1.097    -1.127    -1.156    -1.185    -1.212    -1.239    -1.264
    -1.289    -1.313    -1.336    -1.359    -1.381    -1.402    -1.423    -1.444
    -1.464    -1.484    -1.503    -1.521    -1.539    -1.556    -1.572    -1.588
    -1.604    -1.619    -1.633    -1.648    -1.661    -1.674    -1.686    -1.698
    -1.708    -1.717    -1.726    -1.732    -1.737    -1.741    -1.743    -1.744
    -1.743    -1.740    -1.737    -1.732    -1.725    -1.718    -1.709    -1.699
    -1.687    -1.675    -1.662    -1.649    -1.634    -1.620    -1.605    -1.590
    -1.574    -1.559    -1.543    -1.527    -1.510    -1.492    -1.474    -1.456
    -1.437    -1.418    -1.398    -1.378    -1.358    -1.338    -1.317    -1.297
    -1.278    -1.258    -1.239    -1.220    -1.202    -1.184    -1.167    -1.150
    -1.133    -1.117    -1.102    -1.089    -1.076    -1.064    -1.054    -1.045
    -1.038    -1.031    -1.026    -1.021    -1.017    -1.014    -1.011    -1.009
    -1.008    -1.007    -1.007    -1.007    -1.007    -1.008    -1.008    -1.008
    -1.007    -1.006    -1.004    -1.001     -.998     -.995     -.992     -.989
     -.986     -.984     -.982     -.980     -.979     -.979     -.979     -.979
     -.979     -.979     -.980     -.980     -.980     -.979     -.978     -.976
     -.973     -.969     -.964     -.958     -.950     -.941     -.930     -.918
     -.904     -.888     -.870     -.851     -.831     -.809     -.785     -.761
     -.735     -.709     -.682     -.654     -.627     -.599     -.572     -.545
     -.519     -.493     -.467     -.442     -.417     -.392     -.368     -.345
     -.323     -.301     -.280     -.259     -.239     -.220     -.200     -.182
     -.163     -.145     -.128     -.111     -.094     -.079     -.064     -.050
     -.038     -.026     -.016     -.007      .001      .008      .014      .018
      .021      .023      .025      .025      .024      .023      .021      .018
      .015      .011      .007      .003     -.002     -.007     -.012     -.017
     -.022     -.027     -.031     -.036     -.040     -.044     -.048     -.051
     -.054     -.057     -.060     -.062     -.065     -.067     -.069     -.070
     -.071     -.071     -.070     -.068     -.065     -.061     -.055     -.047
     -.038     -.027     -.015     -.002      .012      .027      .044      .061
      .080      .099      .120      .142      .165      .190      .215      .242
      .269      .298      .327      .357      .387      .417      .448      .479
      .510      .542      .573      .605      .638      .670      .703      .735
      .768      .801      .834      .867      .900      .933      .966      .999
     1.032     1.064     1.097     1.128     1.160     1.191     1.220     1.250
     1.278     1.305     1.332     1.356     1.380     1.402     1.423     1.443
     1.461     1.479     1.496     1.512     1.527     1.541     1.555     1.568
     1.580     1.592     1.604     1.615     1.625     1.635     1.645     1.654
     1.662     1.670     1.676     1.683     1.688     1.692     1.694     1.696
     1.696     1.695     1.692     1.687     1.680     1.671     1.661     1.648
     1.634     1.617     1.599     1.579     1.558     1.535     1.511     1.486
     1.460     1.434     1.407     1.381     1.355     1.330     1.305     1.281
     1.259     1.238     1.218     1.200     1.183     1.167     1.152     1.138
     1.125     1.113     1.102     1.090     1.080     1.069     1.059     1.049
     1.039     1.029     1.019     1.009      .999      .988      .977      .965
      .953      .940      .927      .914      .901      .887      .874      .860
      .846      .831      .816      .801      .785      .769      .752      .735
      .718      .701      .683      .665      .647      .629      .610      .590
      .571      .550      .530      .510      .490      .470      .450      .431
      .412      .393      .374      .355      .337      .319      .300      .282
      .264      .246      .228      .211      .193      .176      .159      .142
      .126      .109      .093      .077      .061      .045      .030      .014
     -.001     -.016     -.031     -.046     -.060     -.074     -.087     -.101
     -.113     -.126     -.138     -.150     -.161     -.173     -.184     -.194
     -.204     -.214     -.223     -.231     -.238     -.245     -.251     -.256
     -.260     -.264     -.267     -.271     -.273     -.276     -.279     -.281
     -.283     -.285     -.287     -.289     -.291     -.292     -.293     -.294
     -.295     -.295     -.296     -.296     -.295     -.295     -.294     -.292
     -.291     -.289     -.286     -.283     -.280     -.275     -.271     -.266
     -.261     -.255     -.249     -.243     -.237     -.232     -.227     -.222
     -.218     -.214     -.210     -.207     -.204     -.201     -.198     -.194
     -.191     -.187     -.183     -.178     -.174     -.169     -.163     -.157
     -.151     -.144     -.137     -.130     -.122     -.114     -.105     -.097
     -.088     -.079     -.071     -.062     -.054     -.045     -.037     -.029
     -.021     -.013     -.005      .002      .010      .018      .025      .032
      .040      .047      .055      .062      .070      .078      .086      .094
      .102      .111      .120      .130      .140      .150      .161      .172
      .184      .196      .207      .220      .232      .244      .256      .267
      .278      .288      .298      .306      .314      .321      .326      .331
      .335      .338      .340      .341      .342      .343      .343      .343
      .343      .343      .342      .342      .342      .342      .343      .343
      .345      .346      .348      .350      .353      .355      .358      .360
      .362      .364      .365      .366      .365      .365      .363      .361
      .359      .356      .352      .348      .344      .339      .334      .329
      .323      .317      .311      .305      .299      .292      .286      .280
      .273      .267      .260      .253      .246      .238      .230      .221
      .212      .202      .192      .181      .169      .156      .144      .130
      .116      .102      .087      .072      .057      .042      .026      .011
     -.005     -.020     -.035     -.049     -.063     -.077     -.091     -.104
     -.117     -.130     -.143     -.156     -.169     -.182     -.194     -.206
     -.219     -.231     -.242     -.254     -.265     -.276     -.287     -.298
     -.309     -.320     -.331     -.343     -.354     -.366     -.378     -.391
     -.403     -.415     -.428     -.440     -.453     -.466     -.479     -.492
     -.505     -.517     -.530     -.543     -.555     -.568     -.580     -.593
     -.605     -.617     -.630     -.642     -.654     -.666     -.679     -.692
     -.705     -.719     -.732     -.747     -.761     -.777     -.792     -.809
     -.826     -.844     -.862     -.881     -.900     -.920     -.941     -.962
     -.983    -1.006    -1.029    -1.053    -1.077    -1.102    -1.127    -1.152
    -1.178    -1.204    -1.230    -1.256    -1.283    -1.309    -1.335    -1.362
    -1.388    -1.415    -1.441    -1.468    -1.495    -1.521    -1.548    -1.574
    -1.600    -1.626    -1.651    -1.676    -1.700    -1.724    -1.748    -1.771
    -1.795    -1.818    -1.842    -1.865    -1.888    -1.911    -1.935    -1.958
    -1.981    -2.004    -2.028    -2.051    -2.074    -2.096    -2.118    -2.140
    -2.161    -2.180    -2.199    -2.217    -2.233    -2.248    -2.261    -2.272
    -2.282    -2.290    -2.296    -2.300    -2.302    -2.302    -2.300    -2.297
    -2.291    -2.284    -2.275    -2.265    -2.253    -2.239    -2.225    -2.209
    -2.192    -2.174    -2.156    -2.136    -2.115    -2.093    -2.070    -2.046
    -2.022    -1.996    -1.969    -1.941    -1.911    -1.880    -1.848    -1.815
    -1.780    -1.743    -1.706    -1.666    -1.625    -1.584    -1.540    -1.496
    -1.450    -1.404    -1.357    -1.310    -1.262    -1.214    -1.166    -1.118
    -1.069    -1.021     -.972     -.924     -.875     -.826     -.778     -.729
     -.681     -.634     -.586     -.539     -.493     -.446     -.400     -.353
     -.307     -.261     -.214     -.168     -.122     -.075     -.029      .016
      .062      .107      .151      .195      .238      .281      .323      .364
      .404      .443      .481      .519      .555      .591      .625      .659
      .691      .723      .753      .782      .811      .838      .865      .892
      .918      .943      .969      .994     1.019     1.044     1.069     1.094
     1.120     1.146     1.172     1.198     1.224     1.250     1.277     1.303
     1.330     1.356     1.383     1.409     1.436     1.462     1.487     1.512
     1.537     1.561     1.585     1.608     1.630     1.652     1.673     1.694
     1.714     1.733     1.752     1.771     1.789     1.807     1.825     1.842
     1.858     1.875     1.890     1.905     1.920     1.934     1.948     1.961
     1.973     1.985     1.997     2.008     2.018     2.028     2.037     2.045
     2.053     2.060     2.066     2.071     2.076     2.079     2.082     2.084
     2.085     2.085     2.084     2.083     2.080     2.076     2.072     2.067
     2.061     2.055     2.048     2.040     2.032     2.022     2.012     2.001
     1.989     1.976     1.962     1.947     1.931     1.915     1.898     1.880
     1.861     1.842     1.822     1.801     1.780     1.758     1.736     1.713
     1.689     1.665     1.641     1.616     1.590     1.565     1.540     1.514
     1.488     1.462     1.435     1.408     1.381     1.354     1.326     1.299
     1.272     1.245     1.219     1.192     1.165     1.138     1.112     1.086
     1.060     1.034     1.009      .984      .960      .936      .914      .892
      .871      .850      .831      .812      .794      .776      .760      .743
      .727      .711      .696      .680      .664      .648      .632      .615
      .599      .582      .564      .547      .530      .513      .496      .479
      .463      .446      .430      .414      .397      .380      .363      .346
      .328      .310      .291      .272      .253      .233      .213      .192
      .171      .149      .127      .104      .080      .057      .033      .008
     -.016     -.040     -.064     -.088     -.112     -.135     -.158     -.182
     -.205     -.227     -.250     -.273     -.296     -.319     -.343     -.366
     -.390     -.414     -.439     -.464     -.490     -.516     -.542     -.568
     -.595     -.621     -.647     -.672     -.697     -.721     -.744     -.766
     -.787     -.807     -.826     -.845     -.862     -.878     -.894     -.908
     -.922     -.935     -.947     -.958     -.969     -.979     -.989     -.999
    -1.007    -1.015    -1.023    -1.029    -1.035    -1.041    -1.046    -1.050
    -1.053    -1.056    -1.058    -1.060    -1.061    -1.061    -1.062    -1.061
    -1.060    -1.058    -1.056    -1.053    -1.049    -1.045    -1.040    -1.036
    -1.030    -1.025    -1.018    -1.012    -1.005     -.998     -.991     -.983
     -.975     -.967     -.959     -.951     -.942     -.934     -.925     -.916
     -.907     -.897     -.887     -.878     -.869     -.859     -.851     -.842
     -.834     -.827     -.820     -.813     -.808     -.803     -.798     -.795
     -.793     -.791     -.790     -.790     -.791     -.793     -.795     -.797
     -.800     -.804     -.807     -.811     -.814     -.818     -.821     -.825
     -.829     -.833     -.837     -.841     -.845     -.849     -.853     -.856
     -.859     -.862     -.864     -.866     -.868     -.869     -.869     -.869
     -.868     -.865     -.862     -.858     -.853     -.847     -.840     -.832
     -.822     -.811     -.799     -.785     -.771     -.757     -.741     -.724
     -.707     -.688     -.669     -.648     -.626     -.602     -.578     -.553
     -.527     -.501     -.476     -.450     -.425     -.400     -.374     -.349
     -.324     -.299     -.275     -.252     -.230     -.208     -.186     -.165
     -.145     -.125     -.106     -.088     -.070     -.052     -.033     -.015
      .003      .020      .038      .055      .072      .088      .104      .120
      .136      .151      .167      .182      .197      .212      .226      .240
      .252      .264      .275      .286      .296      .306      .316      .325
      .333      .342      .350      .359      .367      .375      .383      .390
      .398      .404      .411      .417      .423      .428      .434      .440
      .445      .450      .454      .458      .462      .465      .468      .471
      .474      .477      .480      .483      .486      .490      .493      .497
      .502      .506      .511      .515      .520      .525      .529      .534
      .539      .543      .547      .552      .556      .561      .565      .568
      .571      .574      .576      .578      .580      .581      .581      .582
      .583      .584      .585      .586      .588      .590      .593      .597
      .601      .606      .611      .617      .623      .629      .636      .643
      .651      .659      .667      .675      .682      .689      .696      .703
      .710      .717      .724      .731      .739      .746      .754      .762
      .771      .780      .789      .798      .808      .817      .827      .837
      .847      .857      .866      .876      .885      .894      .903      .912
      .920      .927      .935      .942      .948      .955      .960      .965
      .969      .973      .976      .978      .980      .981      .982      .982
      .982      .982      .982      .981      .981      .980      .980      .980
      .981      .982      .983      .985      .987      .990      .993      .996
     1.000     1.004     1.008     1.013     1.018     1.023     1.028     1.032
     1.037     1.041     1.044     1.046     1.048     1.049     1.049     1.048
     1.048     1.046     1.044     1.043     1.041     1.040     1.039     1.038
     1.038     1.037     1.035     1.034     1.033     1.033     1.033     1.034
     1.035     1.037     1.039     1.040     1.040     1.038     1.036     1.033
     1.028     1.024     1.018     1.012     1.004      .996      .986      .975
      .962      .949      .934      .919      .903      .887      .870      .852
      .834      .815      .795      .775      .753      .730      .707      .683
      .658      .633      .608      .583      .557      .531      .504      .477
      .450      .422      .393      .364      .335      .306      .277      .249
      .221      .195      .169      .143      .118      .092      .065      .039
      .012     -.016     -.045     -.074     -.103     -.133     -.162     -.191
     -.219     -.248     -.275     -.303     -.330     -.357     -.384     -.411
     -.438     -.465     -.491     -.516     -.540     -.564     -.586     -.607
     -.627     -.648     -.668     -.689     -.709     -.729     -.750     -.770
     -.790     -.810     -.830     -.849     -.869     -.888     -.908     -.928
     -.947     -.966     -.985    -1.003    -1.021    -1.038    -1.054    -1.071
    -1.086    -1.102    -1.117    -1.132    -1.148    -1.164    -1.180    -1.197
    -1.214    -1.231    -1.248    -1.265    -1.282    -1.300    -1.319    -1.338
    -1.358    -1.379    -1.400    -1.421    -1.443    -1.464    -1.485    -1.505
    -1.526    -1.546    -1.565    -1.585    -1.604    -1.623    -1.643    -1.662
    -1.681    -1.700    -1.718    -1.736    -1.754    -1.771    -1.788    -1.805
    -1.821    -1.836    -1.851    -1.864    -1.877    -1.888    -1.899    -1.908
    -1.916    -1.923    -1.929    -1.933    -1.936    -1.937    -1.938    -1.937
    -1.935    -1.933    -1.929    -1.926    -1.921    -1.915    -1.909    -1.902
    -1.894    -1.886    -1.878    -1.869    -1.860    -1.851    -1.841    -1.831
    -1.820    -1.809    -1.798    -1.786    -1.773    -1.760    -1.745    -1.730
    -1.715    -1.699    -1.683    -1.666    -1.650    -1.633    -1.616    -1.599
    -1.582    -1.566    -1.549    -1.531    -1.514    -1.497    -1.479    -1.462
    -1.444    -1.427    -1.410    -1.392    -1.375    -1.358    -1.341    -1.324
    -1.306    -1.288    -1.271    -1.253    -1.236    -1.219    -1.203    -1.187
    -1.173    -1.159    -1.147    -1.136    -1.125    -1.116    -1.108    -1.101
    -1.094    -1.089    -1.085    -1.081    -1.078    -1.075    -1.073    -1.071
    -1.069    -1.067    -1.065    -1.063    -1.061    -1.058    -1.055    -1.052
    -1.047    -1.042    -1.037    -1.030    -1.023    -1.015    -1.007     -.997
     -.988     -.977     -.966     -.955     -.942     -.930     -.916     -.902
     -.887     -.871     -.855     -.839     -.821     -.804     -.785     -.766
     -.746     -.725     -.704     -.681     -.658     -.633     -.607     -.581
     -.554     -.526     -.498     -.469     -.440     -.411     -.382     -.351
     -.321     -.289     -.257     -.225     -.192     -.159     -.126     -.093
     -.060     -.027      .006      .039      .073      .106      .141      .175
      .209      .244      .278      .312      .345      .378      .410      .441
      .472      .502      .531      .559      .586      .613      .638      .662
      .685      .707      .727      .747      .765      .781      .797      .811
      .825      .836      .847      .856      .864      .871      .876      .881
      .884      .886      .887      .888      .888      .887      .886      .884
      .881      .878      .874      .870      .865      .859      .853      .847
      .840      .833      .826      .818      .810      .801      .792      .783
      .773      .763      .753      .743      .732      .722      .712      .702
      .693      .684      .675      .667      .660      .653      .647      .642
      .638      .634      .632      .630      .629      .629      .630      .631
      .633      .636      .640      .644      .649      .655      .662      .669
      .678      .688      .698      .711      .724      .738      .754      .771
      .789      .808      .828      .849      .871      .893      .917      .941
      .965      .989     1.014     1.038     1.062     1.086     1.109     1.132
     1.154     1.175     1.196     1.215     1.234     1.252     1.268     1.284
     1.299     1.313     1.327     1.340     1.352     1.364     1.375     1.386
     1.396     1.406     1.415     1.424     1.432     1.440     1.447     1.453
     1.459     1.463     1.467     1.469     1.471     1.472     1.471     1.469
     1.466     1.461     1.456     1.450     1.444     1.436     1.429     1.421
     1.412     1.404     1.395     1.385     1.376     1.366     1.356     1.345
     1.335     1.325     1.316     1.306     1.297     1.289     1.280     1.271
     1.263     1.254     1.246     1.237     1.228     1.219     1.211     1.202
     1.193     1.185     1.177     1.169     1.162     1.155     1.148     1.142
     1.136     1.130     1.124     1.118     1.113     1.108     1.103     1.098
     1.093     1.089     1.084     1.080     1.075     1.069     1.064     1.058
     1.052     1.046     1.040     1.035     1.029     1.023     1.018     1.012
     1.006     1.000      .995      .989      .984      .978      .973      .967
      .962      .957      .952      .947      .942      .938      .933      .928
      .923      .918      .913      .908      .904      .899      .896      .892
      .890      .887      .884      .881      .878      .874      .871      .867
      .863      .860      .856      .853      .849      .845      .842      .838
      .834      .829      .825      .820      .815      .810      .806      .801
      .796      .791      .786      .781      .776      .770      .765      .758
      .752      .744      .737      .729      .720      .710      .700      .688
      .677      .664      .651      .637      .622      .607      .591      .574
      .558      .540      .523      .505      .487      .469      .450      .431
      .412      .393      .374      .354      .335      .315      .295      .275
      .255      .234      .214      .194      .173      .153      .133      .113
      .093      .074      .055      .037      .020      .003     -.014     -.030
     -.045     -.060     -.073     -.087     -.100     -.112     -.125     -.136
     -.148     -.160     -.171     -.183     -.194     -.206     -.218     -.229
     -.241     -.252     -.263     -.274     -.285     -.295     -.305     -.315
     -.324     -.333     -.342     -.351     -.359     -.366     -.374     -.381
     -.387     -.394     -.400     -.406     -.412     -.418     -.424     -.430
     -.436     -.443     -.449     -.456     -.463     -.471     -.479     -.487
     -.495     -.502     -.510     -.517     -.525     -.531     -.538     -.544
     -.549     -.555     -.560     -.566     -.571     -.577     -.582     -.588
     -.594     -.599     -.605     -.611     -.617     -.623     -.630     -.637
     -.644     -.652     -.660     -.668     -.677     -.686     -.695     -.704
     -.714     -.724     -.734     -.744     -.755     -.766     -.778     -.791
     -.803     -.817     -.831     -.845     -.860     -.876     -.892     -.909
     -.926     -.944     -.963     -.982    -1.001    -1.021    -1.041    -1.062
    -1.082    -1.102    -1.122    -1.142    -1.162    -1.182    -1.201    -1.219
    -1.238    -1.255    -1.273    -1.289    -1.305    -1.320    -1.335    -1.349
    -1.363    -1.376    -1.389    -1.401    -1.413    -1.425    -1.436    -1.448
    -1.459    -1.469    -1.480    -1.490    -1.499    -1.508    -1.517    -1.526
    -1.534    -1.541    -1.549    -1.556    -1.562    -1.568    -1.573    -1.577
    -1.581    -1.585    -1.587    -1.590    -1.591    -1.592    -1.592    -1.592
    -1.592    -1.590    -1.589    -1.588    -1.586    -1.584    -1.582    -1.580
    -1.578    -1.576    -1.574    -1.572    -1.570    -1.568    -1.566    -1.565
    -1.563    -1.562    -1.560    -1.559    -1.557    -1.556    -1.554    -1.552
    -1.550    -1.548    -1.546    -1.543    -1.540    -1.536    -1.533    -1.529
    -1.524    -1.520    -1.514    -1.509    -1.503    -1.496    -1.489    -1.482
    -1.474    -1.466    -1.457    -1.448    -1.438    -1.428    -1.416    -1.405
    -1.392    -1.379    -1.365    -1.351    -1.337    -1.322    -1.307    -1.291
    -1.275    -1.259    -1.242    -1.225    -1.207    -1.189    -1.170    -1.151
    -1.132    -1.112    -1.092    -1.071    -1.051    -1.030    -1.010     -.989
     -.968     -.948     -.927     -.905     -.884     -.863     -.842     -.820
     -.799     -.777     -.756     -.735     -.713     -.691     -.670     -.648
     -.626     -.603     -.581     -.559     -.536     -.514     -.491     -.469
     -.446     -.424     -.401     -.378     -.356     -.333     -.310     -.287
     -.264     -.240     -.217     -.193     -.170     -.147     -.123     -.100
     -.078     -.055     -.032     -.010      .012      .034      .055      .077
      .098      .118      .139      .158      .178      .197      .216      .235
      .254      .273      .292      .310      .328      .347      .365      .383
      .401      .419      .437      .454      .472      .489      .507      .524
      .541      .558      .574      .591      .607      .623      .638      .654
      .669      .685      .700      .715      .731      .746      .762      .777
      .792      .807      .822      .836      .850      .864      .878      .891
      .905      .919      .933      .948      .963      .979      .996     1.013
     1.031     1.048     1.066     1.084     1.102     1.120     1.138     1.156
     1.174     1.193     1.211     1.230     1.249     1.268     1.287     1.306
     1.326     1.345     1.364     1.383     1.402     1.422     1.441     1.460
     1.480     1.499     1.518     1.538     1.557     1.576     1.595     1.614
     1.633     1.652     1.670     1.688     1.706     1.724     1.740     1.757
     1.773     1.788     1.802     1.816     1.828     1.840     1.850     1.860
     1.869     1.876     1.883     1.889     1.894     1.898     1.900     1.902
     1.903     1.903     1.902     1.900     1.898     1.894     1.890     1.885
     1.878     1.871     1.863     1.855     1.845     1.834     1.823     1.811
     1.798     1.784     1.770     1.755     1.740     1.724     1.707     1.690
     1.672     1.653     1.634     1.613     1.592     1.571     1.548     1.526
     1.502     1.478     1.453     1.428     1.402     1.376     1.349     1.322
     1.294     1.266     1.238     1.209     1.180     1.151     1.120     1.090
     1.059     1.028      .996      .964      .932      .899      .866      .832
      .799      .764      .730      .695      .660      .624      .589      .553
      .516      .480      .444      .407      .371      .335      .299      .264
      .229      .194      .160      .126      .092      .059      .027     -.005
     -.037     -.068     -.099     -.129     -.159     -.189     -.219     -.248
     -.276     -.305     -.333     -.361     -.388     -.415     -.441     -.467
     -.492     -.516     -.540     -.563     -.585     -.607     -.627     -.648
     -.668     -.687     -.705     -.723     -.740     -.757     -.774     -.789
     -.805     -.820     -.835     -.849     -.863     -.877     -.890     -.904
     -.918     -.931     -.945     -.958     -.972     -.985     -.998    -1.012
    -1.025    -1.038    -1.050    -1.063    -1.075    -1.088    -1.100    -1.112
    -1.124    -1.135    -1.147    -1.159    -1.170    -1.181    -1.191    -1.202
    -1.212    -1.221    -1.230    -1.239    -1.248    -1.256    -1.263    -1.270
    -1.276    -1.282    -1.287    -1.292    -1.296    -1.299    -1.302    -1.305
    -1.307    -1.309    -1.311    -1.313    -1.314    -1.315    -1.315    -1.316
    -1.316    -1.316    -1.315    -1.314    -1.312    -1.311    -1.308    -1.306
    -1.303    -1.300    -1.296    -1.292    -1.288    -1.283    -1.279    -1.274
    -1.268    -1.263    -1.257    -1.251    -1.244    -1.236    -1.228    -1.220
    -1.210    -1.200    -1.189    -1.177    -1.164    -1.150    -1.135    -1.118
    -1.101    -1.082    -1.063    -1.043    -1.022    -1.000     -.977     -.953
     -.930     -.905     -.881     -.856     -.831     -.805     -.780     -.755
     -.729     -.704     -.678     -.653     -.627     -.602     -.577     -.552
     -.526     -.501     -.476     -.450     -.424     -.398     -.372     -.346
     -.319     -.293     -.266     -.240     -.214     -.188     -.162     -.137
     -.112     -.087     -.064     -.041     -.019      .002      .023      .042
      .061      .079      .096      .113      .129      .144      .158      .172
      .184      .196      .208      .218      .228      .237      .245      .253
      .260      .267      .273      .279      .284      .289      .293      .297
      .300      .302      .304      .305      .306      .306      .306      .306
      .305      .303      .302      .300      .299      .297      .295      .293
      .291      .289      .288      .286      .284      .282      .280      .278
      .275      .272      .269      .266      .263      .260      .256      .252
      .249      .244      .240      .236      .231      .227      .222      .217
      .212      .208      .204      .199      .196      .192      .189