.105      .103      .100      .098      .096      .093      .091      .088
      .086      .083      .080      .078      .075      .072      .069      .067
      .064      .061      .058      .055      .052      .049      .046      .043
      .039      .036      .033      .030      .027      .024      .020      .017
      .014      .010      .007      .003      .000     -.004     -.007     -.011
     -.014     -.018     -.022     -.026     -.031     -.035     -.040     -.044
     -.049     -.053     -.057     -.061     -.065     -.070     -.075     -.080
     -.086     -.092     -.098     -.104     -.111     -.117     -.123     -.129
     -.135     -.141     -.148     -.154     -.161     -.168     -.174     -.180
     -.187     -.193     -.199     -.205     -.211     -.217     -.222     -.228
     -.234     -.241     -.247     -.253     -.259     -.266     -.272     -.278
     -.284     -.290     -.296     -.302     -.308     -.315     -.321     -.328
     -.334     -.341     -.347     -.354     -.360     -.367     -.374     -.381
     -.388     -.395     -.403     -.410     -.416     -.423     -.429     -.435
     -.441     -.448     -.454     -.461     -.468     -.476     -.484     -.491
     -.499     -.507     -.513     -.520     -.526     -.531     -.537     -.543
     -.549     -.555     -.562     -.568     -.575     -.582     -.589     -.596
     -.603     -.609     -.615     -.621     -.626     -.631     -.636     -.641
     -.646     -.650     -.654     -.659     -.663     -.668     -.673     -.679
     -.685     -.690     -.695     -.698     -.701     -.703     -.705     -.706
     -.708     -.710     -.712     -.715     -.718     -.722     -.725     -.728
     -.731     -.733     -.735     -.735     -.736     -.737     -.738     -.738
     -.740     -.741     -.742     -.744     -.745     -.746     -.746     -.747
     -.747     -.747     -.747     -.748     -.750     -.751     -.753     -.754
     -.755     -.755     -.755     -.754     -.753     -.752     -.751     -.751
     -.750     -.749     -.747     -.745     -.742     -.739     -.736     -.732
     -.729     -.726     -.723     -.721     -.719     -.716     -.714     -.711
     -.708     -.705     -.701     -.698     -.695     -.693     -.693     -.693
     -.695     -.697     -.699     -.700     -.702     -.702     -.702     -.701
     -.699     -.698     -.697     -.697     -.698     -.699     -.700     -.700
     -.700     -.698     -.696     -.692     -.688     -.684     -.679     -.675
     -.670     -.665     -.659     -.651     -.643     -.634     -.623     -.613
     -.601     -.590     -.578     -.566     -.555     -.544     -.533     -.522
     -.510     -.498     -.485     -.472     -.458     -.446     -.434     -.422
     -.411     -.399     -.388     -.376     -.366     -.356     -.348     -.340
     -.333     -.326     -.319     -.312     -.305     -.298     -.290     -.282
     -.275     -.266     -.257     -.248     -.237     -.226     -.214     -.202
     -.190     -.178     -.165     -.152     -.139     -.126     -.111     -.095
     -.078     -.060     -.041     -.021     -.001      .019      .041      .063
      .086      .109      .133      .156      .179      .201      .223      .245
      .267      .289      .312      .335      .359      .383      .408      .434
      .461      .488      .516      .543      .568      .593      .618      .642
      .667      .692      .718      .746      .776      .806      .838      .871
      .905      .939      .974     1.009     1.044     1.077     1.109     1.140
     1.170     1.201     1.231     1.261     1.291     1.320     1.349     1.378
     1.405     1.431     1.456     1.480     1.504     1.528     1.553     1.579
     1.606     1.633     1.660     1.688     1.716     1.745     1.774     1.804
     1.834     1.863     1.892     1.922     1.951     1.982     2.013     2.044
     2.076     2.110     2.144     2.180     2.216     2.253     2.289     2.325
     2.362     2.399     2.435     2.470     2.505     2.540     2.576     2.612
     2.649     2.688     2.727     2.766     2.805     2.843     2.881     2.917
     2.953     2.989     3.024     3.061     3.098     3.135     3.172     3.208
     3.243     3.277     3.309     3.342     3.373     3.405     3.438     3.470
     3.503     3.537     3.571     3.605     3.640     3.675     3.709     3.742
     3.773     3.802     3.830     3.857     3.883     3.908     3.934     3.959
     3.984     4.009     4.034     4.057     4.081     4.103     4.123     4.140
     4.154     4.165     4.173     4.179     4.182     4.185     4.189     4.196
     4.204     4.214     4.227     4.239     4.252     4.264     4.275     4.286
     4.296     4.304     4.311     4.316     4.321     4.325     4.328     4.330
     4.330     4.328     4.323     4.314     4.300     4.282     4.260     4.236
     4.210     4.183     4.156     4.130     4.103     4.078     4.054     4.030
     4.008     3.989     3.971     3.956     3.942     3.929     3.916     3.904
     3.890     3.875     3.858     3.836     3.808     3.773     3.731     3.682
     3.626     3.563     3.493     3.415     3.330     3.236     3.134     3.022
     2.901     2.773     2.639     2.501     2.363     2.226     2.093     1.964
     1.841     1.724     1.612     1.506     1.405     1.308     1.214     1.121
     1.027      .931      .832      .729      .620      .506      .388      .265
      .140      .014     -.112     -.237     -.359     -.477     -.589     -.693
     -.789     -.874     -.947    -1.010    -1.063    -1.107    -1.144    -1.176
    -1.203    -1.227    -1.249    -1.271    -1.295    -1.321    -1.353    -1.392
    -1.440    -1.497    -1.564    -1.643    -1.733    -1.834    -1.946    -2.068
    -2.200    -2.339    -2.484    -2.635    -2.789    -2.945    -3.101    -3.254
    -3.406    -3.558    -3.713    -3.875    -4.045    -4.226    -4.417    -4.620
    -4.833    -5.056    -5.288    -5.528    -5.775    -6.030    -6.290    -6.556
    -6.827    -7.104    -7.384    -7.666    -7.944    -8.217    -8.483    -8.739
    -8.987    -9.228    -9.467    -9.707    -9.952   -10.207   -10.472   -10.748
   -11.035   -11.331   -11.632   -11.935   -12.236   -12.529   -12.809   -13.073
   -13.318   -13.540   -13.738   -13.913   -14.064   -14.190   -14.292   -14.369
   -14.423   -14.451   -14.457   -14.441   -14.411   -14.375   -14.342   -14.321
   -14.320   -14.341   -14.381   -14.430   -14.476   -14.509   -14.522   -14.509
   -14.467   -14.394   -14.287   -14.148   -13.977   -13.776   -13.548   -13.295
   -13.021   -12.727   -12.417   -12.091   -11.751   -11.397   -11.030   -10.652
   -10.262    -9.862    -9.453    -9.037    -8.615    -8.191    -7.765    -7.340
    -6.917    -6.498    -6.084    -5.675    -5.274    -4.879    -4.493    -4.116
    -3.750    -3.398    -3.061    -2.744    -2.447    -2.174    -1.925    -1.701
    -1.501    -1.324    -1.168    -1.029     -.903     -.788     -.679     -.577
     -.480     -.388     -.301     -.221     -.148     -.081     -.021      .033
      .081      .128      .175      .227      .285      .351      .424      .500
      .574      .642      .700      .745      .774      .786      .780      .756
      .714      .654      .579      .492      .394      .288      .176      .059
     -.060     -.180     -.301     -.418     -.529     -.631     -.721     -.801
     -.873     -.937     -.995    -1.048    -1.096    -1.140    -1.180    -1.215
    -1.246    -1.271    -1.292    -1.308    -1.319    -1.327    -1.330    -1.331
    -1.331    -1.333    -1.339    -1.349    -1.364    -1.383    -1.405    -1.428
    -1.451    -1.474    -1.497    -1.520    -1.545    -1.573    -1.604    -1.640
    -1.681    -1.728    -1.778    -1.831    -1.882    -1.928    -1.967    -1.998
    -2.022    -2.037    -2.046    -2.048    -2.043    -2.026    -1.994    -1.941
    -1.864    -1.763    -1.638    -1.493    -1.330    -1.153     -.963     -.762
     -.550     -.328     -.099      .134      .366      .595      .817     1.034
     1.245     1.454     1.665     1.883     2.111     2.352     2.609     2.880
     3.165     3.458     3.754     4.047     4.332     4.606     4.864     5.104
     5.324     5.524     5.702     5.859     5.995     6.112     6.210     6.291
     6.353     6.398     6.425     6.433     6.423     6.395     6.352     6.295
     6.228     6.154     6.077     6.003     5.936     5.879     5.838     5.815
     5.811     5.827     5.864     5.919     5.991     6.077     6.172     6.272
     6.374     6.479     6.585     6.695     6.810     6.930     7.053     7.178
     7.303     7.427     7.547     7.663     7.774     7.878     7.975     8.065
     8.149     8.227     8.299     8.363     8.420     8.466     8.500     8.519
     8.523     8.513     8.487     8.447     8.394     8.327     8.248     8.155
     8.049     7.929     7.794     7.645     7.481     7.301     7.105     6.893
     6.672     6.448     6.231     6.027     5.843     5.683     5.551     5.450
     5.377     5.330     5.301     5.285     5.278     5.275     5.278     5.285
     5.297     5.314     5.338     5.368     5.404     5.447     5.496     5.553
     5.619     5.693     5.776     5.867     5.966     6.070     6.177     6.284
     6.387     6.486     6.580     6.668     6.753     6.833     6.910     6.983
     7.053     7.122     7.190     7.260     7.333     7.413     7.502     7.602
     7.716     7.842     7.982     8.134     8.299     8.474     8.660     8.854
     9.055     9.262     9.472     9.683     9.891    10.092    10.282    10.458
    10.618    10.759    10.881    10.983    11.064    11.125    11.165    11.186
    11.186    11.168    11.131    11.076    11.004    10.914    10.809    10.689
    10.557    10.415    10.264    10.109     9.951     9.793     9.639     9.490
     9.348     9.216     9.094     8.982     8.878     8.779     8.678     8.570
     8.452     8.320     8.170     8.000     7.807     7.591     7.350     7.085
     6.797     6.486     6.155     5.805     5.441     5.065     4.683     4.298
     3.914     3.536     3.167     2.810     2.468     2.143     1.837     1.552
     1.287     1.044      .823      .623      .443      .281      .136      .006
     -.111     -.217     -.314     -.405     -.495     -.586     -.684     -.792
     -.913    -1.049    -1.201    -1.369    -1.553    -1.750    -1.959    -2.178
    -2.405    -2.636    -2.868    -3.100    -3.327    -3.548    -3.759    -3.958
    -4.143    -4.311    -4.459    -4.588    -4.696    -4.784    -4.854    -4.906
    -4.945    -4.972    -4.991    -5.005    -5.017    -5.032    -5.052    -5.079
    -5.114    -5.157    -5.207    -5.262    -5.320    -5.378    -5.432    -5.481
    -5.522    -5.554    -5.574    -5.581    -5.572    -5.546    -5.504    -5.446
    -5.374    -5.289    -5.194    -5.091    -4.983    -4.872    -4.760    -4.649
    -4.539    -4.431    -4.324    -4.217    -4.110    -4.001    -3.891    -3.781
    -3.669    -3.557    -3.444    -3.330    -3.215    -3.099    -2.981    -2.861
    -2.740    -2.616    -2.490    -2.362    -2.231    -2.098    -1.963    -1.827
    -1.691    -1.554    -1.419    -1.286    -1.156    -1.029     -.906     -.787
     -.674     -.567     -.466     -.373     -.287     -.212     -.146     -.091
     -.047     -.014      .007      .017      .018      .012      .002     -.010
     -.021     -.030     -.036     -.038     -.038     -.036     -.032     -.027
     -.021     -.015     -.010     -.006     -.005     -.007     -.013     -.023
     -.036     -.054     -.075     -.100     -.128     -.160     -.197     -.238
     -.284     -.334     -.389     -.447     -.507     -.569     -.633     -.699
     -.766     -.836     -.908     -.980    -1.053    -1.125    -1.194    -1.261
    -1.324    -1.386    -1.446    -1.506    -1.568    -1.633    -1.700    -1.770
    -1.840    -1.912    -1.984    -2.055    -2.125    -2.196    -2.266    -2.336
    -2.407    -2.481    -2.557    -2.636    -2.719    -2.807    -2.898    -2.994
    -3.094    -3.196    -3.300    -3.403    -3.503    -3.599    -3.688    -3.771
    -3.847    -3.915    -3.977    -4.033    -4.084    -4.133    -4.179    -4.225
    -4.272    -4.320    -4.370    -4.421    -4.472    -4.521    -4.567    -4.608
    -4.644    -4.673    -4.697    -4.715    -4.728    -4.738    -4.746    -4.753
    -4.761    -4.771    -4.784    -4.800    -4.820    -4.843    -4.871    -4.902
    -4.938    -4.977    -5.020    -5.065    -5.114    -5.165    -5.218    -5.274
    -5.334    -5.398    -5.465    -5.536    -5.611    -5.689    -5.770    -5.854
    -5.941    -6.031    -6.122    -6.215    -6.309    -6.402    -6.493    -6.581
    -6.664    -6.742    -6.814    -6.879    -6.938    -6.990    -7.035    -7.076
    -7.110    -7.141    -7.168    -7.192    -7.214    -7.236    -7.258    -7.281
    -7.307    -7.335    -7.367    -7.402    -7.441    -7.483    -7.526    -7.571
    -7.617    -7.665    -7.713    -7.764    -7.816    -7.869    -7.923    -7.977
    -8.032    -8.087    -8.143    -8.200    -8.257    -8.315    -8.373    -8.428
    -8.481    -8.529    -8.572    -8.609    -8.641    -8.667    -8.689    -8.706
    -8.719    -8.728    -8.733    -8.736    -8.735    -8.732    -8.725    -8.717
    -8.706    -8.693    -8.679    -8.664    -8.647    -8.627    -8.603    -8.575
    -8.542    -8.503    -8.459    -8.409    -8.353    -8.291    -8.224    -8.150
    -8.071    -7.985    -7.894    -7.796    -7.694    -7.586    -7.474    -7.358
    -7.239    -7.116    -6.989    -6.859    -6.726    -6.591    -6.454    -6.316
    -6.177    -6.039    -5.900    -5.760    -5.620    -5.478    -5.335    -5.190
    -5.044    -4.895    -4.745    -4.594    -4.440    -4.286    -4.130    -3.972
    -3.814    -3.654    -3.494    -3.335    -3.175    -3.017    -2.861    -2.708
    -2.557    -2.411    -2.269    -2.131    -1.997    -1.869    -1.745    -1.627
    -1.515    -1.407    -1.305    -1.207    -1.113    -1.022     -.933     -.845
     -.758     -.671     -.584     -.497     -.410     -.323     -.236     -.149
     -.064      .022      .106      .190      .273      .356      .437      .516
      .594      .671      .746      .820      .894      .967     1.040     1.114
     1.188     1.262     1.338     1.414     1.491     1.569     1.648     1.725
     1.802     1.877     1.949     2.019     2.085     2.148     2.208     2.265
     2.319     2.371     2.419     2.463     2.504     2.540     2.572     2.599
     2.622     2.642     2.660     2.678     2.696     2.717     2.741     2.769
     2.798     2.831     2.866     2.903     2.943     2.984     3.027     3.070
     3.114     3.158     3.200     3.240     3.279     3.314     3.347     3.376
     3.402     3.426     3.446     3.464     3.480     3.494     3.506     3.517
     3.528     3.538     3.549     3.561     3.575     3.592     3.613     3.637
     3.666     3.698     3.735     3.774     3.817     3.860     3.904     3.947
     3.988     4.026     4.060     4.090     4.115     4.135     4.150     4.161
     4.167     4.169     4.169     4.168     4.168     4.169     4.173     4.181
     4.193     4.209     4.229     4.252     4.277     4.303     4.329     4.354
     4.378     4.400     4.419     4.434     4.445     4.451     4.452     4.448
     4.438     4.423     4.402     4.377     4.346     4.312     4.275     4.235
     4.193     4.149     4.106     4.063     4.022     3.983     3.948     3.916
     3.889     3.867     3.850     3.837     3.828     3.823     3.820     3.818
     3.817     3.816     3.813     3.809     3.803     3.795     3.784     3.769
     3.751     3.730     3.706     3.679     3.651     3.622     3.594     3.567
     3.543     3.523     3.508     3.500     3.498     3.502     3.512     3.529
     3.553     3.583     3.619     3.662     3.712     3.769     3.831     3.901
     3.975     4.055     4.139     4.227     4.317     4.408     4.499     4.589
     4.677     4.762     4.842     4.918     4.989     5.057     5.122     5.185
     5.247     5.309     5.371     5.433     5.496     5.558     5.620     5.681
     5.741     5.800     5.856     5.910     5.961     6.009     6.054     6.096
     6.134     6.169     6.202     6.233     6.263     6.293     6.322     6.352
     6.381     6.410     6.438     6.466     6.492     6.517     6.538     6.557
     6.573     6.585     6.594     6.600     6.603     6.604     6.603     6.602
     6.599     6.595     6.589     6.581     6.570     6.558     6.543     6.526
     6.507     6.486     6.462     6.437     6.409     6.379     6.347     6.313
     6.278     6.241     6.202     6.162     6.120     6.076     6.030     5.984
     5.937     5.889     5.840     5.791     5.742     5.693     5.643     5.591
     5.538     5.482     5.424     5.364     5.302     5.238     5.172     5.105
     5.037     4.969     4.900     4.830     4.760     4.689     4.618     4.546
     4.476     4.405     4.335     4.267     4.200     4.134     4.068     4.003
     3.938     3.873     3.808     3.744     3.681     3.620     3.560     3.502
     3.447     3.394     3.343     3.296     3.251     3.211     3.173     3.140
     3.111     3.086     3.065     3.048     3.034     3.022     3.013     3.005
     2.998     2.991     2.983     2.974     2.963     2.950     2.935     2.917
     2.896     2.872     2.845     2.815     2.782     2.745     2.705     2.662
     2.615     2.567     2.516     2.465     2.412     2.359     2.305     2.250
     2.194     2.137     2.078     2.016     1.953     1.886     1.817     1.745
     1.670     1.592     1.512     1.429     1.343     1.255     1.163     1.070
      .976      .881      .786      .691      .599      .508      .421      .336
      .256      .178      .103      .029     -.043     -.115     -.186     -.259
     -.332     -.406     -.480     -.555     -.630     -.705     -.779     -.854
     -.929    -1.004    -1.078    -1.151    -1.222    -1.291    -1.357    -1.419
    -1.477    -1.530    -1.578    -1.621    -1.659    -1.692    -1.720    -1.744
    -1.764    -1.779    -1.790    -1.797    -1.800    -1.801    -1.798    -1.792
    -1.785    -1.775    -1.764    -1.753    -1.740    -1.729    -1.717    -1.708
    -1.699    -1.693    -1.689    -1.688    -1.690    -1.695    -1.702    -1.713
    -1.725    -1.739    -1.754    -1.771    -1.790    -1.810    -1.831    -1.854
    -1.878    -1.903    -1.929    -1.956    -1.982    -2.008    -2.034    -2.059
    -2.083    -2.108    -2.131    -2.155    -2.179    -2.203    -2.228    -2.254
    -2.280    -2.307    -2.335    -2.364    -2.394    -2.424    -2.455    -2.487
    -2.519    -2.550    -2.582    -2.612    -2.642    -2.670    -2.697    -2.722
    -2.745    -2.764    -2.781    -2.796    -2.807    -2.816    -2.823    -2.828
    -2.833    -2.837    -2.841    -2.846    -2.851    -2.857    -2.865    -2.874
    -2.884    -2.895    -2.908    -2.921    -2.935    -2.950    -2.964    -2.978
    -2.991    -3.003    -3.014    -3.025    -3.035    -3.046    -3.057    -3.070
    -3.084    -3.100    -3.117    -3.136    -3.157    -3.181    -3.206    -3.234
    -3.264    -3.297    -3.333    -3.372    -3.412    -3.455    -3.499    -3.544
    -3.589    -3.634    -3.680    -3.724    -3.768    -3.811    -3.853    -3.894
    -3.935    -3.976    -4.016    -4.056    -4.096    -4.137    -4.179    -4.220
    -4.262    -4.305    -4.348    -4.391    -4.436    -4.482    -4.529    -4.577
    -4.627    -4.679    -4.731    -4.785    -4.840    -4.895    -4.952    -5.009
    -5.066    -5.124    -5.182    -5.240    -5.298    -5.355    -5.412    -5.469
    -5.525    -5.580    -5.635    -5.689    -5.743    -5.797    -5.851    -5.907
    -5.963    -6.022    -6.082    -6.145    -6.211    -6.279    -6.349    -6.422
    -6.496    -6.571    -6.647    -6.723    -6.799    -6.874    -6.949    -7.022
    -7.093    -7.163    -7.232    -7.298    -7.362    -7.424    -7.483    -7.541
    -7.596    -7.648    -7.700    -7.749    -7.797    -7.845    -7.891    -7.936
    -7.981    -8.026    -8.069    -8.112    -8.154    -8.196    -8.236    -8.275
    -8.313    -8.350    -8.384    -8.417    -8.447    -8.474    -8.499    -8.519
    -8.536    -8.549    -8.558    -8.563    -8.563    -8.559    -8.551    -8.538
    -8.522    -8.502    -8.478    -8.451    -8.421    -8.388    -8.352    -8.314
    -8.272    -8.228    -8.180    -8.130    -8.076    -8.019    -7.958    -7.893
    -7.825    -7.753    -7.677    -7.596    -7.512    -7.423    -7.329    -7.232
    -7.129    -7.023    -6.912    -6.798    -6.679    -6.558    -6.433    -6.306
    -6.176    -6.044    -5.911    -5.776    -5.639    -5.501    -5.361    -5.221
    -5.081    -4.939    -4.797    -4.655    -4.513    -4.371    -4.230    -4.090
    -3.952    -3.816    -3.681    -3.549    -3.420    -3.293    -3.168    -3.045
    -2.924    -2.805    -2.688    -2.571    -2.455    -2.339    -2.222    -2.104
    -1.985    -1.865    -1.744    -1.622    -1.500    -1.378    -1.256    -1.136
    -1.018     -.901     -.786     -.674     -.564     -.456     -.349     -.245
     -.143     -.042      .057      .155      .252      .347      .442      .536
      .630      .723      .814      .906      .997     1.087     1.177     1.267
     1.356     1.445     1.534     1.623     1.712     1.801     1.890     1.977
     2.064     2.149     2.233     2.315     2.395     2.472     2.548     2.622
     2.694     2.764     2.832     2.898     2.962     3.025     3.085     3.144
     3.201     3.258     3.314     3.370     3.426     3.482     3.539     3.596
     3.654     3.712     3.769     3.826     3.881     3.936     3.989     4.040
     4.089     4.136     4.181     4.225     4.267     4.309     4.349     4.389
     4.428     4.466     4.505     4.543     4.580     4.617     4.654     4.689
     4.724     4.758     4.791     4.823     4.854     4.884     4.914     4.943
     4.973     5.003     5.033     5.063     5.093     5.124     5.156     5.188
     5.222     5.256     5.292     5.328     5.365     5.403     5.441     5.479
     5.517     5.555     5.593     5.631     5.668     5.706     5.743     5.781
     5.818     5.856     5.893     5.929     5.965     6.001     6.036     6.071
     6.106     6.141     6.175     6.208     6.241     6.273     6.303     6.332
     6.360     6.386     6.411     6.434     6.456     6.477     6.497     6.516
     6.535     6.554     6.571     6.589     6.605     6.621     6.636     6.651
     6.665     6.678     6.691     6.703     6.714     6.725     6.735     6.744
     6.752     6.758     6.763     6.766     6.766     6.765     6.762     6.757
     6.751     6.744     6.735     6.725     6.715     6.703     6.690     6.675
     6.659     6.641     6.622     6.600     6.577     6.552     6.525     6.496
     6.465     6.432     6.398     6.361     6.323     6.284     6.242     6.199
     6.155     6.109     6.062     6.013     5.963     5.911     5.857     5.802
     5.745     5.687     5.627     5.565     5.503     5.440     5.378     5.316
     5.254     5.193     5.133     5.074     5.015     4.957     4.901     4.846
     4.792     4.740     4.690     4.640     4.592     4.544     4.496     4.448
     4.400     4.351     4.303     4.254     4.205     4.157     4.109     4.062
     4.015     3.969     3.923     3.879     3.835     3.793     3.751     3.711
     3.671     3.631     3.592     3.554     3.515     3.476     3.437     3.397
     3.356     3.315     3.272     3.228     3.183     3.137     3.089     3.038
     2.986     2.932     2.875     2.816     2.756     2.694     2.629     2.564
     2.497     2.430     2.362     2.294     2.226     2.158     2.091     2.025
     1.959     1.895     1.831     1.768     1.706     1.644     1.582     1.520
     1.458     1.395     1.331     1.266     1.200     1.133     1.066      .998
      .930      .861      .794      .727      .661      .596      .532      .469
      .408      .347      .287      .228      .170      .112      .055     -.003
     -.059     -.116     -.172     -.228     -.285     -.340     -.396     -.452
     -.507     -.562     -.616     -.670     -.723     -.776     -.828     -.879
     -.930     -.981    -1.031    -1.081    -1.130    -1.179    -1.227    -1.274
    -1.321    -1.367    -1.413    -1.457    -1.500    -1.543    -1.584    -1.625
    -1.666    -1.705    -1.745    -1.784    -1.823    -1.862    -1.901    -1.940
    -1.980    -2.020    -2.061    -2.102    -2.143    -2.184    -2.226    -2.267
    -2.308    -2.349    -2.390    -2.430    -2.470    -2.509    -2.548    -2.585
    -2.621    -2.656    -2.689    -2.721    -2.752    -2.782    -2.811    -2.838
    -2.865    -2.892    -2.918    -2.944    -2.970    -2.996    -3.022    -3.050
    -3.078    -3.107    -3.136    -3.167    -3.198    -3.230    -3.262    -3.295
    -3.329    -3.362    -3.396    -3.430    -3.464    -3.497    -3.530    -3.562
    -3.593    -3.624    -3.653    -3.682    -3.709    -3.735    -3.760    -3.785
    -3.808    -3.830    -3.852    -3.872    -3.892    -3.911    -3.928    -3.944
    -3.960    -3.974    -3.987    -3.999    -4.009    -4.019    -4.027    -4.035
    -4.041    -4.046    -4.050    -4.053    -4.055    -4.056    -4.056    -4.056
    -4.054    -4.051    -4.048    -4.044    -4.038    -4.032    -4.025    -4.017
    -4.008    -3.999    -3.988    -3.976    -3.964    -3.951    -3.937    -3.923
    -3.908    -3.892    -3.875    -3.858    -3.839    -3.819    -3.798    -3.775
    -3.752    -3.727    -3.701    -3.674    -3.647    -3.618    -3.589    -3.559
    -3.530    -3.500    -3.470    -3.440    -3.411    -3.382    -3.355    -3.328
    -3.303    -3.279    -3.257    -3.235    -3.215    -3.196    -3.177    -3.159
    -3.141    -3.122    -3.104    -3.086    -3.067    -3.049    -3.031    -3.013
    -2.994    -2.976    -2.956    -2.937    -2.916    -2.895    -2.874    -2.852
    -2.829    -2.807    -2.784    -2.762    -2.740    -2.718    -2.698    -2.677
    -2.657    -2.638    -2.618    -2.598    -2.577    -2.557    -2.536    -2.516
    -2.495    -2.474    -2.453    -2.431    -2.409    -2.386    -2.364    -2.342
    -2.319    -2.297    -2.275    -2.253    -2.231    -2.210    -2.187    -2.164
    -2.141    -2.116    -2.090    -2.063    -2.035    -2.005    -1.974    -1.942
    -1.908    -1.874    -1.838    -1.801    -1.762    -1.723    -1.682    -1.640
    -1.598    -1.556    -1.513    -1.470    -1.427    -1.385    -1.344    -1.303
    -1.264    -1.225    -1.188    -1.152    -1.117    -1.083    -1.050    -1.018
     -.988     -.958     -.929     -.902     -.875     -.849     -.824     -.799
     -.774     -.749     -.724     -.699     -.673     -.647     -.620     -.592
     -.563     -.533     -.503     -.472     -.440     -.407     -.375     -.342
     -.309     -.277     -.244     -.213     -.182     -.152     -.122     -.092
     -.063     -.034     -.006      .023      .051      .079      .108      .135
      .162      .189      .215      .241      .266      .290      .314      .337
      .359      .381      .402      .422      .442      .463      .483      .503
      .524      .545      .567      .590      .613      .637      .662      .688
      .714      .741      .769      .798      .826      .856      .886      .916
      .947      .978     1.008     1.040     1.071     1.101     1.132     1.162
     1.192     1.221     1.250     1.278     1.305     1.331     1.356     1.380
     1.403     1.425     1.446     1.465     1.483     1.499     1.514     1.528
     1.539     1.549     1.558     1.565     1.570     1.574     1.576     1.577
     1.577     1.576     1.574     1.572     1.569     1.566     1.563     1.559
     1.556     1.551     1.547     1.542     1.536     1.531     1.525     1.518
     1.511     1.504     1.496     1.488     1.479     1.470     1.460     1.450
     1.440     1.430     1.421     1.412     1.405     1.398     1.392     1.388
     1.384     1.380     1.378     1.375     1.373     1.372     1.369     1.367
     1.365     1.363     1.360     1.358     1.355     1.353     1.350     1.348
     1.346     1.344     1.344     1.344     1.344     1.346     1.349     1.353
     1.357     1.363     1.370     1.378     1.387     1.396     1.407     1.418
     1.429     1.442     1.454     1.466     1.478     1.490     1.500     1.510
     1.518     1.525     1.531     1.535     1.537     1.539     1.539     1.539
     1.537     1.534     1.530     1.525     1.519     1.512     1.504     1.495
     1.486     1.475     1.465     1.454     1.442     1.430     1.418     1.406
     1.393     1.379     1.365     1.350     1.334     1.318     1.301     1.283
     1.266     1.247     1.229     1.210     1.191     1.172     1.152     1.132
     1.110     1.089     1.066     1.043     1.020      .995      .970      .945
      .919      .893      .866      .840      .813      .787      .762      .736
      .712      .688      .664      .642      .620      .599      .579      .559
      .540      .522      .504      .486      .469      .452      .435      .419
      .403      .388      .373      .358      .344      .331      .318      .306
      .294      .282      .272      .262      .252      .244      .236      .228
      .222      .216      .210      .206      .202      .199      .196      .194
      .192      .192      .192      .192      .192      .192      .192      .192
      .191      .189      .187      .183      .179      .173      .166      .158
      .148      .138      .126      .113      .100      .086      .072      .057
      .043      .028      .014     -.001     -.014     -.028     -.041     -.054
     -.066     -.077     -.088     -.098     -.108     -.116     -.124     -.131
     -.137     -.143     -.148     -.152     -.155     -.158     -.160     -.161
     -.161     -.160     -.158     -.155     -.152     -.147     -.142     -.135
     -.128     -.120     -.111     -.102     -.091     -.080     -.068     -.055
     -.040     -.025     -.010      .007      .023      .040      .057      .074
      .090      .106      .122      .137      .150      .163      .176      .187
      .198      .207      .216      .224      .230      .236      .242      .247
      .251      .255      .259      .264      .268      .274      .280      .286
      .293      .301      .309      .317      .326      .336      .346      .357
      .369      .382      .395      .410      .424      .440      .456      .473
      .490      .507      .524      .542      .560      .578      .596      .615
      .633      .651      .669      .687      .704      .721      .738      .755
      .770      .786      .801      .815      .828      .841      .853      .864
      .874      .883      .892      .899      .905      .911      .916      .919
      .922      .924      .925      .924      .922      .918      .913      .907
      .899      .891      .881      .870      .858      .845      .831      .816
      .800      .783      .765      .746      .727      .706      .685      .663
      .640      .616      .592      .566      .540      .513      .486      .459
      .432      .405      .378      .351      .324      .298      .271      .245
      .219      .192      .165      .137      .109      .081      .053      .024
     -.004     -.032     -.060     -.087     -.114     -.141     -.167     -.194
     -.220     -.247     -.274     -.301     -.328     -.356     -.384     -.412
     -.441     -.470     -.500     -.530     -.561     -.594     -.627     -.661
     -.696     -.731     -.767     -.803     -.840     -.876     -.912     -.948
     -.983    -1.017    -1.050    -1.082    -1.113    -1.143    -1.172    -1.201
    -1.228    -1.255    -1.282    -1.308    -1.334    -1.359    -1.383    -1.407
    -1.431    -1.453    -1.474    -1.495    -1.514    -1.532    -1.549    -1.566
    -1.581    -1.594    -1.607    -1.619    -1.629    -1.639    -1.647    -1.654
    -1.661    -1.666    -1.670    -1.672    -1.674    -1.674    -1.673    -1.670
    -1.666    -1.661    -1.655    -1.648    -1.639    -1.630    -1.619    -1.608
    -1.597    -1.584    -1.571    -1.559    -1.546    -1.533    -1.519    -1.506
    -1.493    -1.479    -1.465    -1.452    -1.437    -1.423    -1.408    -1.394
    -1.379    -1.363    -1.348    -1.332    -1.317    -1.301    -1.287    -1.272
    -1.258    -1.245    -1.232    -1.220    -1.209    -1.198    -1.187    -1.177
    -1.167    -1.158    -1.149    -1.141    -1.134    -1.127    -1.121    -1.116
    -1.111    -1.106    -1.102    -1.097    -1.093    -1.088    -1.084    -1.081
    -1.077    -1.074    -1.071    -1.068    -1.064    -1.061    -1.057    -1.053
    -1.048    -1.042    -1.036    -1.029    -1.021    -1.013    -1.005     -.997
     -.988     -.980     -.971     -.963     -.954     -.946     -.938     -.930
     -.921     -.913     -.903     -.894     -.883     -.872     -.860     -.848
     -.834     -.819     -.803     -.786     -.768     -.748     -.728     -.706
     -.683     -.658     -.633     -.607     -.580     -.553     -.524     -.495
     -.465     -.435     -.404     -.374     -.344     -.314     -.285     -.256
     -.228     -.200     -.173     -.146     -.120     -.095     -.071     -.048
     -.026     -.005      .015      .034      .051      .068      .083      .098
      .111      .124      .135      .145      .154      .162      .169      .175
      .179      .183      .185      .187      .187      .186      .185      .182
      .178      .174      .169      .164      .158      .153      .147      .140
      .134      .128      .122      .116      .110      .105      .099      .094
      .089      .085      .082      .078      .076      .074      .073      .072
      .072      .073      .074      .076      .079      .082      .086      .091
      .097      .103      .111      .120      .130      .142      .155      .169
      .185      .201      .219      .237      .256      .275      .295      .315
      .336      .356      .378      .399      .421      .443      .465      .487
      .509      .531      .554      .576      .599      .621      .643      .665
      .687      .709      .730      .751      .772      .793      .813      .833
      .853      .872      .891      .911      .930      .948      .967      .985
     1.003     1.021     1.038     1.055     1.071     1.087     1.103     1.118
     1.133     1.147     1.161     1.173     1.186     1.198     1.209     1.220
     1.231     1.242     1.253     1.263     1.274     1.285     1.295     1.305
     1.315     1.325     1.335     1.345     1.355     1.364     1.374     1.383
     1.393     1.402     1.410     1.419     1.426     1.433     1.439     1.445
     1.449     1.451     1.452     1.452     1.450     1.446     1.440     1.432
     1.423     1.412     1.400     1.386     1.371     1.355     1.337     1.319
     1.301     1.282     1.263     1.243     1.224     1.205     1.186     1.168
     1.150     1.132     1.115     1.099     1.083     1.068     1.053     1.038
     1.024     1.009      .995      .982      .968      .955      .942      .929
      .916      .904      .892      .880      .868      .855      .842      .829
      .815      .801      .787      .772      .756      .740      .723      .706
      .687      .668      .648      .628      .607      .586      .564      .543
      .521      .498      .476      .453      .431      .408      .385      .362
      .340      .318      .296      .275      .253      .233      .212      .192
      .172      .153      .134      .115      .096      .078      .060      .043
      .026      .009     -.007     -.023     -.038     -.053     -.067     -.081
     -.094     -.107     -.119     -.130     -.141     -.152     -.162     -.171
     -.181     -.189     -.198     -.205     -.213     -.220     -.226     -.232
     -.237     -.243     -.247     -.252     -.256     -.260     -.264     -.267
     -.270     -.273     -.276     -.278     -.280     -.281     -.282     -.284
     -.285     -.286     -.288     -.290     -.292     -.294     -.297     -.300
     -.303     -.306     -.309     -.313     -.317     -.321     -.324     -.328
     -.332     -.336     -.339     -.342     -.345     -.348     -.350     -.352
     -.354     -.355     -.356     -.356     -.356     -.355     -.353     -.352
     -.349     -.347     -.344     -.340     -.337     -.334     -.330     -.326
     -.323     -.319     -.314     -.310     -.305     -.300     -.294     -.287
     -.280     -.273     -.264     -.255     -.245     -.234     -.223     -.211
     -.198     -.185     -.172     -.158     -.144     -.129     -.115     -.101
     -.086     -.073     -.059     -.046     -.033     -.020     -.007      .005
      .017      .028      .039      .050      .060      .070      .080      .089
      .097      .106      .114      .122      .129      .136      .144      .151
      .158      .165      .172      .179      .186      .193      .200      .207
      .215      .222      .229      .236      .242      .248      .254      .259
      .263      .267      .271      .274      .276      .278      .279      .280
      .280      .280      .279      .279      .278      .278      .278      .277
      .277      .277      .278      .278      .279      .280      .282      .284
      .287      .290      .293      .297      .300      .304      .308      .312
      .316      .319      .323      .326      .330      .333      .336      .339
      .341      .344      .347      .350      .352      .355      .358      .361
      .364      .367      .369      .372      .374      .376      .379      .380
      .382      .383      .383      .383      .383      .381      .379      .376
      .373      .368      .363      .357      .351      .343      .336      .327
      .318      .309      .299      .289      .279      .268      .257      .246
      .235      .223      .212      .200      .189      .177      .166      .154
      .143      .131      .119      .108      .096      .084      .072      .061
      .050      .039      .028      .018      .007     -.003     -.013     -.023
     -.033     -.043     -.053     -.064     -.075     -.085     -.097     -.108
     -.119     -.131     -.142     -.154     -.166     -.178     -.190     -.201
     -.213     -.225     -.237     -.248     -.260     -.272     -.283     -.295
     -.308     -.320     -.333     -.346     -.359     -.373     -.388     -.403
     -.419     -.436     -.453     -.471     -.490     -.510     -.531     -.552
     -.574     -.597     -.621     -.645     -.670     -.696     -.723     -.751
     -.780     -.809     -.840     -.871     -.904     -.937     -.970    -1.004
    -1.039    -1.074    -1.109    -1.144    -1.179    -1.214    -1.250    -1.284
    -1.319    -1.354    -1.388    -1.422    -1.456    -1.490    -1.523    -1.556
    -1.588    -1.619    -1.650    -1.681    -1.711    -1.740    -1.770    -1.799
    -1.828    -1.857    -1.886    -1.915    -1.944    -1.972    -2.001    -2.029
    -2.058    -2.086    -2.113    -2.140    -2.167    -2.193    -2.217    -2.241
    -2.264    -2.285    -2.305    -2.324    -2.341    -2.356    -2.370    -2.382
    -2.393    -2.402    -2.409    -2.415    -2.420    -2.422    -2.423    -2.422
    -2.421    -2.417    -2.412    -2.406    -2.399    -2.391    -2.381    -2.371
    -2.359    -2.345    -2.331    -2.316    -2.299    -2.280    -2.261    -2.240
    -2.219    -2.196    -2.172    -2.147    -2.121    -2.093    -2.065    -2.035
    -2.004    -1.972    -1.939    -1.904    -1.868    -1.831    -1.793    -1.754
    -1.714    -1.673    -1.632    -1.590    -1.548    -1.505    -1.462    -1.418
    -1.375    -1.330    -1.285    -1.240    -1.195    -1.150    -1.105    -1.059
    -1.014     -.969     -.924     -.879     -.834     -.788     -.743     -.697
     -.651     -.606     -.560     -.514     -.468     -.421     -.375     -.330
     -.284     -.238     -.193     -.148     -.104     -.060     -.016      .028
      .070      .113      .154      .196      .236      .276      .316      .354
      .392      .430      .466      .502      .538      .573      .608      .642
      .677      .711      .745      .778      .812      .846      .880      .914
      .947      .981     1.015     1.049     1.082     1.116     1.149     1.182
     1.214     1.246     1.278     1.309     1.339     1.369     1.399     1.427
     1.455     1.483     1.510     1.536     1.561     1.587     1.611     1.635
     1.659     1.681     1.704     1.726     1.747     1.767     1.787     1.807
     1.826     1.844     1.861     1.878     1.894     1.910     1.925     1.939
     1.952     1.964     1.977     1.988     1.999     2.009     2.019     2.027
     2.036     2.043     2.050     2.056     2.061     2.066     2.069     2.072
     2.073     2.074     2.074     2.073     2.071     2.068     2.064     2.060
     2.055     2.050     2.044     2.037     2.030     2.022     2.013     2.004
     1.993     1.982     1.970     1.958     1.944     1.931     1.916     1.901
     1.886     1.870     1.854     1.837     1.820     1.802     1.784     1.765
     1.746     1.727     1.707     1.687     1.667     1.646     1.626     1.605
     1.584     1.562     1.540     1.517     1.495     1.472     1.449     1.425
     1.402     1.379     1.355     1.332     1.308     1.285     1.261     1.238
     1.215     1.193     1.171     1.149     1.128     1.108     1.089     1.070
     1.052     1.034     1.018     1.001      .985      .970      .955      .939
      .924      .909      .894      .878      .861      .845      .828      .811
      .793      .776      .759      .742      .725      .709      .692      .676
      .661      .645      .629      .613      .596      .579      .562      .543
      .524      .504      .484      .463      .442      .420      .398      .375
      .352      .328      .304      .280      .256      .232      .209      .185
      .162      .139      .117      .095      .073      .051      .030      .009
     -.012     -.033     -.054     -.075     -.096     -.117     -.139     -.161
     -.184     -.207     -.230     -.253     -.277     -.301     -.325     -.349
     -.372     -.395     -.418     -.440     -.461     -.482     -.502     -.521
     -.539     -.556     -.572     -.588     -.603     -.617     -.631     -.644
     -.657     -.670     -.683     -.695     -.706     -.718     -.729     -.740
     -.750     -.760     -.769     -.778     -.786     -.794     -.801     -.807
     -.813     -.818     -.823     -.828     -.832     -.836     -.839     -.843
     -.846     -.849     -.851     -.854     -.855     -.857     -.859     -.860
     -.860     -.861     -.860     -.860     -.859     -.857     -.855     -.853
     -.851     -.848     -.846     -.843     -.840     -.837     -.834     -.831
     -.828     -.825     -.822     -.819     -.816     -.814     -.812     -.810
     -.809     -.808     -.808     -.808     -.808     -.810     -.812     -.814
     -.817     -.821     -.825     -.830     -.835     -.841     -.847     -.853
     -.859     -.865     -.872     -.878     -.885     -.891     -.897     -.903
     -.910     -.916     -.922     -.928     -.933     -.938     -.943     -.948
     -.952     -.956     -.960     -.962     -.964     -.965     -.964     -.963
     -.961     -.958     -.953     -.948     -.941     -.932     -.923     -.911
     -.899     -.885     -.870     -.854     -.838     -.820     -.802     -.784
     -.764     -.743     -.721     -.698     -.674     -.649     -.623     -.597
     -.571     -.545     -.520     -.495     -.470     -.445     -.420     -.396
     -.373     -.350     -.328     -.307     -.286     -.266     -.246     -.228
     -.210     -.193     -.177     -.162     -.146     -.131     -.117     -.103
     -.089     -.076     -.063     -.051     -.039     -.027     -.015     -.004
      .008      .019      .031      .042      .054      .065      .076      .086
      .097      .107      .117      .126      .136      .146      .155      .165
      .176      .186      .196      .207      .219      .230      .241      .252
      .264      .275      .286      .297      .309      .320      .332      .343
      .354      .364      .374      .384      .394      .404      .414      .423
      .433      .442      .451      .461      .470      .479      .488      .498
      .507      .515      .523      .531      .537      .543      .549      .553
      .556      .559      .561      .563      .563      .563      .562      .560
      .557      .554      .550      .546      .541      .536      .531      .526
      .520      .515      .510      .505      .501      .497      .494      .491
      .488      .486      .485      .483      .482      .482      .482      .482
      .484      .485      .487      .490      .493      .496      .501      .505
      .511      .517      .524      .531      .539      .548      .557      .567
      .578      .590      .601      .613      .626      .638      .651      .663
      .675      .688      .700      .711      .723      .734      .746      .756
      .767      .777      .787      .797      .806      .814      .822      .830
      .836      .842      .848      .852      .856      .859      .862      .864
      .866      .867      .868      .869      .869      .869      .870      .871
      .872      .873      .875      .877      .880      .883      .887      .891
      .896      .900      .905      .911      .916      .921      .927      .932
      .936      .940      .943      .946      .947      .948      .949      .949
      .949      .949      .950      .951      .953      .955      .957      .959
      .961      .963      .965      .967      .970      .974      .979      .984
      .989      .993      .996      .998      .999      .999      .998      .997
      .994      .990      .986      .981      .975      .968      .960      .951
      .941      .931      .920      .909      .898      .885      .872      .858
      .843      .826      .808      .789      .769      .749      .727      .705
      .682      .659      .636      .612      .588      .564      .540      .515
      .491      .466      .440      .415      .391      .366      .342      .319
      .297      .274      .252      .230      .207      .184      .161      .137
      .112      .086      .060      .033      .007     -.019     -.044     -.069
     -.094     -.118     -.142     -.166     -.189     -.213     -.236     -.260
     -.283     -.305     -.327     -.348     -.368     -.387     -.406     -.426
     -.445     -.465     -.485     -.505     -.525     -.545     -.566     -.586
     -.607     -.627     -.648     -.668     -.688     -.709     -.728     -.748
     -.767     -.786     -.805     -.823     -.840     -.858     -.875     -.891
     -.908     -.924     -.941     -.958     -.975     -.993    -1.011    -1.030
    -1.049    -1.068    -1.087    -1.107    -1.127    -1.147    -1.168    -1.189
    -1.210    -1.231    -1.252    -1.273    -1.294    -1.315    -1.335    -1.355
    -1.375    -1.395    -1.415    -1.434    -1.454    -1.473    -1.493    -1.512
    -1.531    -1.550    -1.569    -1.588    -1.607    -1.625    -1.643    -1.659
    -1.675    -1.689    -1.703    -1.715    -1.725    -1.735    -1.744    -1.751
    -1.757    -1.761    -1.764    -1.766    -1.767    -1.767    -1.766    -1.764
    -1.762    -1.759    -1.756    -1.752    -1.748    -1.743    -1.737    -1.731
    -1.724    -1.717    -1.710    -1.702    -1.694    -1.686    -1.677    -1.668
    -1.659    -1.650    -1.640    -1.630    -1.619    -1.608    -1.597    -1.585
    -1.574    -1.563    -1.552    -1.542    -1.531    -1.521    -1.512    -1.502
    -1.493    -1.484    -1.474    -1.465    -1.456    -1.446    -1.437    -1.427
    -1.417    -1.407    -1.397    -1.387    -1.377    -1.367    -1.357    -1.346
    -1.336    -1.324    -1.314    -1.303    -1.293    -1.283    -1.274    -1.265
    -1.257    -1.250    -1.244    -1.238    -1.232    -1.227    -1.223    -1.219
    -1.216    -1.213    -1.211    -1.208    -1.206    -1.203    -1.200    -1.197
    -1.193    -1.189    -1.185    -1.180    -1.175    -1.169    -1.162    -1.155
    -1.147    -1.139    -1.130    -1.120    -1.109    -1.098    -1.086    -1.073
    -1.060    -1.046    -1.032    -1.016    -1.000     -.984     -.966     -.947
     -.928     -.908     -.887     -.866     -.844     -.822     -.799     -.776
     -.752     -.727     -.702     -.676     -.649     -.622     -.594     -.566
     -.539     -.511     -.483     -.455     -.427     -.399     -.370     -.342
     -.313     -.284     -.255     -.225     -.196     -.166     -.136     -.106
     -.076     -.047     -.017      .012      .042      .071      .100      .129
      .158      .186      .214      .241      .267      .292      .316      .340
      .362      .384      .405      .425      .445      .464      .482      .500
      .516      .532      .547      .561      .574      .587      .598      .609
      .619      .627      .635      .642      .648      .653      .657      .661
      .664      .666      .668      .670      .671      .672      .673      .674
      .675      .675      .675      .675      .675      .674      .674      .673
      .672      .671      .669      .667      .665      .663      .660      .656
      .653      .649      .645      .642      .638      .635      .631      .628
      .625      .623      .621      .619      .618      .617      .617      .617
      .617      .618      .620      .622      .624      .626      .629      .632
      .636      .640      .644      .648      .653      .659      .665      .672
      .679      .688      .697      .708      .719      .732      .745      .759
      .774      .790      .807      .824      .842      .861      .880      .899
      .919      .938      .958      .978      .997     1.016     1.035     1.054
     1.072     1.090     1.107     1.123     1.139     1.154     1.168     1.181
     1.194     1.207     1.219     1.231     1.243     1.254     1.265     1.276
     1.286     1.295     1.304     1.313     1.321     1.328     1.334     1.340
     1.344     1.349     1.352     1.354     1.355     1.356     1.355     1.353
     1.351     1.348     1.345     1.341     1.337     1.332     1.328     1.323
     1.319     1.314     1.310     1.305     1.300     1.295     1.289     1.284
     1.279     1.273     1.268     1.262     1.257     1.251     1.245     1.239
     1.232     1.226     1.219     1.213     1.206     1.199     1.193     1.186
     1.180     1.173     1.167     1.161     1.156     1.150     1.144     1.139
     1.133     1.128     1.122     1.116     1.110     1.104     1.098     1.091
     1.084     1.077     1.069     1.061     1.052     1.043     1.034     1.024
     1.015     1.005      .995      .985      .975      .966      .956      .946
      .936      .927      .918      .909      .900      .892      .883      .874
      .866      .858      .850      .842      .835      .828      .821      .815
      .808      .803      .797      .792      .788      .784      .781      .778
      .776      .774      .773      .771      .770      .769      .768      .767
      .766      .765      .765      .764      .764      .763      .763      .762
      .762      .761      .761      .761      .760      .760      .759      .759
      .758      .757      .755      .754      .751      .749      .745      .741
      .736      .730      .723      .716      .707      .698      .688      .677
      .665      .652      .638      .624      .609      .594      .578      .562
      .545      .528      .511      .493      .474      .455      .436      .417
      .397      .377      .356      .335      .314      .293      .272      .251
      .230      .209      .189      .170      .150      .132      .114      .097
      .082      .067      .053      .040      .027      .016      .005     -.005
     -.014     -.023     -.031     -.039     -.046     -.052     -.059     -.065
     -.071     -.077     -.083     -.089     -.095     -.100     -.105     -.110
     -.115     -.120     -.124     -.128     -.132     -.135     -.139     -.142
     -.145     -.148     -.151     -.154     -.157     -.161     -.164     -.168
     -.172     -.177     -.182     -.187     -.193     -.200     -.207     -.214
     -.222     -.230     -.239     -.248     -.257     -.267     -.277     -.287
     -.297     -.307     -.318     -.328     -.338     -.348     -.358     -.367
     -.377     -.387     -.397     -.407     -.418     -.429     -.440     -.451
     -.462     -.473     -.484     -.495     -.507     -.518     -.529     -.540
     -.551     -.562     -.573     -.583     -.594     -.604     -.615     -.626
     -.637     -.648     -.659     -.671     -.683     -.696     -.709     -.723
     -.737     -.751     -.766     -.782     -.798     -.814     -.831     -.848
     -.866     -.884     -.902     -.920     -.939     -.958     -.977     -.996
    -1.014    -1.033    -1.052    -1.070    -1.089    -1.107    -1.125    -1.142
    -1.159    -1.176    -1.192    -1.208    -1.224    -1.238    -1.253    -1.267
    -1.281    -1.294    -1.307    -1.320    -1.332    -1.345    -1.357    -1.368
    -1.380    -1.391    -1.401    -1.411    -1.421    -1.430    -1.439    -1.447
    -1.455    -1.462    -1.469    -1.476    -1.482    -1.487    -1.492    -1.497
    -1.502    -1.505    -1.509    -1.512    -1.515    -1.517    -1.518    -1.520
    -1.521    -1.521    -1.521    -1.522    -1.522    -1.522    -1.522    -1.522
    -1.522    -1.522    -1.521    -1.521    -1.521    -1.521    -1.521    -1.521
    -1.521    -1.521    -1.521    -1.521    -1.521    -1.521    -1.521    -1.520
    -1.520    -1.519    -1.517    -1.515    -1.513    -1.510    -1.507    -1.504
    -1.499    -1.495    -1.489    -1.484    -1.477    -1.470    -1.462    -1.454
    -1.446    -1.436    -1.426    -1.415    -1.403    -1.390    -1.377    -1.363
    -1.348    -1.332    -1.316    -1.299    -1.282    -1.265    -1.247    -1.228
    -1.209    -1.190    -1.170    -1.150    -1.129    -1.108    -1.087    -1.065
    -1.043    -1.021     -.999     -.976     -.954     -.931     -.909     -.886
     -.864     -.842     -.819     -.797     -.775     -.753     -.732     -.710
     -.689     -.668     -.646     -.625     -.604     -.583     -.562     -.541
     -.520     -.499     -.478     -.458     -.437     -.416     -.396     -.375
     -.354     -.333     -.313     -.292     -.271     -.250     -.228     -.206
     -.185     -.163     -.141     -.118     -.096     -.074     -.052     -.030
     -.008      .014      .036      .057      .079      .101      .122      .143
      .165      .185      .206      .227      .248      .268      .288      .308
      .328      .348      .368      .388      .408      .428      .447      .466
      .485      .504      .522      .541      .558      .576      .593      .609
      .626      .642      .658      .673      .688      .703      .718      .733
      .747      .762      .776      .791      .806      .821      .835      .849
      .863      .877      .890      .903      .916      .928      .940      .952
      .964      .977      .990     1.004     1.019     1.034     1.049     1.065
     1.081     1.097     1.114     1.130     1.147     1.164     1.180     1.197
     1.214     1.231     1.249     1.266     1.284     1.302     1.320     1.338
     1.356     1.375     1.393     1.412     1.431     1.450     1.469     1.488
     1.507     1.526     1.546     1.564     1.583     1.601     1.619     1.637
     1.655     1.672     1.689     1.706     1.722     1.737     1.752     1.766
     1.780     1.793     1.805     1.816     1.825     1.834     1.842     1.849
     1.855     1.860     1.863     1.866     1.868     1.869     1.869     1.869
     1.867     1.864     1.861     1.857     1.852     1.846     1.839     1.832
     1.823     1.814     1.803     1.792     1.780     1.767     1.753     1.739
     1.724     1.709     1.692     1.676     1.659     1.641     1.623     1.604
     1.584     1.564     1.544     1.523     1.501     1.479     1.456     1.432
     1.408     1.384     1.359     1.334     1.308     1.282     1.255     1.228
     1.201     1.173     1.145     1.117     1.088     1.059     1.030     1.000
      .970      .939      .908      .876      .845      .812      .780      .747
      .714      .680      .646      .611      .576      .541      .506      .470
      .434      .397      .361      .325      .288      .252      .216      .180
      .145      .109      .074      .040      .005     -.029     -.062     -.095
     -.128     -.161     -.194     -.226     -.257     -.288     -.319     -.348
     -.378     -.407     -.436     -.464     -.491     -.518     -.545     -.570
     -.595     -.620     -.643     -.666     -.689     -.711     -.732     -.752
     -.773     -.792     -.811     -.830     -.847     -.865     -.882     -.898
     -.914     -.930     -.945     -.960     -.974     -.988    -1.002    -1.015
    -1.029    -1.043    -1.057    -1.071    -1.084    -1.098    -1.111    -1.125
    -1.138    -1.152    -1.165    -1.179    -1.192    -1.205    -1.218    -1.232
    -1.245    -1.258    -1.270    -1.283    -1.296    -1.308    -1.320    -1.332
    -1.343    -1.354    -1.364    -1.374    -1.383    -1.391    -1.399    -1.407
    -1.413    -1.420    -1.425    -1.430    -1.435    -1.439    -1.443    -1.446
    -1.449    -1.452    -1.454    -1.455    -1.457    -1.458    -1.458    -1.458
    -1.458    -1.457    -1.455    -1.453    -1.451    -1.448    -1.444    -1.441
    -1.436    -1.432    -1.427    -1.422    -1.416    -1.410    -1.404    -1.398
    -1.391    -1.384    -1.377    -1.369    -1.360    -1.351    -1.341    -1.331
    -1.319    -1.307    -1.294    -1.279    -1.264    -1.248    -1.230    -1.212
    -1.192    -1.172    -1.151    -1.128    -1.105    -1.082    -1.058    -1.033
    -1.008     -.983     -.958     -.932     -.906     -.880     -.854     -.827
     -.801     -.775     -.748     -.722     -.695     -.669     -.643     -.616
     -.590     -.563     -.536     -.510     -.483     -.456     -.429     -.401
     -.374     -.347     -.321     -.294     -.268     -.242     -.216     -.192
     -.168     -.144     -.121     -.099     -.078     -.057     -.037     -.018
      .001      .018      .035      .052      .067      .082      .097      .110
      .123      .135      .146      .156      .166      .175      .183      .191
      .198      .205      .211      .217      .222      .227      .231      .236
      .240      .244      .247      .250      .254      .257      .259      .262
      .265      .267      .270      .272      .274      .277      .279      .282
      .285      .287      .289      .291      .293      .295      .297      .298
      .299      .300      .301      .301      .301      .301      .300      .299
      .298      .297      .295      .293      .291      .289      .287      .285
      .282      .280      .277      .275      .272      .270      .267      .264
      .262