.009     -.001     -.012     -.022     -.033     -.044     -.055     -.067
     -.078     -.089     -.099     -.110     -.121     -.131     -.142     -.153
     -.164     -.175     -.186     -.198     -.209     -.221     -.232     -.243
     -.254     -.265     -.275     -.286     -.296     -.307     -.317     -.328
     -.338     -.348     -.358     -.368     -.378     -.388     -.398     -.408
     -.417     -.426     -.436     -.445     -.454     -.464     -.473     -.483
     -.492     -.502     -.511     -.520     -.530     -.540     -.550     -.561
     -.572     -.582     -.592     -.602     -.612     -.621     -.630     -.639
     -.648     -.657     -.667     -.677     -.686     -.696     -.705     -.715
     -.724     -.732     -.741     -.749     -.758     -.766     -.775     -.783
     -.791     -.799     -.808     -.815     -.823     -.830     -.837     -.844
     -.850     -.857     -.863     -.870     -.877     -.883     -.890     -.896
     -.902     -.908     -.914     -.919     -.925     -.931     -.936     -.942
     -.949     -.955     -.961     -.968     -.975     -.981     -.987     -.993
     -.998    -1.004    -1.010    -1.016    -1.022    -1.028    -1.034    -1.039
    -1.043    -1.047    -1.051    -1.054    -1.057    -1.060    -1.063    -1.066
    -1.070    -1.074    -1.078    -1.081    -1.084    -1.086    -1.088    -1.089
    -1.090    -1.092    -1.093    -1.095    -1.097    -1.099    -1.101    -1.103
    -1.104    -1.105    -1.106    -1.106    -1.105    -1.105    -1.104    -1.103
    -1.102    -1.101    -1.100    -1.099    -1.097    -1.096    -1.095    -1.093
    -1.092    -1.091    -1.090    -1.089    -1.088    -1.086    -1.083    -1.080
    -1.077    -1.073    -1.069    -1.066    -1.063    -1.061    -1.059    -1.058
    -1.057    -1.056    -1.055    -1.053    -1.051    -1.047    -1.044    -1.040
    -1.036    -1.033    -1.030    -1.028    -1.025    -1.022    -1.019    -1.015
    -1.010    -1.005     -.999     -.992     -.985     -.978     -.971     -.964
     -.957     -.951     -.943     -.936     -.928     -.920     -.911     -.902
     -.892     -.883     -.873     -.863     -.852     -.841     -.829     -.816
     -.803     -.790     -.777     -.764     -.751     -.739     -.727     -.715
     -.703     -.690     -.678     -.665     -.652     -.640     -.629     -.621
     -.613     -.608     -.603     -.599     -.596     -.592     -.588     -.583
     -.577     -.571     -.565     -.559     -.554     -.549     -.545     -.540
     -.535     -.527     -.518     -.507     -.492     -.475     -.456     -.434
     -.411     -.387     -.362     -.336     -.309     -.280     -.250     -.217
     -.183     -.147     -.110     -.072     -.034      .004      .041      .077
      .112      .146      .179      .211      .243      .273      .301      .328
      .352      .375      .395      .414      .431      .447      .461      .474
      .484      .493      .502      .509      .515      .522      .529      .535
      .543      .552      .563      .575      .590      .606      .625      .645
      .667      .691      .718      .747      .778      .812      .849      .888
      .930      .974     1.020     1.068     1.118     1.168     1.219     1.269
     1.319     1.369     1.418     1.466     1.514     1.561     1.605     1.648
     1.688     1.725     1.759     1.791     1.821     1.849     1.875     1.901
     1.926     1.952     1.977     2.002     2.027     2.050     2.073     2.096
     2.119     2.143     2.169     2.198     2.229     2.263     2.300     2.339
     2.381     2.423     2.466     2.510     2.556     2.602     2.649     2.698
     2.748     2.799     2.851     2.904     2.956     3.007     3.055     3.099
     3.140     3.177     3.211     3.243     3.272     3.299     3.324     3.348
     3.371     3.392     3.412     3.430     3.445     3.457     3.467     3.477
     3.487     3.499     3.512     3.527     3.545     3.565     3.589     3.616
     3.646     3.679     3.715     3.754     3.795     3.840     3.887     3.937
     3.989     4.043     4.097     4.152     4.207     4.260     4.312     4.362
     4.411     4.459     4.508     4.555     4.601     4.645     4.688     4.727
     4.763     4.796     4.825     4.853     4.878     4.902     4.925     4.947
     4.968     4.987     5.004     5.020     5.032     5.043     5.052     5.061
     5.070     5.080     5.091     5.103     5.117     5.133     5.150     5.167
     5.183     5.199     5.214     5.231     5.248     5.267     5.288     5.312
     5.339     5.367     5.394     5.420     5.444     5.464     5.481     5.494
     5.503     5.508     5.509     5.507     5.501     5.491     5.479     5.465
     5.450     5.433     5.417     5.400     5.382     5.364     5.343     5.322
     5.301     5.281     5.262     5.244     5.227     5.212     5.198     5.185
     5.173     5.162     5.150     5.135     5.117     5.094     5.065     5.031
     4.992     4.949     4.903     4.854     4.804     4.753     4.701     4.648
     4.595     4.542     4.490     4.439     4.392     4.349     4.308     4.269
     4.232     4.195     4.158     4.120     4.079     4.032     3.978     3.916
     3.845     3.763     3.671     3.569     3.457     3.333     3.198     3.052
     2.892     2.720     2.536     2.340     2.134     1.920     1.700     1.476
     1.250     1.024      .801      .582      .370      .165     -.031     -.219
     -.399     -.571     -.736     -.893    -1.044    -1.188    -1.325    -1.455
    -1.579    -1.696    -1.805    -1.908    -2.005    -2.095    -2.178    -2.254
    -2.324    -2.386    -2.441    -2.489    -2.528    -2.557    -2.576    -2.586
    -2.589    -2.585    -2.579    -2.572    -2.568    -2.571    -2.584    -2.608
    -2.645    -2.698    -2.767    -2.856    -2.965    -3.096    -3.252    -3.432
    -3.634    -3.858    -4.103    -4.367    -4.651    -4.952    -5.267    -5.596
    -5.936    -6.284    -6.637    -6.992    -7.349    -7.709    -8.073    -8.441
    -8.813    -9.189    -9.567    -9.947   -10.328   -10.709   -11.087   -11.462
   -11.832   -12.197   -12.557   -12.910   -13.255   -13.592   -13.919   -14.232
   -14.531   -14.816   -15.084   -15.338   -15.577   -15.805   -16.024   -16.236
   -16.445   -16.652   -16.858   -17.065   -17.272   -17.478   -17.682   -17.880
   -18.068   -18.244   -18.406   -18.550   -18.674   -18.774   -18.850   -18.900
   -18.922   -18.916   -18.882   -18.821   -18.733   -18.621   -18.484   -18.326
   -18.154   -17.972   -17.787   -17.602   -17.420   -17.240   -17.059   -16.873
   -16.678   -16.471   -16.249   -16.011   -15.754   -15.475   -15.172   -14.848
   -14.504   -14.139   -13.754   -13.347   -12.918   -12.467   -11.993   -11.498
   -10.984   -10.452    -9.904    -9.343    -8.773    -8.197    -7.619    -7.041
    -6.465    -5.896    -5.334    -4.780    -4.237    -3.707    -3.194    -2.700
    -2.227    -1.778    -1.355     -.962     -.603     -.279      .008      .257
      .468      .642      .776      .873      .931      .952      .937      .889
      .811      .706      .576      .423      .249      .056     -.154     -.378
     -.613     -.856    -1.101    -1.346    -1.583    -1.808    -2.016    -2.205
    -2.371    -2.510    -2.621    -2.701    -2.750    -2.773    -2.774    -2.757
    -2.726    -2.686    -2.640    -2.588    -2.533    -2.475    -2.415    -2.355
    -2.293    -2.230    -2.165    -2.096    -2.025    -1.952    -1.879    -1.806
    -1.734    -1.663    -1.593    -1.524    -1.458    -1.393    -1.331    -1.271
    -1.213    -1.155    -1.097    -1.038     -.977     -.912     -.844     -.775
     -.703     -.630     -.554     -.477     -.399     -.323     -.252     -.188
     -.133     -.086     -.047     -.017      .007      .024      .035      .043
      .047      .051      .055      .060      .065      .072      .080      .088
      .097      .105      .113      .122      .132      .145      .162      .187
      .222      .268      .330      .409      .510      .637      .793      .979
     1.195     1.436     1.703     1.992     2.301     2.629     2.972     3.329
     3.696     4.071     4.453     4.841     5.235     5.637     6.047     6.465
     6.893     7.329     7.773     8.225     8.682     9.142     9.600    10.052
    10.492    10.916    11.319    11.697    12.045    12.358    12.634    12.870
    13.064    13.215    13.323    13.390    13.416    13.401    13.344    13.245
    13.103    12.917    12.685    12.410    12.094    11.742    11.358    10.948
    10.517    10.073     9.618     9.158     8.696     8.238     7.788     7.354
     6.940     6.554     6.197     5.872     5.582     5.328     5.111     4.932
     4.794     4.699     4.646     4.636     4.668     4.743     4.857     5.008
     5.194     5.413     5.661     5.936     6.234     6.549     6.877     7.215
     7.558     7.905     8.254     8.604     8.950     9.288     9.611     9.913
    10.188    10.432    10.642    10.816    10.949    11.039    11.083    11.077
    11.018    10.903    10.732    10.506    10.229     9.908     9.547     9.156
     8.743     8.315     7.881     7.444     7.008     6.575     6.148     5.730
     5.320     4.916     4.518     4.129     3.752     3.392     3.051     2.732
     2.441     2.180     1.956     1.770     1.629     1.536     1.495     1.508
     1.573     1.688     1.850     2.057     2.304     2.588     2.902     3.244
     3.609     3.993     4.395     4.811     5.239     5.677     6.127     6.587
     7.060     7.545     8.042     8.551     9.069     9.594    10.122    10.651
    11.178    11.700    12.217    12.724    13.221    13.704    14.171    14.620
    15.047    15.451    15.829    16.179    16.499    16.786    17.038    17.251
    17.423    17.552    17.636    17.675    17.666    17.610    17.503    17.347
    17.140    16.881    16.572    16.211    15.800    15.341    14.837    14.291
    13.708    13.091    12.446    11.777    11.090    10.388     9.677     8.960
     8.242     7.524     6.810     6.101     5.398     4.702     4.015     3.333
     2.659     1.991     1.329      .673      .021     -.626    -1.269    -1.909
    -2.544    -3.173    -3.794    -4.403    -4.995    -5.567    -6.114    -6.633
    -7.122    -7.577    -7.997    -8.378    -8.719    -9.020    -9.281    -9.503
    -9.685    -9.829    -9.936   -10.006   -10.041   -10.044   -10.016    -9.959
    -9.875    -9.768    -9.641    -9.499    -9.346    -9.185    -9.019    -8.851
    -8.683    -8.517    -8.356    -8.202    -8.056    -7.919    -7.793    -7.679
    -7.575    -7.484    -7.404    -7.335    -7.275    -7.224    -7.179    -7.138
    -7.100    -7.063    -7.027    -6.990    -6.952    -6.914    -6.875    -6.838
    -6.804    -6.773    -6.748    -6.730    -6.718    -6.714    -6.717    -6.727
    -6.744    -6.767    -6.794    -6.824    -6.857    -6.890    -6.920    -6.943
    -6.958    -6.963    -6.955    -6.932    -6.887    -6.821    -6.732    -6.624
    -6.501    -6.364    -6.217    -6.061    -5.897    -5.725    -5.546    -5.360
    -5.167    -4.967    -4.760    -4.546    -4.324    -4.093    -3.853    -3.604
    -3.346    -3.079    -2.805    -2.525    -2.239    -1.948    -1.654    -1.357
    -1.060     -.770     -.491     -.225      .027      .260      .471      .657
      .820      .963     1.091     1.210     1.328     1.453     1.593     1.753
     1.939     2.153     2.395     2.659     2.940     3.231     3.527     3.818
     4.100     4.371     4.629     4.876     5.105     5.311     5.489     5.639
     5.761     5.858     5.932     5.987     6.022     6.035     6.028     6.000
     5.953     5.890     5.812     5.724     5.627     5.522     5.410     5.291
     5.167     5.039     4.909     4.777     4.644     4.508     4.368     4.224
     4.076     3.922     3.763     3.597     3.424     3.241     3.048     2.843
     2.628     2.401     2.164     1.917     1.663     1.402     1.137      .868
      .596      .324      .052     -.219     -.488     -.752    -1.013    -1.267
    -1.515    -1.754    -1.986    -2.208    -2.422    -2.628    -2.824    -3.013
    -3.193    -3.366    -3.534    -3.695    -3.852    -4.005    -4.154    -4.300
    -4.444    -4.585    -4.723    -4.858    -4.990    -5.118    -5.241    -5.359
    -5.471    -5.575    -5.670    -5.755    -5.831    -5.895    -5.949    -5.991
    -6.023    -6.044    -6.054    -6.054    -6.042    -6.018    -5.982    -5.935
    -5.877    -5.807    -5.727    -5.638    -5.540    -5.435    -5.322    -5.203
    -5.078    -4.948    -4.814    -4.677    -4.538    -4.397    -4.256    -4.115
    -3.976    -3.838    -3.703    -3.571    -3.444    -3.321    -3.204    -3.093
    -2.989    -2.894    -2.807    -2.731    -2.666    -2.614    -2.574    -2.549
    -2.539    -2.546    -2.569    -2.609    -2.666    -2.741    -2.832    -2.939
    -3.060    -3.194    -3.339    -3.494    -3.657    -3.829    -4.008    -4.194
    -4.385    -4.581    -4.780    -4.982    -5.185    -5.389    -5.594    -5.798
    -6.002    -6.207    -6.413    -6.619    -6.826    -7.035    -7.244    -7.455
    -7.666    -7.877    -8.090    -8.302    -8.514    -8.724    -8.932    -9.135
    -9.335    -9.528    -9.717    -9.899   -10.074   -10.243   -10.405   -10.559
   -10.706   -10.844   -10.973   -11.094   -11.205   -11.307   -11.400   -11.482
   -11.556   -11.619   -11.673   -11.717   -11.752   -11.776   -11.792   -11.799
   -11.797   -11.788   -11.772   -11.749   -11.720   -11.686   -11.647   -11.602
   -11.552   -11.496   -11.435   -11.367   -11.293   -11.212   -11.124   -11.029
   -10.928   -10.819   -10.703   -10.579   -10.447   -10.307   -10.158   -10.000
    -9.833    -9.656    -9.472    -9.278    -9.077    -8.867    -8.651    -8.427
    -8.198    -7.963    -7.723    -7.479    -7.231    -6.980    -6.725    -6.468
    -6.208    -5.946    -5.682    -5.417    -5.151    -4.884    -4.616    -4.348
    -4.080    -3.812    -3.544    -3.277    -3.011    -2.746    -2.483    -2.223
    -1.966    -1.713    -1.464    -1.221     -.985     -.755     -.535     -.324
     -.124      .065      .242      .406      .557      .695      .820      .932
     1.031     1.119     1.195     1.261     1.316     1.362     1.398     1.427
     1.449     1.464     1.472     1.476     1.474     1.468     1.458     1.444
     1.426     1.405     1.381     1.355     1.327     1.298     1.268     1.239
     1.211     1.184     1.160     1.138     1.119     1.104     1.093     1.086
     1.084     1.086     1.094     1.107     1.125     1.149     1.179     1.214
     1.254     1.300     1.352     1.409     1.470     1.535     1.602     1.670
     1.740     1.811     1.883     1.955     2.027     2.100     2.174     2.249
     2.326     2.404     2.483     2.565     2.650     2.737     2.828     2.923
     3.021     3.123     3.229     3.337     3.447     3.557     3.668     3.776
     3.882     3.983     4.080     4.170     4.254     4.331     4.400     4.462
     4.516     4.563     4.603     4.638     4.669     4.696     4.722     4.747
     4.772     4.798     4.825     4.853     4.883     4.914     4.945     4.978
     5.010     5.042     5.073     5.102     5.130     5.154     5.175     5.190
     5.200     5.203     5.201     5.194     5.181     5.166     5.147     5.127
     5.105     5.084     5.063     5.044     5.029     5.017     5.010     5.007
     5.010     5.016     5.028     5.042     5.060     5.078     5.098     5.115
     5.131     5.143     5.150     5.151     5.146     5.134     5.114     5.087
     5.051     5.008     4.958     4.900     4.836     4.767     4.693     4.616
     4.536     4.455     4.374     4.296     4.220     4.149     4.083     4.021
     3.965     3.914     3.867     3.824     3.784     3.746     3.710     3.673
     3.636     3.597     3.555     3.510     3.462     3.411     3.357     3.301
     3.244     3.188     3.132     3.080     3.031     2.987     2.949     2.919
     2.898     2.887     2.887     2.899     2.923     2.961     3.013     3.080
     3.162     3.259     3.370     3.496     3.635     3.787     3.950     4.122
     4.302     4.488     4.679     4.874     5.071     5.270     5.470     5.669
     5.868     6.066     6.264     6.462     6.659     6.857     7.055     7.254
     7.453     7.653     7.851     8.047     8.241     8.432     8.618     8.800
     8.974     9.142     9.301     9.451     9.591     9.720     9.839     9.946
    10.041    10.124    10.195    10.253    10.299    10.332    10.352    10.361
    10.358    10.344    10.320    10.286    10.242    10.189    10.127    10.055
     9.973     9.883     9.783     9.675     9.558     9.433     9.299     9.157
     9.007     8.849     8.685     8.514     8.339     8.158     7.975     7.788
     7.599     7.408     7.216     7.024     6.832     6.641     6.452     6.264
     6.080     5.898     5.720     5.545     5.375     5.208     5.046     4.888
     4.734     4.584     4.438     4.295     4.156     4.021     3.890     3.762
     3.638     3.518     3.403     3.291     3.183     3.080     2.981     2.887
     2.799     2.715     2.638     2.566     2.501     2.442     2.388     2.340
     2.297     2.259     2.225     2.195     2.169     2.148     2.129     2.115
     2.103     2.095     2.090     2.089     2.091     2.096     2.106     2.120
     2.138     2.161     2.190     2.223     2.260     2.302     2.348     2.397
     2.449     2.504     2.562     2.621     2.680     2.740     2.799     2.857
     2.913     2.967     3.017     3.064     3.107     3.145     3.177     3.203
     3.221     3.232     3.236     3.232     3.221     3.202     3.176     3.143
     3.102     3.054     2.997     2.932     2.859     2.777     2.687     2.587
     2.478     2.360     2.232     2.093     1.945     1.786     1.617     1.440
     1.253     1.057      .854      .644      .427      .205     -.021     -.251
     -.483     -.716     -.949    -1.181    -1.411    -1.638    -1.863    -2.084
    -2.301    -2.513    -2.721    -2.925    -3.123    -3.316    -3.503    -3.686
    -3.864    -4.037    -4.204    -4.366    -4.521    -4.669    -4.810    -4.940
    -5.061    -5.170    -5.266    -5.349    -5.417    -5.470    -5.508    -5.529
    -5.534    -5.522    -5.492    -5.444    -5.380    -5.298    -5.201    -5.088
    -4.962    -4.823    -4.672    -4.512    -4.342    -4.165    -3.982    -3.793
    -3.601    -3.407    -3.211    -3.016    -2.822    -2.630    -2.441    -2.256
    -2.075    -1.899    -1.730    -1.566    -1.410    -1.262    -1.121     -.988
     -.865     -.750     -.645     -.549     -.462     -.386     -.319     -.264
     -.219     -.185     -.163     -.154     -.157     -.173     -.202     -.244
     -.300     -.369     -.451     -.547     -.655     -.777     -.910    -1.055
    -1.211    -1.376    -1.550    -1.733    -1.922    -2.118    -2.318    -2.522
    -2.728    -2.935    -3.141    -3.346    -3.547    -3.745    -3.937    -4.123
    -4.302    -4.475    -4.639    -4.796    -4.944    -5.085    -5.218    -5.344
    -5.463    -5.574    -5.679    -5.777    -5.868    -5.952    -6.028    -6.097
    -6.158    -6.209    -6.251    -6.282    -6.302    -6.312    -6.310    -6.297
    -6.274    -6.239    -6.194    -6.140    -6.076    -6.004    -5.925    -5.840
    -5.751    -5.659    -5.564    -5.469    -5.373    -5.278    -5.185    -5.094
    -5.006    -4.922    -4.842    -4.765    -4.693    -4.624    -4.560    -4.499
    -4.443    -4.391    -4.342    -4.298    -4.257    -4.221    -4.189    -4.162
    -4.140    -4.123    -4.112    -4.108    -4.111    -4.122    -4.142    -4.170
    -4.208    -4.255    -4.312    -4.379    -4.456    -4.543    -4.640    -4.745
    -4.859    -4.981    -5.109    -5.244    -5.385    -5.530    -5.678    -5.829
    -5.982    -6.136    -6.290    -6.443    -6.595    -6.746    -6.895    -7.042
    -7.187    -7.331    -7.475    -7.617    -7.760    -7.903    -8.046    -8.190
    -8.334    -8.479    -8.623    -8.768    -8.911    -9.054    -9.196    -9.335
    -9.472    -9.604    -9.731    -9.852    -9.967   -10.073   -10.170   -10.259
   -10.337   -10.406   -10.464   -10.512   -10.550   -10.578   -10.597   -10.608
   -10.611   -10.607   -10.597   -10.581   -10.560   -10.535   -10.506   -10.473
   -10.436   -10.397   -10.353   -10.306   -10.254   -10.197   -10.134   -10.066
    -9.992    -9.911    -9.823    -9.729    -9.629    -9.523    -9.410    -9.293
    -9.170    -9.043    -8.912    -8.778    -8.641    -8.502    -8.362    -8.221
    -8.079    -7.937    -7.795    -7.653    -7.511    -7.368    -7.225    -7.082
    -6.938    -6.793    -6.646    -6.497    -6.345    -6.190    -6.032    -5.871
    -5.705    -5.535    -5.361    -5.182    -5.000    -4.813    -4.623    -4.429
    -4.232    -4.032    -3.829    -3.625    -3.419    -3.212    -3.004    -2.796
    -2.588    -2.379    -2.171    -1.963    -1.756    -1.549    -1.344    -1.139
     -.936     -.735     -.535     -.338     -.144      .047      .233      .416
      .593      .766      .932     1.093     1.249     1.399     1.544     1.684
     1.819     1.950     2.076     2.198     2.315     2.429     2.538     2.642
     2.742     2.837     2.927     3.012     3.091     3.164     3.232     3.294
     3.350     3.400     3.444     3.484     3.518     3.547     3.572     3.593
     3.610     3.624     3.635     3.644     3.650     3.655     3.658     3.661
     3.664     3.667     3.672     3.679     3.688     3.700     3.715     3.734
     3.755     3.779     3.805     3.835     3.867     3.901     3.937     3.976
     4.016     4.059     4.103     4.148     4.194     4.241     4.290     4.340
     4.391     4.444     4.499     4.557     4.617     4.680     4.746     4.815
     4.886     4.960     5.036     5.115     5.195     5.275     5.357     5.438
     5.519     5.599     5.677     5.753     5.826     5.896     5.963     6.027
     6.087     6.144     6.197     6.247     6.292     6.335     6.374     6.409
     6.441     6.470     6.495     6.517     6.536     6.551     6.563     6.572
     6.578     6.580     6.580     6.578     6.573     6.565     6.556     6.545
     6.532     6.519     6.505     6.490     6.476     6.461     6.445     6.431
     6.416     6.402     6.388     6.375     6.364     6.353     6.343     6.335
     6.328     6.323     6.318     6.316     6.314     6.315     6.317     6.321
     6.327     6.335     6.345     6.358     6.372     6.389     6.407     6.428
     6.450     6.473     6.497     6.523     6.550     6.578     6.607     6.635
     6.665     6.694     6.724     6.753     6.783     6.813     6.843     6.873
     6.903     6.933     6.962     6.992     7.021     7.049     7.076     7.102
     7.127     7.149     7.170     7.188     7.203     7.214     7.223     7.227
     7.228     7.225     7.218     7.207     7.193     7.174     7.151     7.124
     7.093     7.058     7.019     6.975     6.928     6.876     6.820     6.759
     6.695     6.626     6.552     6.474     6.391     6.303     6.211     6.114
     6.013     5.907     5.797     5.682     5.564     5.442     5.317     5.188
     5.056     4.921     4.784     4.644     4.503     4.360     4.216     4.071
     3.927     3.782     3.638     3.495     3.353     3.214     3.076     2.942
     2.811     2.685     2.562     2.445     2.332     2.224     2.121     2.022
     1.929     1.841     1.757     1.679     1.606     1.538     1.475     1.417
     1.364     1.316     1.273     1.236     1.204     1.178     1.158     1.145
     1.137     1.136     1.140     1.150     1.166     1.188     1.214     1.245
     1.280     1.318     1.360     1.404     1.449     1.496     1.543     1.590
     1.636     1.681     1.722     1.761     1.795     1.825     1.850     1.870
     1.884     1.893     1.895     1.891     1.881     1.865     1.843     1.815
     1.781     1.741     1.696     1.645     1.589     1.528     1.461     1.388
     1.309     1.224     1.133     1.036      .932      .823      .707      .586
      .460      .329      .194      .055     -.086     -.229     -.373     -.517
     -.660     -.802     -.943    -1.080    -1.215    -1.347    -1.474    -1.598
    -1.717    -1.831    -1.941    -2.045    -2.145    -2.240    -2.330    -2.416
    -2.496    -2.572    -2.642    -2.708    -2.768    -2.824    -2.874    -2.919
    -2.959    -2.993    -3.023    -3.046    -3.065    -3.078    -3.086    -3.087
    -3.083    -3.074    -3.059    -3.039    -3.013    -2.982    -2.947    -2.907
    -2.864    -2.817    -2.768    -2.717    -2.663    -2.609    -2.555    -2.501
    -2.447    -2.395    -2.345    -2.297    -2.252    -2.210    -2.171    -2.136
    -2.105    -2.079    -2.056    -2.037    -2.022    -2.011    -2.003    -1.999
    -1.999    -2.002    -2.008    -2.017    -2.030    -2.045    -2.065    -2.087
    -2.113    -2.142    -2.175    -2.213    -2.254    -2.300    -2.350    -2.405
    -2.465    -2.530    -2.599    -2.672    -2.749    -2.829    -2.913    -3.000
    -3.088    -3.179    -3.271    -3.365    -3.460    -3.555    -3.650    -3.746
    -3.841    -3.935    -4.029    -4.121    -4.211    -4.300    -4.387    -4.471
    -4.554    -4.633    -4.709    -4.783    -4.853    -4.920    -4.983    -5.042
    -5.097    -5.148    -5.195    -5.237    -5.274    -5.306    -5.333    -5.355
    -5.371    -5.381    -5.386    -5.385    -5.377    -5.364    -5.344    -5.318
    -5.286    -5.248    -5.205    -5.156    -5.101    -5.042    -4.977    -4.908
    -4.834    -4.757    -4.676    -4.592    -4.506    -4.417    -4.326    -4.234
    -4.141    -4.047    -3.953    -3.858    -3.763    -3.669    -3.575    -3.481
    -3.388    -3.295    -3.202    -3.111    -3.020    -2.930    -2.841    -2.753
    -2.666    -2.581    -2.498    -2.417    -2.338    -2.263    -2.191    -2.122
    -2.059    -2.001    -1.948    -1.902    -1.861    -1.827    -1.800    -1.778
    -1.763    -1.753    -1.749    -1.751    -1.757    -1.768    -1.782    -1.801
    -1.822    -1.846    -1.872    -1.900    -1.929    -1.960    -1.992    -2.024
    -2.057    -2.090    -2.124    -2.159    -2.194    -2.230    -2.266    -2.303
    -2.340    -2.376    -2.412    -2.447    -2.481    -2.514    -2.545    -2.575
    -2.602    -2.626    -2.647    -2.664    -2.678    -2.688    -2.694    -2.696
    -2.693    -2.686    -2.675    -2.660    -2.641    -2.618    -2.590    -2.558
    -2.522    -2.480    -2.435    -2.385    -2.330    -2.271    -2.207    -2.139
    -2.066    -1.989    -1.908    -1.823    -1.734    -1.641    -1.546    -1.447
    -1.346    -1.243    -1.139    -1.033     -.927     -.820     -.713     -.607
     -.502     -.398     -.295     -.194     -.095      .001      .095      .186
      .273      .358      .438      .515      .587      .655      .717      .775
      .828      .876      .919      .956      .988     1.015     1.036     1.053
     1.065     1.073     1.076     1.075     1.070     1.061     1.048     1.031
     1.012      .989      .963      .933      .901      .867      .830      .791
      .750      .708      .664      .620      .576      .531      .487      .443
      .400      .358      .318      .279      .242      .207      .175      .145
      .117      .093      .071      .052      .036      .023      .014      .008
      .007      .009      .016      .028      .044      .065      .091      .122
      .158      .200      .246      .298      .355      .416      .482      .553
      .627      .706      .788      .873      .960     1.050     1.141     1.234
     1.328     1.423     1.517     1.612     1.706     1.799     1.891     1.982
     2.071     2.158     2.243     2.326     2.407     2.484     2.559     2.630
     2.697     2.759     2.817     2.870     2.917     2.958     2.993     3.021
     3.042     3.056     3.063     3.063     3.055     3.041     3.020     2.992
     2.958     2.918     2.872     2.820     2.764     2.702     2.635     2.564
     2.489     2.409     2.326     2.238     2.147     2.053     1.956     1.856
     1.754     1.650     1.544     1.438     1.331     1.224     1.117     1.012
      .908      .806      .707      .611      .518      .429      .343      .262
      .186      .114      .047     -.016     -.073     -.125     -.172     -.213
     -.249     -.279     -.303     -.320     -.331     -.335     -.332     -.322
     -.305     -.280     -.248     -.209     -.163     -.110     -.050      .016
      .088      .165      .248      .335      .426      .520      .617      .715
      .815      .916     1.016     1.117     1.216     1.313     1.408     1.501
     1.591     1.677     1.760     1.838     1.913     1.983     2.048     2.109
     2.165     2.216     2.262     2.303     2.338     2.368     2.393     2.412
     2.424     2.431     2.430     2.423     2.409     2.388     2.360     2.325
     2.282     2.232     2.176     2.113     2.044     1.968     1.888     1.802
     1.711     1.616     1.518     1.415     1.310     1.202     1.092      .980
      .867      .753      .638      .522      .407      .292      .178      .065
     -.047     -.156     -.263     -.368     -.469     -.566     -.660     -.749
     -.834     -.913     -.988    -1.057    -1.120    -1.177    -1.229    -1.274
    -1.312    -1.344    -1.369    -1.387    -1.398    -1.401    -1.398    -1.388
    -1.370    -1.346    -1.315    -1.277    -1.233    -1.183    -1.127    -1.065
     -.997     -.925     -.847     -.766     -.679     -.590     -.496     -.400
     -.300     -.198     -.093      .013      .120      .228      .337      .445
      .552      .657      .761      .861      .959     1.053     1.143     1.228
     1.308     1.383     1.452     1.515     1.572     1.622     1.665     1.702
     1.731     1.753     1.767     1.775     1.775     1.768     1.753     1.732
     1.704     1.669     1.629     1.582     1.529     1.470     1.406     1.338
     1.264     1.187     1.105     1.020      .931      .840      .746      .651
      .555      .458      .361      .264      .167      .072     -.022     -.113
     -.201     -.287     -.369     -.447     -.520     -.588     -.650     -.707
     -.757     -.801     -.837     -.866     -.888     -.902     -.909     -.908
     -.899     -.884     -.861     -.831     -.795     -.753     -.705     -.652
     -.594     -.532     -.467     -.398     -.326     -.253     -.177     -.100
     -.022      .056      .135      .214      .294      .372      .450      .528
      .604      .679      .753      .825      .895      .962     1.028     1.091
     1.152     1.210     1.265     1.317     1.365     1.410     1.451     1.489
     1.522     1.552     1.577     1.599     1.616     1.629     1.638     1.642
     1.642     1.638     1.630     1.618     1.602     1.584     1.561     1.536
     1.509     1.479     1.448     1.414     1.380     1.344     1.307     1.269
     1.230     1.191     1.151     1.111     1.070     1.029      .988      .946
      .904      .862      .819      .775      .732      .687      .643      .598
      .552      .507      .461      .416      .370      .325      .280      .235
      .191      .147      .104      .062      .020     -.021     -.061     -.101
     -.140     -.178     -.216     -.253     -.290     -.326     -.361     -.396
     -.430     -.463     -.495     -.525     -.554     -.581     -.607     -.632
     -.655     -.677     -.698     -.717     -.736     -.753     -.769     -.784
     -.798     -.810     -.821     -.831     -.840     -.846     -.852     -.857
     -.860     -.861     -.862     -.862     -.860     -.858     -.856     -.853
     -.850     -.848     -.846     -.845     -.845     -.847     -.851     -.857
     -.865     -.876     -.889     -.905     -.924     -.945     -.969     -.996
    -1.024    -1.055    -1.088    -1.123    -1.159    -1.197    -1.236    -1.276
    -1.317    -1.359    -1.402    -1.446    -1.491    -1.536    -1.583    -1.629
    -1.676    -1.723    -1.770    -1.816    -1.862    -1.906    -1.950    -1.992
    -2.033    -2.072    -2.110    -2.144    -2.177    -2.206    -2.233    -2.257
    -2.277    -2.294    -2.307    -2.317    -2.322    -2.324    -2.321    -2.313
    -2.302    -2.285    -2.264    -2.238    -2.207    -2.172    -2.133    -2.089
    -2.042    -1.991    -1.937    -1.880    -1.821    -1.760    -1.697    -1.632
    -1.566    -1.499    -1.432    -1.364    -1.296    -1.227    -1.158    -1.090
    -1.022     -.954     -.887     -.820     -.754     -.690     -.627     -.565
     -.505     -.447     -.392     -.339     -.290     -.244     -.202     -.163
     -.130     -.101     -.076     -.057     -.043     -.035     -.032     -.034
     -.041     -.054     -.072     -.094     -.121     -.153     -.189     -.229
     -.272     -.319     -.370     -.422     -.477     -.534     -.592     -.652
     -.712     -.772     -.833     -.894     -.955    -1.014    -1.073    -1.131
    -1.188    -1.244    -1.298    -1.351    -1.402    -1.452    -1.500    -1.546
    -1.591    -1.633    -1.672    -1.709    -1.742    -1.772    -1.798    -1.821
    -1.839    -1.852    -1.860    -1.862    -1.858    -1.848    -1.832    -1.809
    -1.780    -1.744    -1.701    -1.653    -1.597    -1.537    -1.470    -1.398
    -1.322    -1.241    -1.157    -1.069     -.978     -.884     -.788     -.690
     -.590     -.490     -.388     -.285     -.182     -.079      .023      .125
      .226      .327      .425      .522      .617      .710      .799      .886
      .969     1.047     1.122     1.191     1.256     1.314     1.367     1.412
     1.451     1.482     1.505     1.521     1.529     1.528     1.519     1.502
     1.477     1.444     1.404     1.356     1.302     1.241     1.175     1.103
     1.026      .945      .859      .770      .677      .582      .484      .385
      .284      .182      .080     -.023     -.124     -.224     -.323     -.421
     -.515     -.607     -.696     -.782     -.863     -.941    -1.013    -1.081
    -1.144    -1.201    -1.251    -1.294    -1.331    -1.359    -1.379    -1.391
    -1.393    -1.386    -1.370    -1.344    -1.309    -1.265    -1.212    -1.149
    -1.079    -1.000     -.913     -.819     -.719     -.612     -.499     -.381
     -.259     -.133     -.002      .131      .267      .405      .544      .685
      .826      .967     1.107     1.247     1.385     1.522     1.656     1.788
     1.918     2.043     2.165     2.284     2.397     2.506     2.610     2.708
     2.799     2.884     2.962     3.033     3.095     3.150     3.196     3.234
     3.263     3.282     3.293     3.295     3.289     3.273     3.250     3.219
     3.181     3.136     3.085     3.027     2.964     2.896     2.824     2.747
     2.666     2.582     2.496     2.407     2.316     2.223     2.129     2.036
     1.942     1.848     1.756     1.665     1.575     1.488     1.403     1.320
     1.240     1.162     1.088     1.015      .946      .879      .814      .752
      .691      .633      .577      .524      .472      .424      .377      .334
      .294      .258      .225      .196      .172      .152      .137      .126
      .120      .119      .123      .132      .144      .161      .181      .205
      .231      .260      .292      .325      .361      .397      .435      .473
      .513      .552      .593      .633      .673      .714      .754      .793
      .833      .872      .910      .947      .983     1.018     1.052     1.083
     1.113     1.140     1.164     1.185     1.203     1.217     1.228     1.235
     1.238     1.236     1.230     1.219     1.204     1.183     1.158     1.129
     1.095     1.057     1.015      .969      .920      .867      .811      .752
      .691      .627      .561      .492      .422      .351      .278      .204
      .130      .055     -.020     -.095     -.169     -.243     -.316     -.387
     -.457     -.525     -.590     -.653     -.713     -.770     -.823     -.873
     -.919     -.961     -.999    -1.033    -1.062    -1.087    -1.107    -1.122
    -1.133    -1.138    -1.139    -1.134    -1.125    -1.110    -1.091    -1.067
    -1.039    -1.006     -.969     -.927     -.882     -.834     -.782     -.727
     -.670     -.611     -.551     -.489     -.426     -.363     -.300     -.237
     -.174     -.113     -.052      .006      .063      .118      .171      .222
      .270      .315      .358      .397      .433      .466      .496      .521
      .543      .562      .576      .587      .593      .596      .595      .590
      .582      .570      .555      .536      .514      .489      .461      .429
      .396      .359      .321      .281      .240      .197      .154      .110
      .065      .021     -.023     -.066     -.109     -.150     -.190     -.228
     -.264     -.298     -.329     -.358     -.384     -.407     -.428     -.445
     -.460     -.471     -.479     -.483     -.484     -.483     -.477     -.469
     -.458     -.443     -.426     -.406     -.383     -.358     -.330     -.300
     -.268     -.234     -.199     -.162     -.123     -.084     -.043     -.002
      .040      .083      .126      .170      .213      .257      .301      .345
      .389      .433      .476      .518      .559      .599      .638      .674
      .709      .742      .772      .799      .824      .845      .863      .877
      .887      .895      .898      .897      .893      .886      .875      .861
      .843      .823      .800      .775      .747      .718      .687      .654
      .620      .585      .549      .513      .476      .438      .400      .361
      .322      .283      .244      .204      .164      .125      .085      .045
      .006     -.033     -.072     -.109     -.146     -.181     -.214     -.246
     -.276     -.304     -.329     -.352     -.373     -.390     -.404     -.416
     -.426     -.432     -.437     -.439     -.439     -.437     -.434     -.429
     -.424     -.417     -.409     -.401     -.393     -.384     -.375     -.365
     -.356     -.347     -.338     -.329     -.321     -.313     -.305     -.298
     -.292     -.287     -.282     -.278     -.275     -.274     -.273     -.274
     -.276     -.281     -.287     -.294     -.304     -.315     -.328     -.343
     -.359     -.377     -.397     -.418     -.440     -.463     -.487     -.513
     -.539     -.565     -.592     -.620     -.649     -.677     -.706     -.736
     -.765     -.795     -.824     -.854     -.883     -.911     -.940     -.967
     -.993    -1.019    -1.043    -1.066    -1.087    -1.107    -1.125    -1.141
    -1.156    -1.168    -1.179    -1.188    -1.196    -1.202    -1.206    -1.209
    -1.211    -1.212    -1.213    -1.212    -1.212    -1.211    -1.209    -1.208
    -1.206    -1.205    -1.204    -1.204    -1.204    -1.205    -1.207    -1.209
    -1.213    -1.218    -1.224    -1.231    -1.240    -1.250    -1.262    -1.276
    -1.292    -1.309    -1.329    -1.350    -1.374    -1.400    -1.428    -1.458
    -1.490    -1.524    -1.560    -1.598    -1.637    -1.678    -1.721    -1.764
    -1.808    -1.854    -1.899    -1.945    -1.990    -2.036    -2.082    -2.126
    -2.171    -2.215    -2.258    -2.300    -2.342    -2.383    -2.423    -2.462
    -2.501    -2.538    -2.575    -2.611    -2.646    -2.679    -2.712    -2.742
    -2.771    -2.798    -2.822    -2.844    -2.863    -2.879    -2.892    -2.900
    -2.905    -2.906    -2.902    -2.894    -2.882    -2.865    -2.843    -2.817
    -2.788    -2.754    -2.716    -2.675    -2.630    -2.583    -2.532    -2.478
    -2.422    -2.363    -2.302    -2.238    -2.172    -2.103    -2.033    -1.960
    -1.886    -1.810    -1.732    -1.652    -1.570    -1.488    -1.403    -1.318
    -1.231    -1.144    -1.055     -.966     -.876     -.786     -.696     -.605
     -.515     -.426     -.337     -.249     -.162     -.077      .007      .090
      .170      .248      .324      .397      .468      .536      .601      .663
      .723      .779      .832      .882      .928      .972     1.013     1.050
     1.085     1.116     1.145     1.171     1.194     1.215     1.233     1.249
     1.262     1.274     1.283     1.290     1.295     1.299     1.301     1.302
     1.301     1.299     1.297     1.293     1.289     1.284     1.279     1.273
     1.267     1.260     1.254     1.248     1.241     1.235     1.230     1.224
     1.220     1.217     1.214     1.214     1.214     1.217     1.221     1.228
     1.237     1.249     1.263     1.280     1.299     1.321     1.345     1.372
     1.402     1.433     1.467     1.502     1.540     1.579     1.619     1.660
     1.702     1.746     1.790     1.834     1.879     1.924     1.970     2.015
     2.060     2.105     2.149     2.194     2.237     2.280     2.321     2.362
     2.401     2.440     2.476     2.511     2.545     2.576     2.605     2.632
     2.657     2.679     2.698     2.715     2.729     2.740     2.749     2.754
     2.756     2.755     2.751     2.744     2.734     2.721     2.705     2.686
     2.664     2.639     2.611     2.581     2.548     2.513     2.476     2.438
     2.397     2.354     2.310     2.265     2.219     2.171     2.122     2.072
     2.022     1.971     1.919     1.867     1.814     1.761     1.707     1.654
     1.601     1.548     1.495     1.443     1.391     1.340     1.289     1.240
     1.191     1.143     1.097     1.051     1.007      .965      .923      .883
      .844      .807      .772      .738      .705      .675      .646      .618
      .592      .568      .545      .523      .502      .483      .465      .448
      .433      .419      .405      .393      .383      .373      .365      .359
      .354      .350      .348      .347      .348      .350      .352      .356
      .361      .366      .371      .375      .380      .384      .387      .389
      .391      .391      .390      .389      .386      .382      .378      .373
      .367      .361      .353      .345      .336      .325      .314      .301
      .286      .271      .253      .233      .212      .188      .162      .134
      .104      .071      .036     -.001     -.040     -.080     -.122     -.166
     -.211     -.257     -.304     -.352     -.400     -.450     -.499     -.549
     -.598     -.648     -.697     -.746     -.795     -.844     -.892     -.940
     -.988    -1.035    -1.082    -1.128    -1.174    -1.220    -1.264    -1.308
    -1.351    -1.393    -1.433    -1.471    -1.508    -1.542    -1.574    -1.603
    -1.629    -1.652    -1.671    -1.688    -1.700    -1.710    -1.715    -1.717
    -1.716    -1.712    -1.705    -1.695    -1.683    -1.668    -1.652    -1.633
    -1.612    -1.589    -1.565    -1.539    -1.512    -1.482    -1.452    -1.420
    -1.387    -1.352    -1.316    -1.279    -1.242    -1.204    -1.165    -1.126
    -1.087    -1.049    -1.010     -.973     -.936     -.900     -.865     -.830
     -.797     -.766     -.735     -.706     -.678     -.652     -.627     -.604
     -.582     -.562     -.543     -.526     -.511     -.497     -.484     -.473
     -.463     -.455     -.448     -.443     -.439     -.437     -.436     -.437
     -.440     -.444     -.450     -.458     -.467     -.477     -.490     -.504
     -.520     -.538     -.557     -.578     -.600     -.624     -.648     -.674
     -.701     -.728     -.757     -.785     -.815     -.845     -.875     -.905
     -.934     -.964     -.993    -1.023    -1.051    -1.079    -1.107    -1.133
    -1.159    -1.183    -1.207    -1.229    -1.250    -1.269    -1.286    -1.302
    -1.315    -1.327    -1.335    -1.342    -1.345    -1.344    -1.341    -1.334
    -1.323    -1.308    -1.289    -1.267    -1.240    -1.209    -1.174    -1.135
    -1.092    -1.044     -.993     -.938     -.879     -.816     -.751     -.683
     -.612     -.539     -.464     -.387     -.308     -.227     -.146     -.065
      .017      .099      .180      .261      .341      .420      .498      .574
      .648      .719      .788      .855      .918      .978     1.034     1.086
     1.134     1.177     1.216     1.250     1.280     1.304     1.324     1.339
     1.349     1.355     1.355     1.351     1.342     1.328     1.310     1.287
     1.260     1.229     1.194     1.155     1.112     1.067     1.019      .968
      .916      .861      .806      .750      .693      .637      .580      .524
      .469      .415      .363      .313      .265      .219      .176      .135
      .097      .062      .030      .001     -.024     -.046     -.065     -.080
     -.090     -.097     -.100     -.098     -.091     -.081     -.066     -.046
     -.022      .006      .038      .074      .114      .156      .201      .249
      .298      .349      .401      .454      .507      .561      .614      .667
      .718      .769      .818      .866      .912      .956      .998     1.038
     1.076     1.112     1.146     1.177     1.205     1.232     1.256     1.277
     1.296     1.312     1.325     1.336     1.344     1.349     1.351     1.351
     1.348     1.342     1.334     1.322     1.309     1.292     1.274     1.253
     1.231     1.207     1.182     1.155     1.128     1.100     1.071     1.043
     1.015      .988      .961      .936      .912      .889      .868      .849
      .831      .815      .801      .789      .778      .769      .762      .756
      .752      .750      .750      .751      .753      .757      .763      .770
      .778      .787      .798      .809      .822      .835      .849      .864
      .879      .895      .911      .927      .943      .960      .975      .991
     1.007     1.022     1.037     1.052     1.066     1.080     1.094     1.107
     1.120     1.133     1.146     1.159     1.171     1.183     1.194     1.205
     1.215     1.224     1.233     1.239     1.245     1.248     1.251     1.251
     1.250     1.248     1.244     1.239     1.232     1.225     1.217     1.208
     1.198     1.188     1.177     1.167     1.156     1.146     1.137     1.128
     1.119     1.110     1.100     1.091     1.080     1.069     1.058     1.045
     1.031     1.016      .999      .981      .961      .939      .916      .891
      .865      .838      .810      .781      .752      .721      .689      .657
      .624      .589      .553      .516      .478      .439      .399      .357
      .315      .271      .226      .180      .133      .086      .037     -.012
     -.061     -.111     -.160     -.210     -.260     -.309     -.358     -.405
     -.451     -.496     -.540     -.583     -.624     -.664     -.704     -.742
     -.780     -.817     -.853     -.888     -.922     -.955     -.987    -1.018
    -1.049    -1.078    -1.106    -1.132    -1.158    -1.182    -1.205    -1.226
    -1.245    -1.262    -1.276    -1.289    -1.300    -1.309    -1.316    -1.322
    -1.326    -1.329    -1.331    -1.332    -1.331    -1.331    -1.329    -1.328
    -1.326    -1.324    -1.323    -1.322    -1.321    -1.320    -1.320    -1.320
    -1.319    -1.319    -1.319    -1.319    -1.319    -1.318    -1.318    -1.318
    -1.318    -1.318    -1.319    -1.320    -1.322    -1.325    -1.330    -1.335
    -1.341    -1.349    -1.359    -1.370    -1.384    -1.399    -1.416    -1.435
    -1.456    -1.478    -1.502    -1.528    -1.555    -1.583    -1.612    -1.642
    -1.673    -1.704    -1.737    -1.770    -1.803    -1.837    -1.872    -1.907
    -1.943    -1.979    -2.015    -2.052    -2.089    -2.126    -2.163    -2.200
    -2.237    -2.272    -2.307    -2.340    -2.372    -2.402    -2.430    -2.456
    -2.479    -2.499    -2.515    -2.529    -2.539    -2.545    -2.548    -2.546
    -2.542    -2.533    -2.521    -2.505    -2.486    -2.464    -2.438    -2.409
    -2.378    -2.343    -2.306    -2.267    -2.225    -2.180    -2.134    -2.085
    -2.034    -1.982    -1.927    -1.870    -1.812    -1.752    -1.691    -1.628
    -1.565    -1.502    -1.438    -1.374    -1.311    -1.248    -1.186    -1.125
    -1.066    -1.008     -.953     -.899     -.848     -.800     -.754     -.710
     -.670     -.632     -.597     -.565     -.535     -.509     -.485     -.464
     -.446     -.431     -.418     -.408     -.401     -.398     -.398     -.401
     -.407     -.417     -.430     -.446     -.466     -.489     -.515     -.543
     -.575     -.609     -.646     -.684     -.724     -.765     -.808     -.851
     -.895     -.939     -.983    -1.026    -1.069    -1.110    -1.151    -1.189
    -1.226    -1.261    -1.294    -1.324    -1.351    -1.376    -1.397    -1.416
    -1.431    -1.443    -1.452    -1.457    -1.459    -1.457    -1.451    -1.442
    -1.429    -1.412    -1.391    -1.367    -1.338    -1.304    -1.267    -1.226
    -1.180    -1.129    -1.075    -1.016     -.954     -.888     -.818     -.746
     -.670     -.592     -.512     -.430     -.346     -.261     -.175     -.088
      .000      .088      .176      .264      .352      .440      .527      .613
      .698      .782      .865      .946     1.026     1.104     1.180     1.254
     1.325     1.394     1.461     1.524     1.583     1.639     1.691     1.740
     1.783     1.822     1.857     1.886     1.910     1.930     1.944     1.953
     1.957     1.956     1.950     1.939     1.924     1.904     1.880     1.852
     1.819     1.783     1.743     1.700     1.653     1.603     1.551     1.495
     1.438     1.378     1.317     1.254     1.190     1.125     1.059      .993
      .927      .861      .796      .731      .667      .604      .543      .483
      .425      .369      .315      .264      .214      .168      .124      .083
      .044      .009     -.023     -.051     -.077     -.098     -.116     -.130
     -.140     -.146     -.148     -.146     -.140     -.129     -.113     -.094
     -.070     -.043     -.012      .022      .060      .101      .144      .190
      .238      .289      .341      .394      .449      .506      .563      .622
      .682      .743      .805      .868      .931      .996     1.060     1.125
     1.191     1.256     1.322     1.387     1.452     1.516     1.579     1.642
     1.703     1.762     1.820     1.876     1.929     1.981     2.029     2.075
     2.117     2.157     2.193     2.225     2.254     2.279     2.300     2.317
     2.330     2.340     2.346     2.348     2.347     2.342     2.333     2.322
     2.306     2.288     2.267     2.242     2.215     2.185     2.152     2.117
     2.078     2.037     1.994     1.948     1.900     1.850     1.798     1.743
     1.688     1.631     1.573     1.514     1.454     1.394     1.334     1.275
     1.215     1.157     1.099     1.043      .988      .935      .884      .835
      .789      .745      .704      .666      .631      .599      .570      .545
      .523      .504      .489      .477      .469      .464      .463      .465
      .470      .479      .491      .506      .525      .546      .571      .598
      .628      .661      .696      .733      .771      .811      .853      .895
      .938      .981     1.024     1.066     1.108     1.149     1.189     1.227
     1.264     1.299     1.332     1.362     1.391     1.416     1.439     1.459
     1.477     1.491     1.502     1.510     1.514     1.515     1.513     1.507
     1.498     1.485     1.469     1.450     1.427     1.401     1.372     1.341
     1.307     1.271     1.232     1.193     1.152     1.110     1.067     1.023
      .979      .935      .891      .847      .803      .760      .718      .677
      .637      .599      .561      .526      .492      .460      .430      .402
      .377      .354      .334      .316      .301      .289      .280      .273
      .270      .269      .271      .276      .284      .294      .306      .320
      .335      .353      .371      .390      .410      .429      .449      .468
      .487      .505      .521      .537      .551      .563      .574      .584
      .591      .596      .600      .601      .600      .598      .592      .585
      .575      .563      .547      .529      .508      .484      .457      .426
      .393      .356      .316      .274      .229      .182      .132      .081
      .029     -.025     -.079     -.133     -.188     -.242     -.296     -.349
     -.400     -.451     -.500     -.547     -.593     -.637     -.679     -.720
     -.758     -.794     -.829     -.861     -.892     -.920     -.946     -.969
     -.990    -1.008    -1.023    -1.036    -1.045    -1.051    -1.054    -1.054
    -1.051    -1.044    -1.034    -1.021    -1.005     -.986     -.965     -.941
     -.916     -.889     -.861     -.832     -.802     -.771     -.741     -.711
     -.681     -.652     -.623     -.596     -.570     -.545     -.522     -.500
     -.479     -.460     -.442     -.426     -.412     -.398     -.387     -.377
     -.369     -.363     -.358     -.356     -.356     -.359     -.363     -.370
     -.380     -.393     -.408     -.426     -.446     -.469     -.494     -.521
     -.550     -.582     -.614     -.649     -.684     -.720     -.757     -.795
     -.833     -.872     -.911     -.950     -.989    -1.029    -1.068    -1.107
    -1.147    -1.186    -1.225    -1.264    -1.302    -1.341    -1.379    -1.417
    -1.455    -1.493    -1.530    -1.566    -1.602    -1.638    -1.672    -1.706
    -1.739    -1.770    -1.801    -1.830    -1.858    -1.884    -1.909    -1.931
    -1.952    -1.972    -1.989    -2.004    -2.017    -2.029    -2.038    -2.045
    -2.051    -2.054    -2.056    -2.057    -2.056    -2.053    -2.049    -2.044
    -2.037    -2.030    -2.021    -2.011    -2.000    -1.988    -1.974    -1.960
    -1.945    -1.929    -1.911    -1.893    -1.875    -1.855    -1.834    -1.813
    -1.792    -1.770    -1.747    -1.725    -1.702    -1.679    -1.656    -1.633
    -1.610    -1.588    -1.566    -1.544    -1.524    -1.504    -1.485    -1.467
    -1.451    -1.435    -1.421    -1.408    -1.396    -1.386    -1.378    -1.371
    -1.366    -1.362    -1.360    -1.359    -1.360    -1.362    -1.365    -1.370
    -1.376    -1.383    -1.391    -1.400    -1.410    -1.421    -1.432    -1.443
    -1.455    -1.467    -1.479    -1.490    -1.502    -1.513    -1.524    -1.534
    -1.543    -1.551    -1.558    -1.564    -1.568    -1.571    -1.571    -1.570
    -1.567    -1.562    -1.555    -1.546    -1.534    -1.520    -1.504    -1.485
    -1.464    -1.440    -1.414    -1.386    -1.355    -1.322    -1.287    -1.250
    -1.212    -1.171    -1.129    -1.085    -1.040     -.994     -.947     -.899
     -.850     -.801     -.751     -.701     -.651     -.602     -.553     -.504
     -.456     -.408     -.361     -.316     -.271     -.228     -.186     -.146
     -.106     -.069     -.034      .000      .032      .062      .090      .116
      .140      .162      .182      .200      .216      .230      .243      .254
      .264      .272      .279      .285      .289      .293      .296      .298
      .300      .301      .302      .302      .303      .303      .304      .305
      .306      .307      .309      .312      .315      .319      .325      .331
      .339      .347      .357      .369      .382      .396      .412      .429
      .448      .468      .490      .513      .538      .563      .590      .618
      .646      .675      .704      .734      .764      .794      .824      .854
      .885      .915      .945      .975     1.005     1.034     1.063     1.092
     1.119     1.146     1.172     1.197     1.220     1.243     1.265     1.285
     1.305     1.323     1.342     1.359     1.377     1.393     1.409     1.425
     1.441     1.457     1.472     1.487     1.502     1.516     1.530     1.544
     1.558     1.572     1.586     1.599     1.613     1.626     1.640     1.654
     1.669     1.684     1.699     1.715     1.732     1.749     1.766     1.785
     1.803     1.823     1.843     1.863     1.884     1.906     1.928     1.951
     1.974     1.998     2.022     2.046     2.070     2.095     2.120     2.144
     2.168     2.192     2.215     2.238     2.260     2.280     2.300     2.319
     2.336     2.351     2.365     2.378     2.388     2.397     2.404     2.408
     2.411     2.412     2.410     2.406     2.400     2.392     2.381     2.367
     2.352     2.333     2.312     2.289     2.263     2.234     2.203     2.170
     2.135     2.097     2.058     2.017     1.974     1.929     1.882     1.835
     1.786     1.735     1.684     1.632     1.579     1.525     1.471     1.416
     1.362     1.307     1.252     1.197     1.142     1.088     1.034      .981
      .929      .877      .827      .778      .729      .682      .637      .592
      .549      .507      .467      .428      .390      .354      .319      .286
      .253      .222      .191      .161      .132      .104      .077      .050
      .024     -.002     -.027     -.052     -.075     -.099     -.122     -.145
     -.167     -.189     -.211     -.232     -.254     -.275     -.296     -.317
     -.338     -.360     -.382     -.404     -.426     -.449     -.472     -.496
     -.520     -.544     -.569     -.594     -.619     -.645     -.670     -.695
     -.719     -.744     -.767     -.791     -.813     -.835     -.856     -.876
     -.896     -.914     -.932     -.948     -.964     -.979     -.993    -1.006
    -1.018    -1.029    -1.039    -1.048    -1.057    -1.064    -1.071    -1.077
    -1.082    -1.087    -1.091    -1.094    -1.097    -1.100    -1.102    -1.103
    -1.105    -1.106    -1.107    -1.108    -1.109    -1.110    -1.111    -1.113
    -1.115    -1.117    -1.120    -1.123    -1.126    -1.130    -1.135    -1.140
    -1.145    -1.151    -1.157    -1.163    -1.170    -1.177    -1.184    -1.191
    -1.197    -1.204    -1.211    -1.217    -1.223    -1.229    -1.234    -1.239
    -1.244    -1.248    -1.252    -1.256    -1.259    -1.261    -1.263    -1.264
    -1.264    -1.264    -1.263    -1.260    -1.257    -1.253    -1.248    -1.242
    -1.234    -1.226    -1.217    -1.206    -1.195    -1.183    -1.170    -1.157
    -1.143    -1.128    -1.112    -1.097    -1.080    -1.063    -1.045    -1.026
    -1.006     -.986     -.965     -.942     -.919     -.894     -.868     -.841
     -.813     -.784     -.754     -.723     -.690     -.657     -.624     -.589
     -.554     -.518     -.482     -.446     -.409     -.373     -.336     -.299
     -.261     -.224     -.187     -.150     -.113     -.076     -.040     -.003
      .034      .070      .107      .144      .180      .216      .253      .289
      .325      .361      .396      .431      .465      .499      .531      .563
      .593      .621      .648      .673      .696      .717      .737      .753
      .768      .781      .791      .799      .805      .809      .810      .810
      .807      .803      .796      .787      .777      .764      .750      .734
      .716      .696      .674      .652      .627      .601      .574      .546
      .517      .487      .456      .425      .394      .362      .330      .299
      .267      .237      .207      .178      .150      .124      .099      .075
      .054      .034      .015     -.001     -.015     -.028     -.039     -.048
     -.055     -.060     -.064     -.066     -.067