.198      .181      .164      .147      .128      .110      .092      .074
      .056      .038      .021      .004     -.013     -.028     -.042     -.056
     -.069     -.082     -.096     -.112     -.129     -.147     -.164     -.181
     -.196     -.209     -.222     -.235     -.248     -.262     -.277     -.294
     -.312     -.329     -.347     -.363     -.380     -.396     -.414     -.432
     -.451     -.472     -.492     -.512     -.531     -.550     -.569     -.588
     -.607     -.627     -.649     -.670     -.692     -.715     -.738     -.759
     -.780     -.801     -.821     -.840     -.858     -.876     -.893     -.910
     -.928     -.945     -.962     -.979     -.995    -1.009    -1.021    -1.032
    -1.042    -1.050    -1.057    -1.064    -1.071    -1.079    -1.087    -1.097
    -1.108    -1.120    -1.131    -1.142    -1.153    -1.162    -1.172    -1.181
    -1.190    -1.199    -1.210    -1.222    -1.236    -1.252    -1.268    -1.284
    -1.301    -1.317    -1.332    -1.347    -1.362    -1.378    -1.395    -1.412
    -1.428    -1.444    -1.460    -1.475    -1.490    -1.504    -1.518    -1.533
    -1.547    -1.561    -1.575    -1.589    -1.604    -1.618    -1.631    -1.643
    -1.653    -1.663    -1.671    -1.680    -1.688    -1.695    -1.702    -1.707
    -1.713    -1.719    -1.725    -1.732    -1.740    -1.747    -1.755    -1.762
    -1.767    -1.772    -1.776    -1.781    -1.786    -1.789    -1.792    -1.793
    -1.795    -1.796    -1.796    -1.796    -1.795    -1.793    -1.790    -1.788
    -1.785    -1.782    -1.779    -1.774    -1.768    -1.763    -1.758    -1.755
    -1.754    -1.755    -1.756    -1.758    -1.760    -1.762    -1.763    -1.764
    -1.765    -1.768    -1.770    -1.772    -1.774    -1.776    -1.778    -1.781
    -1.782    -1.783    -1.783    -1.783    -1.783    -1.783    -1.782    -1.780
    -1.777    -1.772    -1.767    -1.761    -1.755    -1.749    -1.742    -1.736
    -1.729    -1.720    -1.711    -1.701    -1.692    -1.684    -1.675    -1.666
    -1.654    -1.642    -1.630    -1.617    -1.604    -1.591    -1.578    -1.567
    -1.560    -1.553    -1.545    -1.535    -1.523    -1.511    -1.497    -1.480
    -1.461    -1.442    -1.424    -1.407    -1.390    -1.372    -1.352    -1.332
    -1.312    -1.290    -1.267    -1.245    -1.223    -1.202    -1.181    -1.159
    -1.137    -1.115    -1.092    -1.069    -1.044    -1.016     -.986     -.955
     -.924     -.895     -.866     -.838     -.809     -.779     -.750     -.722
     -.694     -.666     -.640     -.615     -.591     -.567     -.544     -.523
     -.503     -.483     -.462     -.440     -.419     -.401     -.385     -.369
     -.353     -.335     -.316     -.298     -.280     -.261     -.240     -.217
     -.194     -.170     -.147     -.125     -.105     -.085     -.065     -.045
     -.024     -.004      .014      .034      .054      .073      .089      .102
      .112      .124      .139      .160      .186      .215      .248      .283
      .319      .356      .391      .423      .452      .480      .508      .535
      .561      .583      .603      .622      .644      .669      .695      .722
      .746      .766      .785      .805      .826      .847      .869      .893
      .921      .954      .990     1.029     1.069     1.110     1.153     1.199
     1.248     1.297     1.346     1.394     1.443     1.492     1.540     1.588
     1.637     1.688     1.741     1.798     1.858     1.922     1.990     2.063
     2.142     2.229     2.323     2.424     2.529     2.635     2.736     2.827
     2.908     2.978     3.042     3.101     3.159     3.218     3.276     3.338
     3.403     3.472     3.544     3.616     3.685     3.749     3.807     3.862
     3.917     3.972     4.027     4.084     4.142     4.203     4.269     4.337
     4.405     4.468     4.524     4.575     4.622     4.667     4.711     4.752
     4.790     4.825     4.854     4.875     4.888     4.895     4.897     4.895
     4.890     4.885     4.882     4.881     4.879     4.876     4.871     4.865
     4.857     4.845     4.830     4.811     4.790     4.764     4.735     4.701
     4.663     4.621     4.577     4.532     4.484     4.431     4.372     4.308
     4.241     4.175     4.112     4.054     4.001     3.954     3.909     3.863
     3.811     3.751     3.684     3.614     3.546     3.484     3.434     3.395
     3.369     3.351     3.336     3.320     3.301     3.276     3.243     3.203
     3.156     3.108     3.061     3.015     2.968     2.923     2.880     2.839
     2.795     2.744     2.686     2.626     2.567     2.508     2.449     2.390
     2.333     2.279     2.228     2.180     2.136     2.094     2.052     2.008
     1.962     1.918     1.878     1.840     1.800     1.758     1.715     1.671
     1.628     1.584     1.539     1.496     1.456     1.420     1.390     1.366
     1.345     1.323     1.298     1.273     1.248     1.224     1.197     1.169
     1.141     1.116     1.096     1.082     1.077     1.076     1.076     1.071
     1.061     1.047     1.033     1.022     1.013     1.004      .996      .991
      .991      .995     1.003     1.010     1.015     1.019     1.024     1.030
     1.037     1.041     1.044     1.050     1.065     1.091     1.126     1.167
     1.214     1.267     1.327     1.394     1.463     1.530     1.592     1.652
     1.711     1.771     1.834     1.896     1.958     2.017     2.077     2.137
     2.198     2.258     2.316     2.373     2.428     2.484     2.542     2.599
     2.652     2.699     2.738     2.772     2.801     2.828     2.854     2.880
     2.903     2.922     2.933     2.934     2.925     2.907     2.878     2.840
     2.796     2.749     2.703     2.659     2.614     2.565     2.512     2.452
     2.388     2.322     2.258     2.197     2.142     2.092     2.043     1.995
     1.945     1.891     1.828     1.751     1.658     1.552     1.441     1.330
     1.218     1.104      .985      .861      .736      .608      .475      .334
      .184      .028     -.131     -.288     -.441     -.589     -.737     -.888
    -1.043    -1.203    -1.362    -1.518    -1.670    -1.820    -1.965    -2.105
    -2.236    -2.360    -2.480    -2.598    -2.717    -2.839    -2.961    -3.086
    -3.211    -3.333    -3.451    -3.559    -3.659    -3.753    -3.846    -3.941
    -4.038    -4.136    -4.231    -4.318    -4.397    -4.466    -4.529    -4.587
    -4.644    -4.704    -4.767    -4.834    -4.906    -4.980    -5.055    -5.129
    -5.200    -5.269    -5.336    -5.399    -5.462    -5.525    -5.592    -5.663
    -5.734    -5.804    -5.867    -5.923    -5.972    -6.017    -6.061    -6.104
    -6.145    -6.181    -6.210    -6.233    -6.254    -6.276    -6.300    -6.325
    -6.350    -6.375    -6.403    -6.432    -6.461    -6.487    -6.511    -6.536
    -6.564    -6.596    -6.633    -6.674    -6.719    -6.768    -6.818    -6.868
    -6.913    -6.952    -6.981    -6.999    -7.007    -7.009    -7.007    -7.004
    -6.998    -6.989    -6.977    -6.963    -6.947    -6.929    -6.911    -6.892
    -6.873    -6.855    -6.839    -6.825    -6.813    -6.802    -6.790    -6.773
    -6.753    -6.730    -6.704    -6.676    -6.648    -6.620    -6.592    -6.566
    -6.540    -6.513    -6.482    -6.449    -6.413    -6.378    -6.342    -6.305
    -6.264    -6.220    -6.172    -6.121    -6.068    -6.011    -5.951    -5.891
    -5.831    -5.772    -5.715    -5.659    -5.601    -5.541    -5.477    -5.414
    -5.353    -5.293    -5.232    -5.167    -5.100    -5.029    -4.958    -4.885
    -4.814    -4.743    -4.675    -4.611    -4.552    -4.498    -4.443    -4.385
    -4.321    -4.255    -4.188    -4.122    -4.055    -3.983    -3.904    -3.819
    -3.733    -3.648    -3.567    -3.490    -3.417    -3.345    -3.275    -3.204
    -3.134    -3.064    -2.995    -2.928    -2.862    -2.798    -2.735    -2.674
    -2.614    -2.554    -2.493    -2.432    -2.371    -2.313    -2.260    -2.212
    -2.169    -2.130    -2.093    -2.056    -2.014    -1.969    -1.920    -1.869
    -1.816    -1.762    -1.706    -1.649    -1.592    -1.532    -1.471    -1.407
    -1.340    -1.271    -1.196    -1.115    -1.029     -.941     -.851     -.763
     -.675     -.588     -.505     -.424     -.345     -.266     -.184     -.100
     -.016      .067      .148      .226      .304      .384      .467      .553
      .640      .726      .811      .894      .976     1.055     1.131     1.204
     1.274     1.342     1.406     1.468     1.528     1.584     1.639     1.694
     1.750     1.808     1.866     1.924     1.981     2.037     2.092     2.145
     2.197     2.247     2.298     2.350     2.407     2.471     2.540     2.614
     2.690     2.769     2.852     2.938     3.026     3.114     3.201     3.286
     3.370     3.454     3.541     3.629     3.718     3.805     3.891     3.974
     4.054     4.133     4.211     4.289     4.368     4.445     4.521     4.594
     4.663     4.727     4.786     4.839     4.885     4.924     4.957     4.984
     5.005     5.024     5.039     5.053     5.064     5.074     5.080     5.083
     5.085     5.086     5.085     5.085     5.086     5.087     5.089     5.090
     5.091     5.090     5.091     5.093     5.098     5.107     5.120     5.135
     5.152     5.170     5.187     5.204     5.218     5.229     5.238     5.244
     5.249     5.255     5.263     5.273     5.283     5.292     5.298     5.302
     5.304     5.304     5.303     5.301     5.297     5.291     5.283     5.272
     5.259     5.243     5.223     5.202     5.179     5.158     5.139     5.121
     5.106     5.091     5.077     5.064     5.052     5.040     5.028     5.016
     5.004     4.994     4.982     4.970     4.955     4.937     4.916     4.892
     4.869     4.844     4.818     4.791     4.764     4.737     4.709     4.679
     4.646     4.609     4.567     4.520     4.469     4.414     4.356     4.296
     4.235     4.173     4.112     4.051     3.991     3.931     3.872     3.812
     3.753     3.694     3.639     3.588     3.540     3.496     3.453     3.412
     3.374     3.336     3.301     3.267     3.235     3.204     3.175     3.147
     3.119     3.091     3.063     3.034     3.004     2.971     2.936     2.897
     2.856     2.813     2.767     2.719     2.670     2.620     2.570     2.522
     2.474     2.428     2.382     2.339     2.296     2.253     2.212     2.170
     2.128     2.086     2.045     2.004     1.962     1.921     1.880     1.840
     1.802     1.765     1.730     1.695     1.660     1.625     1.588     1.549
     1.508     1.465     1.419     1.370     1.315     1.257     1.196     1.133
     1.071     1.008      .945      .881      .817      .754      .692      .632
      .574      .518      .464      .412      .359      .306      .253      .199
      .145      .092      .043     -.004     -.046     -.086     -.124     -.163
     -.204     -.246     -.289     -.331     -.373     -.412     -.449     -.484
     -.520     -.555     -.591     -.627     -.662     -.697     -.734     -.772
     -.812     -.852     -.892     -.932     -.973    -1.015    -1.059    -1.104
    -1.149    -1.194    -1.239    -1.282    -1.324    -1.364    -1.402    -1.439
    -1.474    -1.508    -1.539    -1.569    -1.598    -1.627    -1.654    -1.681
    -1.710    -1.740    -1.772    -1.804    -1.835    -1.867    -1.902    -1.938
    -1.975    -2.011    -2.046    -2.081    -2.117    -2.153    -2.191    -2.229
    -2.270    -2.311    -2.353    -2.394    -2.434    -2.471    -2.504    -2.533
    -2.561    -2.586    -2.611    -2.636    -2.663    -2.690    -2.716    -2.741
    -2.761    -2.779    -2.793    -2.804    -2.814    -2.823    -2.831    -2.840
    -2.849    -2.857    -2.864    -2.870    -2.874    -2.876    -2.878    -2.877
    -2.875    -2.872    -2.867    -2.860    -2.853    -2.846    -2.838    -2.831
    -2.824    -2.818    -2.812    -2.807    -2.803    -2.800    -2.798    -2.796
    -2.796    -2.796    -2.796    -2.798    -2.800    -2.803    -2.806    -2.809
    -2.812    -2.814    -2.816    -2.818    -2.818    -2.818    -2.816    -2.815
    -2.814    -2.814    -2.816    -2.819    -2.822    -2.826    -2.829    -2.831
    -2.832    -2.832    -2.832    -2.832    -2.830    -2.828    -2.825    -2.821
    -2.817    -2.813    -2.811    -2.810    -2.809    -2.809    -2.808    -2.806
    -2.804    -2.801    -2.797    -2.793    -2.788    -2.782    -2.775    -2.767
    -2.760    -2.752    -2.745    -2.737    -2.728    -2.717    -2.704    -2.689
    -2.672    -2.655    -2.636    -2.617    -2.596    -2.574    -2.552    -2.529
    -2.505    -2.480    -2.452    -2.424    -2.393    -2.362    -2.332    -2.301
    -2.271    -2.242    -2.213    -2.184    -2.154    -2.124    -2.093    -2.061
    -2.028    -1.993    -1.957    -1.922    -1.888    -1.854    -1.819    -1.786
    -1.752    -1.719    -1.685    -1.651    -1.616    -1.580    -1.543    -1.505
    -1.466    -1.426    -1.388    -1.350    -1.313    -1.276    -1.241    -1.207
    -1.174    -1.142    -1.111    -1.081    -1.052    -1.022     -.992     -.961
     -.930     -.899     -.868     -.837     -.806     -.776     -.745     -.714
     -.683     -.652     -.621     -.591     -.561     -.533     -.505     -.477
     -.449     -.421     -.393     -.366     -.338     -.310     -.283     -.256
     -.229     -.204     -.179     -.155     -.132     -.111     -.089     -.068
     -.047     -.027     -.007      .012      .031      .049      .066      .081
      .095      .108      .120      .132      .144      .156      .169      .182
      .196      .210      .224      .240      .256      .274      .293      .313
      .334      .356      .380      .404      .429      .454      .479      .504
      .530      .556      .584      .612      .641      .671      .701      .731
      .760      .789      .817      .845      .873      .901      .929      .956
      .984     1.013     1.041     1.069     1.098     1.127     1.156     1.186
     1.217     1.248     1.281     1.313     1.345     1.378     1.412     1.446
     1.481     1.517     1.554     1.592     1.630     1.669     1.708     1.747
     1.786     1.824     1.861     1.898     1.932     1.966     1.998     2.029
     2.060     2.090     2.120     2.152     2.184     2.217     2.250     2.284
     2.318     2.352     2.385     2.418     2.451     2.484     2.516     2.547
     2.578     2.606     2.634     2.659     2.684     2.708     2.732     2.754
     2.776     2.796     2.815     2.834     2.853     2.871     2.887     2.903
     2.918     2.931     2.943     2.953     2.963     2.972     2.981     2.988
     2.993     2.998     3.001     3.004     3.007     3.009     3.010     3.011
     3.012     3.012     3.012     3.013     3.012     3.012     3.010     3.008
     3.005     3.000     2.993     2.985     2.975     2.963     2.949     2.934
     2.917     2.899     2.879     2.858     2.837     2.814     2.791     2.767
     2.742     2.716     2.689     2.661     2.632     2.601     2.570     2.539
     2.506     2.474     2.441     2.409     2.376     2.342     2.308     2.273
     2.237     2.201     2.164     2.126     2.088     2.048     2.007     1.965
     1.923     1.879     1.833     1.786     1.738     1.689     1.639     1.588
     1.537     1.484     1.431     1.377     1.322     1.266     1.209     1.152
     1.093     1.034      .973      .913      .853      .794      .734      .676
      .618      .560      .502      .445      .387      .328      .268      .207
      .145      .082      .019     -.046     -.112     -.179     -.247     -.315
     -.382     -.449     -.514     -.578     -.641     -.704     -.767     -.831
     -.894     -.957    -1.020    -1.082    -1.144    -1.206    -1.269    -1.332
    -1.394    -1.457    -1.520    -1.583    -1.648    -1.714    -1.781    -1.848
    -1.915    -1.983    -2.050    -2.118    -2.184    -2.250    -2.314    -2.378
    -2.440    -2.500    -2.559    -2.617    -2.674    -2.729    -2.783    -2.836
    -2.888    -2.939    -2.988    -3.036    -3.082    -3.127    -3.170    -3.211
    -3.250    -3.287    -3.321    -3.354    -3.385    -3.413    -3.440    -3.464
    -3.487    -3.509    -3.529    -3.548    -3.566    -3.582    -3.598    -3.613
    -3.626    -3.638    -3.648    -3.656    -3.663    -3.669    -3.673    -3.675
    -3.678    -3.678    -3.679    -3.678    -3.676    -3.673    -3.668    -3.662
    -3.655    -3.645    -3.633    -3.620    -3.605    -3.588    -3.569    -3.548
    -3.525    -3.501    -3.474    -3.447    -3.417    -3.387    -3.356    -3.325
    -3.294    -3.263    -3.232    -3.202    -3.171    -3.141    -3.111    -3.081
    -3.050    -3.019    -2.987    -2.956    -2.925    -2.893    -2.860    -2.827
    -2.794    -2.760    -2.724    -2.688    -2.650    -2.611    -2.572    -2.531
    -2.490    -2.448    -2.405    -2.361    -2.316    -2.271    -2.226    -2.181
    -2.137    -2.092    -2.047    -2.002    -1.957    -1.911    -1.865    -1.818
    -1.771    -1.722    -1.673    -1.624    -1.574    -1.525    -1.476    -1.428
    -1.380    -1.333    -1.286    -1.239    -1.193    -1.146    -1.101    -1.055
    -1.009     -.964     -.918     -.872     -.826     -.780     -.733     -.687
     -.640     -.592     -.545     -.498     -.450     -.403     -.356     -.309
     -.262     -.215     -.168     -.121     -.074     -.028      .018      .064
      .109      .155      .201      .246      .292      .338      .384      .430
      .476      .521      .565      .608      .651      .693      .734      .776
      .817      .858      .899      .939      .979     1.018     1.059     1.099
     1.140     1.180     1.220     1.259     1.298     1.336     1.373     1.410
     1.446     1.481     1.516     1.551     1.585     1.618     1.651     1.683
     1.714     1.745     1.775     1.805     1.834     1.863     1.891     1.919
     1.946     1.973     1.999     2.025     2.050     2.075     2.098     2.121
     2.143     2.165     2.186     2.206     2.226     2.245     2.264     2.282
     2.300     2.318     2.335     2.352     2.368     2.384     2.399     2.414
     2.429     2.443     2.458     2.472     2.486     2.499     2.512     2.524
     2.535     2.546     2.557     2.567     2.577     2.586     2.595     2.603
     2.612     2.619     2.626     2.633     2.639     2.645     2.651     2.656
     2.660     2.663     2.665     2.667     2.668     2.668     2.667     2.665
     2.661     2.657     2.651     2.645     2.638     2.630     2.621     2.611
     2.600     2.588     2.575     2.562     2.549     2.534     2.520     2.504
     2.488     2.472     2.454     2.435     2.415     2.394     2.372     2.349
     2.325     2.301     2.276     2.250     2.224     2.196     2.168     2.137
     2.105     2.072     2.037     2.001     1.964     1.926     1.887     1.847
     1.806     1.764     1.721     1.678     1.635     1.591     1.547     1.502
     1.457     1.413     1.367     1.322     1.277     1.231     1.186     1.141
     1.095     1.051     1.006      .961      .915      .870      .824      .777
      .731      .684      .636      .588      .540      .492      .444      .395
      .346      .298      .249      .200      .152      .104      .056      .010
     -.036     -.081     -.124     -.167     -.208     -.248     -.286     -.324
     -.360     -.395     -.428     -.461     -.492     -.523     -.553     -.581
     -.610     -.638     -.666     -.694     -.721     -.749     -.776     -.802
     -.828     -.854     -.879     -.904     -.928     -.953     -.976    -1.000
    -1.023    -1.045    -1.067    -1.087    -1.108    -1.128    -1.147    -1.165
    -1.183    -1.200    -1.216    -1.230    -1.244    -1.257    -1.269    -1.281
    -1.291    -1.301    -1.310    -1.319    -1.327    -1.334    -1.339    -1.344
    -1.347    -1.349    -1.349    -1.348    -1.345    -1.342    -1.338    -1.332
    -1.327    -1.320    -1.313    -1.306    -1.298    -1.290    -1.281    -1.272
    -1.263    -1.253    -1.243    -1.233    -1.223    -1.213    -1.202    -1.192
    -1.182    -1.171    -1.161    -1.150    -1.139    -1.127    -1.115    -1.102
    -1.089    -1.075    -1.062    -1.048    -1.035    -1.022    -1.008     -.995
     -.982     -.969     -.957     -.945     -.933     -.923     -.912     -.901
     -.891     -.881     -.871     -.861     -.851     -.841     -.831     -.821
     -.810     -.799     -.788     -.777     -.765     -.753     -.740     -.727
     -.714     -.699     -.683     -.667     -.650     -.632     -.613     -.594
     -.574     -.554     -.534     -.514     -.495     -.475     -.456     -.435
     -.415     -.394     -.373     -.352     -.332     -.311     -.289     -.266
     -.243     -.220     -.196     -.172     -.147     -.122     -.097     -.071
     -.046     -.021      .004      .028      .052      .077      .101      .125
      .150      .174      .198      .222      .246      .270      .293      .316
      .340      .363      .386      .408      .430      .451      .471      .491
      .511      .531      .551      .570      .590      .609      .629      .649
      .669      .688      .708      .728      .748      .768      .789      .809
      .830      .850      .871      .891      .910      .929      .947      .965
      .981      .997     1.012     1.027     1.040     1.053     1.065     1.076
     1.087     1.099     1.109     1.120     1.131     1.142     1.153     1.165
     1.177     1.189     1.202     1.214     1.227     1.239     1.251     1.263
     1.275     1.286     1.297     1.308     1.319     1.329     1.338     1.347
     1.354     1.360     1.364     1.368     1.370     1.372     1.372     1.372
     1.370     1.367     1.364     1.360     1.354     1.349     1.342     1.334
     1.326     1.317     1.307     1.297     1.286     1.273     1.260     1.245
     1.230     1.213     1.195     1.175     1.154     1.132     1.109     1.084
     1.057     1.029      .999      .968      .936      .904      .871      .837
      .803      .768      .732      .696      .660      .622      .584      .546
      .506      .466      .425      .384      .342      .300      .257      .214
      .171      .128      .085      .043      .000     -.041     -.083     -.124
     -.165     -.206     -.248     -.289     -.330     -.372     -.413     -.455
     -.496     -.538     -.580     -.622     -.664     -.706     -.747     -.789
     -.831     -.872     -.914     -.955     -.996    -1.036    -1.077    -1.117
    -1.157    -1.197    -1.237    -1.276    -1.314    -1.352    -1.390    -1.427
    -1.464    -1.502    -1.539    -1.578    -1.616    -1.655    -1.695    -1.735
    -1.775    -1.815    -1.856    -1.897    -1.938    -1.978    -2.017    -2.056
    -2.095    -2.133    -2.170    -2.207    -2.242    -2.277    -2.310    -2.343
    -2.376    -2.408    -2.440    -2.471    -2.502    -2.533    -2.563    -2.593
    -2.622    -2.651    -2.679    -2.707    -2.734    -2.760    -2.786    -2.812
    -2.838    -2.862    -2.886    -2.909    -2.931    -2.952    -2.972    -2.991
    -3.009    -3.026    -3.042    -3.057    -3.071    -3.083    -3.094    -3.104
    -3.112    -3.120    -3.126    -3.131    -3.135    -3.138    -3.139    -3.138
    -3.137    -3.134    -3.129    -3.122    -3.114    -3.104    -3.092    -3.078
    -3.062    -3.043    -3.023    -3.001    -2.976    -2.950    -2.921    -2.890
    -2.858    -2.823    -2.786    -2.748    -2.707    -2.666    -2.622    -2.578
    -2.532    -2.485    -2.437    -2.388    -2.338    -2.287    -2.235    -2.182
    -2.128    -2.074    -2.018    -1.961    -1.903    -1.844    -1.783    -1.722
    -1.659    -1.596    -1.531    -1.465    -1.398    -1.331    -1.263    -1.194
    -1.125    -1.055     -.985     -.915     -.844     -.774     -.703     -.632
     -.562     -.491     -.421     -.352     -.283     -.215     -.147     -.080
     -.014      .053      .119      .185      .250      .316      .381      .446
      .510      .575      .639      .702      .765      .827      .889      .950
     1.010     1.070     1.128     1.186     1.243     1.299     1.354     1.407
     1.460     1.511     1.562     1.611     1.658     1.705     1.750     1.794
     1.837     1.879     1.920     1.961     2.000     2.039     2.077     2.114
     2.150     2.186     2.221     2.255     2.289     2.321     2.353     2.384
     2.415     2.444     2.473     2.501     2.528     2.555     2.582     2.608
     2.634     2.660     2.685     2.709     2.733     2.756     2.778     2.798
     2.818     2.836     2.853     2.869     2.884     2.898     2.911     2.923
     2.933     2.943     2.951     2.957     2.963     2.967     2.970     2.971
     2.971     2.970     2.968     2.964     2.959     2.951     2.942     2.932
     2.919     2.905     2.889     2.872     2.852     2.832     2.811     2.789
     2.766     2.742     2.717     2.691     2.665     2.637     2.609     2.580
     2.551     2.521     2.490     2.459     2.427     2.395     2.362     2.328
     2.293     2.259     2.223     2.187     2.150     2.112     2.074     2.036
     1.996     1.956     1.916     1.874     1.832     1.789     1.745     1.702
     1.657     1.613     1.569     1.525     1.480     1.436     1.392     1.349
     1.306     1.263     1.220     1.177     1.134     1.092     1.049     1.007
      .965      .924      .882      .841      .801      .761      .721      .683
      .645      .608      .571      .534      .498      .463      .428      .393
      .359      .325      .291      .258      .226      .194      .163      .133
      .103      .075      .046      .019     -.008     -.034     -.058     -.083
     -.106     -.128     -.150     -.171     -.191     -.211     -.230     -.247
     -.264     -.280     -.296     -.310     -.324     -.337     -.350     -.362
     -.373     -.384     -.394     -.403     -.412     -.420     -.428     -.435
     -.440     -.446     -.451     -.455     -.458     -.460     -.461     -.462
     -.461     -.460     -.458     -.455     -.451     -.447     -.442     -.436
     -.430     -.423     -.416     -.409     -.401     -.393     -.384     -.375
     -.366     -.356     -.346     -.336     -.325     -.315     -.304     -.294
     -.283     -.273     -.264     -.254     -.246     -.237     -.229     -.222
     -.215     -.208     -.202     -.196     -.190     -.184     -.179     -.175
     -.170     -.167     -.164     -.161     -.160     -.158     -.157     -.157
     -.157     -.157     -.158     -.160     -.161     -.163     -.165     -.168
     -.170     -.173     -.176     -.180     -.184     -.189     -.194     -.200
     -.206     -.213     -.220     -.228     -.236     -.245     -.254     -.264
     -.274     -.284     -.295     -.307     -.319     -.331     -.344     -.357
     -.370     -.384     -.398     -.413     -.428     -.442     -.457     -.472
     -.487     -.501     -.515     -.529     -.543     -.557     -.570     -.583
     -.596     -.609     -.622     -.635     -.648     -.661     -.674     -.687
     -.700     -.714     -.727     -.740     -.753     -.766     -.780     -.794
     -.807     -.821     -.835     -.848     -.862     -.874     -.887     -.899
     -.911     -.922     -.933     -.943     -.952     -.961     -.970     -.978
     -.986     -.993    -1.001    -1.008    -1.014    -1.020    -1.025    -1.030
    -1.035    -1.039    -1.043    -1.046    -1.049    -1.052    -1.054    -1.055
    -1.056    -1.056    -1.055    -1.054    -1.052    -1.049    -1.045    -1.041
    -1.035    -1.029    -1.022    -1.015    -1.007     -.998     -.989     -.979
     -.969     -.959     -.948     -.938     -.927     -.916     -.905     -.894
     -.882     -.871     -.859     -.847     -.835     -.823     -.811     -.798
     -.785     -.771     -.758     -.744     -.730     -.715     -.700     -.684
     -.668     -.651     -.635     -.617     -.600     -.582     -.565     -.547
     -.529     -.510     -.492     -.473     -.455     -.436     -.417     -.399
     -.380     -.362     -.345     -.327     -.310     -.294     -.278     -.262
     -.247     -.232     -.218     -.203     -.189     -.176     -.162     -.149
     -.136     -.123     -.110     -.098     -.085     -.072     -.060     -.046
     -.033     -.020     -.006      .007      .020      .033      .045      .057
      .069      .080      .091      .101      .111      .120      .129      .138
      .146      .154      .161      .167      .173      .178      .183      .188
      .192      .196      .200      .204      .208      .212      .215      .219
      .222      .225      .228      .231      .233      .236      .238      .241
      .243      .245      .248      .250      .252      .254      .256      .258
      .260      .262      .264      .265      .266      .267      .267      .267
      .266      .265      .263      .261      .259      .257      .254      .251
      .247      .243      .239      .235      .230      .226      .221      .217
      .212      .208      .203      .198      .192      .187      .182      .177
      .172      .167      .162      .157      .153      .147      .142      .136
      .131      .124      .118      .112      .105      .098      .092      .086
      .079      .073      .067      .061      .055      .050      .045      .040
      .036      .031      .027      .023      .019      .014      .010      .006
      .002     -.002     -.006     -.010     -.014     -.019     -.023     -.027
     -.031     -.035     -.040     -.043     -.047     -.051     -.054     -.057
     -.060     -.064     -.067     -.070     -.073     -.076     -.079     -.082
     -.085     -.088     -.091     -.094     -.098     -.101     -.105     -.108
     -.112     -.115     -.119     -.123     -.126     -.130     -.134     -.137
     -.141     -.144     -.147     -.150     -.153     -.156     -.158     -.160
     -.162     -.164     -.166     -.168     -.169     -.170     -.171     -.172
     -.173     -.174     -.174     -.175     -.175     -.176     -.176     -.176
     -.177     -.177     -.178     -.178     -.180     -.181     -.182     -.184
     -.185     -.187     -.189     -.192     -.194     -.196     -.198     -.200
     -.203     -.205     -.206     -.208     -.210     -.211     -.213     -.214
     -.215     -.216     -.216     -.217     -.218     -.218     -.219     -.220
     -.222     -.223     -.224     -.226     -.227     -.228     -.229     -.230
     -.231     -.232     -.233     -.233     -.234     -.235     -.236     -.237
     -.237     -.238     -.238     -.238     -.239     -.240     -.240     -.241
     -.242     -.242     -.243     -.244     -.244     -.244     -.244     -.243
     -.242     -.241     -.239     -.236     -.233     -.229     -.226     -.221
     -.216     -.211     -.205     -.199     -.192     -.185     -.177     -.169
     -.160     -.152     -.143     -.133     -.124     -.115     -.105     -.095
     -.085     -.074     -.064     -.053     -.042     -.030     -.019     -.007
      .006      .018      .032      .045      .059      .073      .089      .104
      .120      .136      .152      .169      .185      .202      .220      .237
      .254      .272      .289      .306      .322      .338      .354      .370
      .385      .400      .415      .430      .445      .460      .474      .489
      .504      .518      .533      .547      .562      .576      .590      .603
      .617      .630      .643      .656      .668      .680      .692      .703
      .714      .724      .734      .744      .753      .762      .771      .779
      .787      .795      .802      .809      .815      .821      .826      .831
      .836      .840      .844      .847      .850      .852      .854      .855
      .856      .857      .857      .856      .856      .855      .853      .851
      .849      .846      .843      .839      .834      .829      .823      .816
      .809      .801      .793      .784      .775      .766      .757      .747
      .737      .726      .714      .702      .689      .676      .662      .647
      .631      .615      .598      .581      .563      .546      .528      .509
      .490      .471      .452      .433      .414      .394      .375      .355
      .336      .316      .296      .276      .257      .237      .217      .198
      .178      .159      .140      .121      .102      .084      .065      .047
      .029      .012     -.006     -.023     -.040     -.056     -.072     -.087
     -.102     -.116     -.129     -.142     -.155     -.167     -.179     -.191
     -.202     -.214     -.225     -.236     -.247     -.257     -.268     -.279
     -.290     -.301     -.311     -.322     -.333     -.343     -.353     -.363
     -.373     -.382     -.391     -.399     -.407     -.415     -.422     -.429
     -.435     -.441     -.446     -.451     -.455     -.459     -.462     -.465
     -.468     -.469     -.471     -.472     -.472     -.471     -.470     -.468
     -.466     -.463     -.458     -.454     -.448     -.442     -.435     -.427
     -.418     -.409     -.399     -.388     -.376     -.364     -.351     -.338
     -.324     -.310     -.295     -.281     -.266     -.251     -.235     -.220
     -.204     -.189     -.173     -.156     -.140     -.123     -.106     -.089
     -.072     -.055     -.038     -.020     -.002      .017      .036      .055
      .074      .093      .112      .131      .150      .170      .189      .209
      .228      .247      .266      .285      .303      .321      .339      .356
      .372      .388      .403      .417      .431      .445      .458      .470
      .482      .493      .504      .514      .524      .533      .542      .549
      .557      .563      .568      .573      .577      .580      .583      .585
      .585      .586      .585      .584      .582      .579      .576      .571
      .566      .560      .554      .547      .539      .530      .521      .511
      .501      .490      .478      .466      .454      .441      .429      .415
      .402      .389      .375      .361      .346      .331      .316      .300
      .284      .268      .250      .233      .215      .197      .179      .160
      .141      .122      .103      .084      .064      .044      .024      .004
     -.016     -.036     -.056     -.076     -.096     -.116     -.136     -.156
     -.176     -.197     -.218     -.238     -.259     -.280     -.301     -.322
     -.343     -.365     -.386     -.407     -.428     -.449     -.469     -.490
     -.511     -.531     -.552     -.572     -.592     -.612     -.631     -.650
     -.669     -.687     -.704     -.721     -.737     -.752     -.767     -.781
     -.794     -.806     -.818     -.829     -.839     -.848     -.857     -.865
     -.872     -.879     -.885     -.890     -.895     -.899     -.903     -.906
     -.909     -.911     -.913     -.915     -.916     -.917     -.918     -.918
     -.917     -.916     -.915     -.913     -.910     -.908     -.905     -.902
     -.898     -.895     -.891     -.887     -.883     -.879     -.875     -.871
     -.866     -.862     -.857     -.852     -.846     -.841     -.835     -.829
     -.823     -.817     -.811     -.804     -.798     -.792     -.785     -.779
     -.772     -.765     -.758     -.750     -.743     -.734     -.725     -.716
     -.707     -.697     -.686     -.675     -.664     -.652     -.640     -.627
     -.614     -.601     -.587     -.573     -.559     -.545     -.531     -.516
     -.502     -.487     -.473     -.458     -.444     -.430     -.416     -.403
     -.389     -.375     -.361     -.347     -.333     -.319     -.304     -.289
     -.273     -.258     -.242     -.225     -.209     -.192     -.175     -.157
     -.140     -.122     -.105     -.087     -.069     -.051     -.033     -.014
      .004      .023      .042      .061      .081      .101      .121      .142
      .162      .183      .204      .225      .245      .266      .287      .308
      .328      .349      .370      .390      .410      .431      .451      .470
      .490      .509      .528      .546      .564      .582      .600      .617
      .634      .651      .667      .683      .699      .714      .729      .744
      .758      .772      .786      .800      .813      .825      .838      .849
      .860      .871      .881      .890      .898      .906      .913      .920
      .925      .930      .935      .938      .941      .944      .945      .946
      .947      .946      .945      .943      .941      .938      .934      .930
      .925      .919      .913      .907      .900      .892      .884      .875
      .865      .856      .845      .835      .824      .813      .801      .789
      .776      .763      .750      .737      .723      .709      .694      .679
      .665      .649      .634      .618      .601      .585      .567      .550
      .531      .513      .494      .474      .454      .435      .414      .394
      .373      .352      .331      .310      .288      .267      .245      .224
      .203      .182      .160      .139      .118      .097      .075      .054
      .033      .012     -.008     -.029     -.050     -.070     -.090     -.110
     -.130     -.149     -.168     -.187     -.205     -.223     -.240     -.257
     -.274     -.290     -.306     -.321     -.336     -.351     -.365     -.379
     -.393     -.407     -.419     -.432     -.444     -.456     -.467     -.478
     -.488     -.498     -.508     -.517     -.525     -.534     -.541     -.549
     -.556     -.563     -.569     -.575     -.580     -.585     -.590     -.594
     -.598     -.602     -.605     -.608     -.611     -.613     -.614     -.616
     -.616     -.617     -.616     -.616     -.614     -.613     -.610     -.607
     -.604     -.600     -.596     -.590     -.585     -.578     -.571     -.564
     -.555     -.547     -.538     -.528     -.518     -.508     -.498     -.487
     -.476     -.464     -.453     -.441     -.428     -.415     -.402     -.389
     -.374     -.360     -.345     -.329     -.313     -.296     -.279     -.261
     -.243     -.225     -.207     -.189     -.170     -.152     -.133     -.114
     -.095     -.077     -.058     -.039     -.021     -.002      .016      .035
      .053      .071      .089      .107      .124      .141      .157      .174
      .189      .205      .220      .234      .248      .261      .273      .285
      .297      .308      .318      .328      .338      .347      .356      .364
      .372      .380      .388      .395      .401      .408      .414      .420
      .426      .431      .435      .440      .444      .447      .451      .454
      .456      .458      .460      .461      .462      .462      .462      .461
      .460      .458      .456      .453      .449      .445      .441      .436
      .431      .426      .420      .414      .408      .402      .396      .390
      .383      .377      .370      .364      .357      .351      .344      .337
      .329      .322      .315      .307      .300      .292      .285      .277
      .269      .261      .252      .244      .235      .226      .217      .207
      .198      .188      .178      .168      .158      .147      .137      .126
      .115      .104      .092      .081      .069      .057      .045      .033
      .020      .007     -.006     -.019     -.033     -.046     -.059     -.073
     -.086     -.100     -.113     -.126     -.139     -.152     -.165     -.178
     -.191     -.204     -.216     -.228     -.240     -.252     -.263     -.275
     -.286     -.297     -.308     -.318     -.329     -.339     -.349     -.359
     -.368     -.377     -.386     -.394     -.402     -.410     -.417     -.424
     -.430     -.437     -.443     -.449     -.454     -.460     -.465     -.470
     -.475     -.480     -.485     -.489     -.493     -.498     -.501     -.505
     -.508     -.511     -.513     -.516     -.518     -.520     -.521     -.521
     -.522     -.522     -.521     -.520     -.518     -.516     -.513     -.509
     -.505     -.501     -.496     -.491     -.485     -.480     -.474     -.467
     -.461     -.454     -.446     -.439     -.431     -.422     -.413     -.404
     -.394     -.385     -.375     -.366     -.356     -.345     -.334     -.322
     -.310     -.297     -.284     -.270     -.255     -.241     -.226     -.210
     -.195     -.179     -.162     -.146     -.130     -.112     -.095     -.078
     -.060     -.043     -.025     -.008      .009      .026      .043      .060
      .077      .093      .110      .126      .141      .156      .171      .185
      .199      .213      .227      .240      .253      .265      .277      .289
      .300      .310      .321      .330      .340      .349      .357      .366
      .374      .381      .388      .395      .402      .408      .413      .419
      .424      .429      .433      .437      .441      .445      .448      .452
      .455      .458      .460      .463      .465      .468      .470      .472
      .473      .474      .475      .475      .475      .475      .474      .473
      .471      .469      .467      .464      .461      .458      .455      .451
      .447      .443      .439      .435      .430      .426      .421      .416
      .411      .406      .401      .396      .391      .385      .380      .375
      .369      .364      .358      .351      .344      .337      .330      .322
      .314      .306      .298      .289      .280      .270      .260      .250
      .240      .229      .219      .208      .197      .186      .176      .165
      .155      .144      .133      .122      .111      .100      .089      .078
      .067      .056      .045      .034      .023      .011      .000     -.011
     -.022     -.032     -.043     -.053     -.063     -.073     -.083     -.092
     -.101     -.110     -.119     -.127     -.135     -.143     -.150     -.157
     -.163     -.169     -.175     -.180     -.185     -.190     -.194     -.198
     -.201     -.204     -.207     -.210     -.212     -.214     -.216     -.217
     -.218     -.219     -.219     -.220     -.219     -.219     -.218     -.217
     -.216     -.215     -.213     -.212     -.210     -.208     -.206     -.204
     -.202     -.200     -.198     -.195     -.192     -.190     -.187     -.184
     -.181     -.178     -.175     -.171     -.168     -.163     -.159     -.154
     -.149     -.144     -.138     -.132     -.125     -.118     -.111     -.103
     -.095     -.087     -.080     -.072     -.064     -.056     -.049     -.042
     -.035     -.028     -.020     -.013     -.005      .003      .010      .016
      .022      .028      .034      .039      .044      .048      .053      .058
      .062      .067      .072      .076      .080      .083      .087      .090
      .092      .093      .094      .094      .093      .092      .091      .090
      .089      .088      .088      .087      .085      .083      .082      .080
      .077      .075      .072      .069      .065      .062      .059      .056
      .052      .047      .043      .038      .034      .029      .023      .018
      .013      .007      .001     -.005     -.011     -.018     -.025     -.031
     -.038     -.045     -.051     -.058     -.065     -.072     -.079     -.086
     -.093     -.101     -.108     -.115     -.122     -.129     -.136     -.143
     -.150     -.158     -.165     -.172     -.180     -.187     -.193     -.200
     -.206     -.212     -.217     -.222     -.226     -.230     -.234     -.237
     -.240     -.242     -.244     -.245     -.247     -.247     -.248     -.247
     -.247     -.246     -.246     -.245     -.244     -.243     -.241     -.239
     -.237     -.235     -.233     -.231     -.229     -.226     -.223     -.220
     -.215     -.211     -.207     -.203     -.198     -.193     -.189     -.184
     -.179     -.175     -.170     -.165     -.161     -.156     -.151     -.146
     -.141     -.137     -.132     -.127     -.122     -.117     -.112     -.107
     -.102     -.098     -.093     -.088     -.084     -.080     -.075     -.071
     -.066     -.062     -.057     -.053     -.049     -.045     -.041     -.037
     -.033     -.029     -.025     -.021     -.017     -.013     -.009     -.006
     -.002      .001      .004      .008      .012      .015      .020      .024
      .028      .032      .036      .041      .045      .049      .054      .059
      .064      .069      .075      .080      .086      .091      .097      .102
      .108      .114      .120      .127      .134      .141      .148      .156
      .163      .171      .178      .185      .193      .200      .207      .215
      .222      .230      .238      .246      .254      .263      .271      .279
      .287      .294      .302      .309      .317      .324      .331      .338
      .344      .351      .357      .364      .370      .376      .382      .387
      .392      .396      .401      .404      .408      .410      .413      .415
      .417      .418      .418      .418      .418      .418      .417      .416
      .415      .414      .412      .409      .407      .404      .400      .397
      .393      .389      .384      .379      .373      .367      .361      .354
      .347      .340      .332      .324      .315      .307      .298      .289
      .281      .271      .262      .252      .242      .232      .221      .210
      .199      .188      .176      .164      .152      .140      .127      .115
      .101      .088      .075      .061      .047      .033      .019      .005
     -.010     -.024     -.038     -.053     -.068     -.083     -.098     -.113
     -.127     -.142     -.156     -.170     -.185     -.199     -.213     -.228
     -.242     -.256     -.269     -.283     -.296     -.308     -.321     -.333
     -.344     -.355     -.366     -.376     -.386     -.395     -.404     -.413
     -.421     -.429     -.437     -.445     -.453     -.460     -.467     -.475
     -.482     -.489     -.496     -.503     -.510     -.517     -.524     -.531
     -.538     -.545     -.551     -.557     -.563     -.568     -.573     -.579
     -.583     -.588     -.592     -.595     -.598     -.601     -.603     -.605
     -.606     -.607     -.608     -.608     -.607     -.606     -.605     -.603
     -.600     -.597     -.594     -.590     -.586     -.581     -.576     -.569
     -.562     -.555     -.547     -.538     -.529     -.519     -.508     -.498
     -.486     -.474     -.462     -.450     -.437     -.424     -.410     -.396
     -.382     -.367     -.352     -.337     -.322     -.307     -.291     -.275
     -.259     -.243     -.227     -.210     -.193     -.176     -.159     -.142
     -.125     -.108     -.092     -.076     -.060     -.044     -.028     -.012
      .003      .018      .032      .047      .061      .075      .089      .103
      .116      .130      .143      .156      .169      .181      .194      .206
      .218      .230      .241      .252      .264      .274      .285      .295
      .305      .314      .322      .330      .338      .345      .352      .358
      .363      .368      .373      .377      .381      .385      .388      .391
      .393      .396      .398      .399      .400      .401      .402      .403
      .404      .404      .404      .403      .402      .401      .399      .397
      .395      .392      .389      .386      .383      .379      .375      .370
      .366      .361      .356      .351      .346      .341      .335      .330
      .324      .319      .314      .309      .304      .299      .294      .289
      .284      .279      .274      .269      .264      .259      .255      .250
      .246      .242      .238      .234      .231      .227      .224      .221
      .218      .215      .212      .210      .208      .206      .204      .202
      .200      .198      .197      .195      .194      .193      .191      .191
      .190      .189      .188      .187      .185      .184      .182      .181
      .179      .178      .176      .175      .173      .172      .170      .168
      .166      .164      .161      .159      .157      .154      .152      .149
      .146      .143      .140      .136      .133      .129      .125      .121
      .117      .113      .109      .105      .101      .096      .091      .086
      .081      .075      .069      .063      .057      .050      .043      .036
      .028      .021      .013      .005     -.003     -.011     -.020     -.028
     -.036     -.044     -.052     -.061     -.069     -.078     -.087     -.095
     -.104     -.113     -.121     -.130     -.138     -.146     -.155     -.163
     -.171     -.179     -.187     -.195     -.203     -.211     -.219     -.227
     -.234     -.242     -.249     -.257     -.264     -.271     -.277     -.284
     -.290     -.296     -.302     -.308     -.313     -.319     -.324     -.329
     -.334     -.338     -.342     -.346     -.350     -.354     -.358     -.361
     -.364     -.368     -.371     -.375     -.379     -.382     -.386     -.389
     -.392     -.395     -.398     -.401     -.403     -.405     -.408     -.410
     -.411     -.413     -.414     -.415     -.416     -.417     -.417     -.417
     -.416     -.416     -.414     -.413     -.411     -.409     -.406     -.403
     -.400     -.397     -.393     -.389     -.385     -.380     -.376     -.371
     -.366     -.360     -.354     -.348     -.341     -.335     -.328     -.321
     -.314     -.306     -.299     -.291     -.283     -.275     -.266     -.258
     -.249     -.240     -.231     -.221     -.212     -.202     -.192     -.182
     -.171     -.161     -.150     -.140     -.129     -.118     -.107     -.096
     -.085     -.074     -.064     -.053     -.042     -.031     -.021     -.010
      .001      .011      .022      .033      .044      .055      .066      .077
      .088      .100      .112      .123      .135      .147      .159      .171
      .183      .195      .207      .219      .230      .242      .253      .264
      .275      .286      .297      .307      .318      .328      .339      .349
      .359      .369      .378      .388      .397      .406      .416      .425
      .434      .443      .452      .461      .470      .479      .488      .496
      .505      .513      .520      .528      .535      .542      .548      .554
      .560      .565      .570      .574      .578      .581      .584      .587
      .589      .591      .592      .592      .592      .592      .592      .591
      .589      .588      .586      .584      .581      .579      .576      .573
      .569      .566      .562      .557      .553      .548      .542      .537
      .531      .525      .519      .512      .506      .499      .491      .484
      .476      .468      .460      .451      .442      .433      .423      .413
      .403      .392      .381      .370      .358      .346      .333      .321
      .308      .295      .282      .269      .256      .243      .230      .216
      .203      .190      .178      .165      .152      .140      .128      .116
      .104      .092      .080      .068      .056      .045      .033      .022
      .010     -.001     -.012     -.023     -.034     -.045     -.056     -.067
     -.077     -.087     -.097     -.107     -.116     -.125     -.133     -.141
     -.149     -.156     -.163     -.170     -.176     -.182     -.188     -.193
     -.199     -.204     -.209     -.214     -.219     -.223     -.228     -.233
     -.237     -.241     -.244     -.248     -.251     -.254     -.256     -.258
     -.260     -.262     -.263     -.264     -.265     -.266     -.266     -.267
     -.268     -.268     -.268     -.269     -.269     -.270     -.270     -.270
     -.270     -.270     -.271     -.271     -.272     -.272     -.273     -.273
     -.274     -.275     -.275     -.276     -.276     -.276     -.277     -.277
     -.277     -.277     -.277     -.277     -.277     -.277     -.276     -.276
     -.275     -.275     -.274     -.273     -.272     -.272     -.271     -.270
     -.269     -.268     -.266     -.265     -.264     -.262     -.261     -.259
     -.258     -.256     -.255     -.253     -.251     -.249     -.247     -.245
     -.244     -.242     -.240     -.239     -.237     -.236     -.234     -.232
     -.231     -.229     -.228     -.226     -.225     -.223     -.222     -.221
     -.221     -.220     -.220     -.220     -.220     -.220     -.220     -.221
     -.222     -.223     -.224     -.225     -.226     -.228     -.229     -.230
     -.231     -.233     -.234     -.235     -.237     -.238     -.240     -.241
     -.242     -.243     -.244     -.245     -.246     -.247     -.248     -.248
     -.249     -.249     -.250     -.250     -.250     -.250     -.250     -.250
     -.249     -.249     -.248     -.247     -.245     -.244     -.242     -.240
     -.237     -.235     -.232     -.229     -.226     -.222     -.219     -.215
     -.211     -.206     -.202     -.197     -.192     -.188     -.183     -.178
     -.173     -.168     -.162     -.157     -.152     -.147     -.141     -.136
     -.130     -.124     -.119     -.113     -.106     -.100     -.094     -.087
     -.080     -.074     -.067     -.060     -.054     -.047     -.040     -.033
     -.027     -.020     -.013     -.007      .000      .006      .013      .020
      .026      .032      .039      .045      .052      .058      .064      .071
      .077      .083      .089      .095      .101      .107      .113      .119
      .125      .131      .136      .142      .148      .154      .160      .165
      .170      .175      .180      .185      .189      .193      .197      .201
      .205      .208      .211      .213      .215      .217      .219      .220
      .221      .222      .222      .222      .221      .221      .219      .218
      .216      .214      .212      .209      .206      .203      .199      .196
      .192      .188      .184      .179      .175      .170      .165      .161
      .155      .150      .145      .139      .134      .128      .122      .116
      .110      .105      .099      .093      .087      .081      .075      .069
      .063      .057      .051      .045      .039      .033      .026      .021
      .014      .009      .003     -.003     -.009     -.015     -.021     -.026
     -.032     -.038     -.043     -.049     -.054     -.060     -.065     -.071
     -.076     -.082     -.087     -.093     -.098     -.103     -.108     -.114
     -.119     -.124     -.128     -.133     -.138     -.142     -.147     -.151
     -.155     -.159     -.162     -.166     -.169     -.172     -.175     -.177
     -.180     -.182     -.184     -.186     -.188     -.190     -.191     -.193
     -.194     -.195     -.196     -.196     -.197     -.197     -.197     -.197
     -.196     -.195     -.193     -.192     -.190     -.188     -.185     -.183
     -.180     -.177     -.173     -.169     -.166     -.162     -.157     -.153
     -.148     -.143     -.138     -.133     -.128     -.123     -.118     -.113
     -.108     -.102     -.097     -.093     -.088     -.083     -.078     -.074
     -.069     -.065     -.060     -.056     -.052     -.047     -.043     -.039
     -.035     -.031     -.028     -.024     -.020     -.017     -.014     -.011
     -.008     -.005     -.003      .000      .002      .005      .007      .009
      .011      .013      .015      .016      .018      .020      .021      .023
      .024      .025      .026      .027      .028      .029      .030      .031
      .032      .033      .033      .034      .035      .036      .037      .038
      .039      .041      .042      .043      .045      .046      .048      .050
      .052      .054      .056      .059      .061      .064      .067      .069
      .072      .075      .079      .082      .085      .088      .092      .095
      .099      .103      .107      .111      .115      .120      .124      .129
      .134      .139      .144      .150      .155      .161      .166      .172
      .178      .185      .191      .198      .204      .211      .218      .225
      .232      .239      .247      .254      .262      .270      .278      .286
      .294      .302      .310      .319      .327      .335      .343      .352
      .360      .369      .377      .385      .394      .402      .410      .419
      .427      .435      .443      .450      .458      .465      .473      .480
      .487      .494      .501      .508      .515      .521      .528      .534
      .540      .546      .551      .556      .561      .566      .570      .574
      .578      .581      .584      .587      .589      .590      .591      .592
      .592      .592      .591      .590      .588      .586      .583      .580
      .576      .572      .568      .563      .557      .551      .545      .538
      .531      .524      .516      .508      .500      .492      .483      .474
      .465      .456      .447      .437      .428      .418      .408      .398
      .388      .378      .368      .358      .348      .338      .327      .317
      .307      .297      .287      .276      .266      .255      .245      .235
      .225      .214      .204      .194      .183      .173      .162      .152
      .142      .131      .121      .111      .100      .090      .080      .069
      .059      .049      .040      .030      .020      .011      .002     -.008
     -.017     -.026     -.035     -.043     -.052     -.060     -.068     -.076
     -.084     -.092     -.100     -.107     -.114     -.122     -.129     -.136
     -.143     -.150     -.157     -.163     -.170     -.177     -.184     -.191
     -.197     -.204     -.211     -.218     -.225     -.232     -.239     -.246
     -.253     -.260     -.267     -.274     -.282     -.289     -.296     -.303
     -.310     -.316     -.323     -.330     -.337     -.343     -.350     -.356
     -.362     -.368     -.373     -.379     -.384     -.389     -.393     -.397
     -.401     -.405     -.408     -.411     -.413     -.415     -.417     -.419
     -.420     -.421     -.422     -.422     -.423     -.423     -.422     -.422
     -.421     -.420     -.419     -.418     -.416     -.414     -.412     -.410
     -.408     -.405     -.402     -.399     -.396     -.392     -.389     -.385
     -.380     -.376     -.371     -.367     -.362     -.357     -.352     -.347
     -.342     -.337     -.331     -.326     -.320     -.315     -.310     -.304
     -.299     -.293     -.288     -.282     -.277     -.271     -.265     -.259
     -.254     -.248     -.242     -.235     -.229     -.223     -.216     -.210
     -.204     -.197     -.191     -.185     -.178     -.172     -.166     -.160
     -.153     -.147     -.141     -.135     -.129     -.123     -.117     -.112
     -.106     -.100     -.095     -.089     -.083     -.078     -.072     -.067
     -.061     -.056     -.051     -.045     -.040     -.035     -.031     -.026