.081      .072      .064      .054      .045      .035      .025      .015
      .006     -.004     -.013     -.022     -.031     -.041     -.050     -.059
     -.068     -.076     -.085     -.094     -.103     -.113     -.122     -.131
     -.140     -.148     -.156     -.164     -.171     -.179     -.186     -.194
     -.202     -.210     -.218     -.225     -.233     -.240     -.247     -.254
     -.262     -.269     -.277     -.285     -.293     -.301     -.309     -.317
     -.324     -.332     -.339     -.348     -.356     -.365     -.374     -.384
     -.393     -.402     -.410     -.419     -.426     -.434     -.442     -.450
     -.459     -.469     -.479     -.489     -.499     -.509     -.518     -.526
     -.535     -.543     -.551     -.560     -.568     -.577     -.586     -.594
     -.603     -.611     -.619     -.628     -.636     -.645     -.652     -.659
     -.666     -.673     -.680     -.687     -.694     -.702     -.710     -.718
     -.725     -.733     -.740     -.748     -.755     -.763     -.770     -.778
     -.785     -.793     -.801     -.809     -.816     -.824     -.831     -.838
     -.845     -.853     -.860     -.867     -.873     -.879     -.885     -.889
     -.893     -.897     -.901     -.905     -.909     -.913     -.917     -.922
     -.926     -.931     -.935     -.939     -.941     -.943     -.945     -.946
     -.948     -.950     -.953     -.956     -.960     -.964     -.969     -.974
     -.979     -.984     -.987     -.990     -.992     -.994     -.996     -.998
     -.999    -1.000    -1.001    -1.002    -1.002    -1.003    -1.005    -1.007
    -1.010    -1.013    -1.016    -1.018    -1.019    -1.019    -1.019    -1.017
    -1.016    -1.014    -1.014    -1.014    -1.015    -1.018    -1.021    -1.024
    -1.026    -1.027    -1.028    -1.027    -1.026    -1.024    -1.023    -1.022
    -1.021    -1.021    -1.021    -1.021    -1.021    -1.020    -1.019    -1.017
    -1.015    -1.012    -1.009    -1.007    -1.005    -1.003    -1.001     -.999
     -.997     -.993     -.990     -.986     -.981     -.976     -.971     -.967
     -.962     -.957     -.953     -.947     -.940     -.931     -.922     -.912
     -.902     -.892     -.882     -.874     -.866     -.858     -.850     -.842
     -.834     -.824     -.813     -.803     -.793     -.785     -.779     -.775
     -.773     -.774     -.775     -.776     -.777     -.776     -.774     -.771
     -.767     -.762     -.758     -.754     -.752     -.751     -.750     -.748
     -.745     -.738     -.729     -.716     -.702     -.686     -.669     -.652
     -.633     -.613     -.592     -.569     -.544     -.518     -.490     -.461
     -.430     -.398     -.366     -.333     -.302     -.271     -.241     -.212
     -.183     -.155     -.127     -.099     -.072     -.048     -.025     -.004
      .014      .032      .048      .063      .078      .090      .100      .107
      .112      .116      .119      .123      .126      .130      .135      .141
      .148      .156      .166      .178      .192      .209      .227      .247
      .269      .293      .319      .345      .373      .403      .435      .469
      .507      .547      .589      .632      .675      .718      .759      .801
      .844      .887      .931      .975     1.019     1.060     1.100     1.137
     1.172     1.205     1.236     1.264     1.290     1.315     1.340     1.365
     1.390     1.416     1.443     1.469     1.494     1.517     1.539     1.559
     1.581     1.604     1.630     1.660     1.695     1.734     1.775     1.819
     1.866     1.913     1.961     2.009     2.056     2.102     2.148     2.195
     2.242     2.292     2.341     2.391     2.441     2.488     2.533     2.575
     2.611     2.643     2.670     2.692     2.712     2.731     2.751     2.772
     2.794     2.816     2.836     2.855     2.872     2.888     2.903     2.916
     2.930     2.943     2.959     2.978     3.000     3.024     3.050     3.079
     3.110     3.144     3.183     3.224     3.267     3.312     3.356     3.402
     3.450     3.499     3.549     3.600     3.650     3.698     3.744     3.787
     3.829     3.869     3.909     3.948     3.987     4.025     4.059     4.090
     4.117     4.140     4.160     4.179     4.198     4.217     4.237     4.259
     4.279     4.299     4.315     4.328     4.339     4.348     4.356     4.366
     4.379     4.394     4.412     4.433     4.456     4.479     4.502     4.524
     4.544     4.563     4.579     4.594     4.608     4.623     4.639     4.657
     4.677     4.699     4.722     4.744     4.763     4.779     4.791     4.797
     4.799     4.797     4.790     4.779     4.763     4.744     4.723     4.703
     4.686     4.673     4.663     4.653     4.643     4.632     4.618     4.604
     4.589     4.576     4.565     4.556     4.548     4.542     4.539     4.537
     4.536     4.535     4.533     4.527     4.515     4.495     4.465     4.427
     4.382     4.333     4.283     4.234     4.184     4.133     4.082     4.029
     3.977     3.927     3.880     3.838     3.802     3.770     3.744     3.723
     3.708     3.698     3.691     3.685     3.675     3.658     3.633     3.597
     3.552     3.496     3.428     3.349     3.257     3.151     3.030     2.893
     2.738     2.565     2.375     2.168     1.949     1.721     1.486     1.250
     1.016      .786      .565      .354      .157     -.027     -.195     -.348
     -.488     -.615     -.734     -.845     -.950    -1.049    -1.142    -1.229
    -1.313    -1.392    -1.467    -1.539    -1.608    -1.673    -1.734    -1.791
    -1.843    -1.887    -1.922    -1.947    -1.963    -1.970    -1.967    -1.956
    -1.936    -1.910    -1.878    -1.841    -1.804    -1.769    -1.741    -1.723
    -1.719    -1.733    -1.767    -1.822    -1.899    -1.998    -2.121    -2.268
    -2.439    -2.635    -2.854    -3.096    -3.358    -3.638    -3.933    -4.238
    -4.551    -4.869    -5.190    -5.513    -5.838    -6.165    -6.495    -6.831
    -7.174    -7.524    -7.879    -8.235    -8.589    -8.940    -9.286    -9.627
    -9.965   -10.301   -10.637   -10.972   -11.306   -11.636   -11.957   -12.263
   -12.550   -12.814   -13.056   -13.282   -13.498   -13.709   -13.922   -14.141
   -14.367   -14.604   -14.850   -15.105   -15.366   -15.630   -15.893   -16.151
   -16.398   -16.631   -16.844   -17.034   -17.200   -17.339   -17.449   -17.529
   -17.575   -17.585   -17.557   -17.489   -17.381   -17.238   -17.064   -16.868
   -16.660   -16.448   -16.245   -16.060   -15.897   -15.753   -15.618   -15.478
   -15.321   -15.138   -14.924   -14.680   -14.411   -14.122   -13.815   -13.491
   -13.147   -12.780   -12.389   -11.973   -11.530   -11.059   -10.559   -10.030
    -9.475    -8.899    -8.307    -7.701    -7.085    -6.462    -5.835    -5.206
    -4.578    -3.956    -3.342    -2.742    -2.158    -1.591    -1.043     -.516
     -.014      .460      .903     1.314     1.687     2.020     2.309     2.551
     2.748     2.900     3.008     3.075     3.101     3.089     3.041     2.960
     2.851     2.716     2.560     2.384     2.191     1.981     1.757     1.519
     1.268     1.008      .741      .473      .212     -.037     -.265     -.465
     -.631     -.761     -.854     -.916     -.951     -.965     -.962     -.948
     -.927     -.903     -.879     -.858     -.841     -.826     -.813     -.802
     -.791     -.784     -.782     -.787     -.801     -.823     -.852     -.885
     -.919     -.954     -.988    -1.021    -1.055    -1.090    -1.128    -1.168
    -1.211    -1.255    -1.300    -1.344    -1.383    -1.417    -1.443    -1.460
    -1.466    -1.462    -1.449    -1.431    -1.410    -1.388    -1.368    -1.354
    -1.345    -1.343    -1.347    -1.356    -1.368    -1.383    -1.401    -1.422
    -1.448    -1.481    -1.523    -1.573    -1.631    -1.694    -1.760    -1.827
    -1.892    -1.954    -2.013    -2.070    -2.125    -2.178    -2.230    -2.276
    -2.313    -2.332    -2.329    -2.296    -2.228    -2.125    -1.984    -1.806
    -1.593    -1.344    -1.064     -.755     -.420     -.066      .304      .686
     1.077     1.473     1.872     2.275     2.680     3.092     3.513     3.946
     4.394     4.857     5.333     5.818     6.308     6.797     7.279     7.749
     8.199     8.622     9.012     9.364     9.677     9.948    10.179    10.369
    10.518    10.627    10.695    10.719    10.701    10.638    10.533    10.383
    10.190     9.953     9.673     9.351     8.992     8.600     8.184     7.751
     7.310     6.870     6.441     6.032     5.652     5.305     4.992     4.712
     4.467     4.258     4.085     3.952     3.860     3.810     3.803     3.839
     3.920     4.043     4.206     4.407     4.643     4.912     5.210     5.534
     5.878     6.238     6.610     6.992     7.379     7.768     8.158     8.545
     8.926     9.296     9.649     9.979    10.282    10.554    10.791    10.991
    11.153    11.274    11.353    11.388    11.378    11.321    11.216    11.061
    10.854    10.594    10.280     9.911     9.493     9.035     8.547     8.041
     7.527     7.016     6.518     6.043     5.595     5.175     4.780     4.405
     4.047     3.704     3.377     3.069     2.785     2.529     2.307     2.121
     1.975     1.873     1.817     1.809     1.851     1.943     2.081     2.263
     2.487     2.749     3.043     3.367     3.715     4.082     4.462     4.852
     5.248     5.644     6.040     6.433     6.822     7.209     7.592     7.972
     8.349     8.721     9.090     9.455     9.816    10.174    10.530    10.885
    11.238    11.588    11.934    12.275    12.612    12.943    13.267    13.582
    13.886    14.177    14.450    14.702    14.929    15.130    15.302    15.446
    15.558    15.640    15.689    15.705    15.685    15.629    15.533    15.399
    15.224    15.009    14.753    14.456    14.120    13.747    13.340    12.901
    12.437    11.950    11.447    10.932    10.411     9.888     9.370     8.860
     8.360     7.872     7.395     6.928     6.466     6.009     5.552     5.095
     4.636     4.171     3.699     3.219     2.730     2.233     1.728     1.217
      .701      .182     -.340     -.862    -1.382    -1.896    -2.401    -2.891
    -3.361    -3.807    -4.224    -4.609    -4.960    -5.275    -5.553    -5.796
    -6.001    -6.170    -6.302    -6.396    -6.455    -6.479    -6.470    -6.431
    -6.363    -6.271    -6.159    -6.032    -5.896    -5.756    -5.616    -5.482
    -5.356    -5.241    -5.136    -5.043    -4.963    -4.896    -4.843    -4.804
    -4.781    -4.771    -4.775    -4.791    -4.818    -4.852    -4.893    -4.938
    -4.983    -5.028    -5.069    -5.107    -5.141    -5.171    -5.200    -5.228
    -5.257    -5.290    -5.329    -5.375    -5.431    -5.499    -5.578    -5.669
    -5.769    -5.878    -5.991    -6.108    -6.226    -6.343    -6.455    -6.559
    -6.647    -6.714    -6.753    -6.763    -6.745    -6.702    -6.636    -6.550
    -6.445    -6.324    -6.190    -6.046    -5.894    -5.737    -5.574    -5.407
    -5.232    -5.048    -4.853    -4.648    -4.432    -4.209    -3.979    -3.744
    -3.504    -3.261    -3.015    -2.767    -2.516    -2.265    -2.014    -1.763
    -1.513    -1.264    -1.018     -.779     -.549     -.331     -.128      .059
      .228      .377      .507      .618      .713      .800      .883      .968
     1.058     1.152     1.252     1.358     1.472     1.595     1.723     1.852
     1.976     2.087     2.182     2.259     2.319     2.364     2.397     2.418
     2.427     2.424     2.412     2.390     2.361     2.327     2.292     2.256
     2.220     2.184     2.147     2.108     2.067     2.024     1.978     1.931
     1.880     1.827     1.769     1.708     1.643     1.575     1.505     1.433
     1.359     1.283     1.204     1.122     1.034      .940      .837      .726
      .605      .474      .333      .184      .027     -.136     -.304     -.476
     -.651     -.830    -1.013    -1.198    -1.386    -1.576    -1.767    -1.957
    -2.146    -2.331    -2.512    -2.688    -2.858    -3.022    -3.182    -3.338
    -3.490    -3.641    -3.790    -3.939    -4.088    -4.238    -4.389    -4.540
    -4.690    -4.838    -4.983    -5.123    -5.256    -5.381    -5.496    -5.599
    -5.691    -5.771    -5.841    -5.902    -5.956    -6.003    -6.044    -6.080
    -6.109    -6.132    -6.146    -6.150    -6.143    -6.123    -6.090    -6.043
    -5.983    -5.911    -5.830    -5.743    -5.650    -5.556    -5.460    -5.364
    -5.269    -5.175    -5.084    -4.996    -4.910    -4.829    -4.751    -4.679
    -4.612    -4.551    -4.496    -4.448    -4.408    -4.376    -4.354    -4.342
    -4.342    -4.354    -4.380    -4.421    -4.475    -4.544    -4.627    -4.721
    -4.827    -4.941    -5.064    -5.193    -5.329    -5.470    -5.614    -5.763
    -5.914    -6.067    -6.220    -6.374    -6.527    -6.677    -6.823    -6.964
    -7.098    -7.225    -7.344    -7.455    -7.557    -7.652    -7.741    -7.825
    -7.906    -7.984    -8.062    -8.139    -8.217    -8.296    -8.377    -8.459
    -8.543    -8.629    -8.717    -8.807    -8.899    -8.992    -9.087    -9.182
    -9.278    -9.375    -9.472    -9.569    -9.666    -9.763    -9.859    -9.953
   -10.044   -10.132   -10.215   -10.293   -10.365   -10.431   -10.491   -10.544
   -10.589   -10.626   -10.656   -10.677   -10.690   -10.695   -10.692   -10.682
   -10.664   -10.639   -10.607   -10.567   -10.519   -10.463   -10.396   -10.317
   -10.227   -10.125   -10.010    -9.882    -9.742    -9.589    -9.426    -9.252
    -9.069    -8.877    -8.677    -8.469    -8.255    -8.035    -7.808    -7.575
    -7.336    -7.090    -6.838    -6.581    -6.319    -6.054    -5.787    -5.520
    -5.252    -4.986    -4.721    -4.458    -4.198    -3.941    -3.686    -3.434
    -3.186    -2.941    -2.699    -2.461    -2.227    -1.997    -1.772    -1.551
    -1.335    -1.124     -.919     -.721     -.528     -.343     -.163      .009
      .173      .331      .481      .623      .757      .884     1.003     1.114
     1.216     1.311     1.397     1.475     1.545     1.608     1.664     1.714
     1.758     1.797     1.831     1.859     1.884     1.904     1.921     1.935
     1.947     1.956     1.965     1.972     1.978     1.984     1.988     1.993
     1.998     2.003     2.009     2.017     2.026     2.036     2.049     2.064
     2.082     2.102     2.125     2.150     2.178     2.207     2.238     2.270
     2.303     2.336     2.369     2.402     2.435     2.468     2.501     2.535
     2.568     2.601     2.631     2.659     2.684     2.704     2.720     2.732
     2.741     2.747     2.751     2.756     2.761     2.769     2.778     2.790
     2.804     2.822     2.844     2.868     2.897     2.929     2.965     3.004
     3.047     3.095     3.145     3.199     3.255     3.314     3.374     3.435
     3.496     3.557     3.618     3.677     3.735     3.791     3.846     3.898
     3.948     3.997     4.045     4.093     4.141     4.192     4.244     4.299
     4.357     4.417     4.479     4.543     4.606     4.670     4.732     4.793
     4.851     4.906     4.956     5.000     5.037     5.067     5.088     5.101
     5.106     5.105     5.098     5.086     5.071     5.055     5.036     5.018
     5.000     4.983     4.966     4.950     4.934     4.918     4.902     4.885
     4.869     4.852     4.836     4.819     4.802     4.785     4.766     4.747
     4.725     4.700     4.672     4.639     4.602     4.560     4.512     4.461
     4.405     4.344     4.281     4.215     4.147     4.078     4.010     3.944
     3.881     3.823     3.771     3.726     3.688     3.656     3.630     3.608
     3.590     3.574     3.560     3.547     3.535     3.521     3.507     3.490
     3.469     3.445     3.418     3.387     3.354     3.319     3.284     3.249
     3.214     3.182     3.151     3.123     3.098     3.077     3.061     3.051
     3.048     3.053     3.068     3.094     3.132     3.183     3.249     3.328
     3.420     3.525     3.639     3.763     3.894     4.031     4.173     4.319
     4.467     4.616     4.766     4.916     5.065     5.214     5.362     5.510
     5.659     5.808     5.958     6.107     6.255     6.400     6.543     6.681
     6.814     6.941     7.061     7.175     7.281     7.380     7.473     7.559
     7.641     7.718     7.790     7.858     7.922     7.980     8.033     8.080
     8.119     8.150     8.173     8.187     8.191     8.186     8.173     8.153
     8.125     8.092     8.054     8.011     7.966     7.918     7.869     7.816
     7.761     7.703     7.640     7.573     7.501     7.423     7.339     7.250
     7.156     7.057     6.953     6.845     6.733     6.618     6.500     6.381
     6.260     6.137     6.013     5.889     5.763     5.637     5.511     5.385
     5.259     5.134     5.010     4.887     4.765     4.643     4.523     4.402
     4.282     4.163     4.044     3.927     3.810     3.696     3.583     3.472
     3.364     3.258     3.155     3.055     2.957     2.862     2.771     2.684
     2.601     2.524     2.451     2.384     2.322     2.266     2.215     2.168
     2.126     2.088     2.055     2.026     2.003     1.984     1.970     1.962
     1.960     1.964     1.974     1.990     2.012     2.041     2.076     2.118
     2.165     2.218     2.276     2.338     2.404     2.473     2.544     2.617
     2.691     2.765     2.838     2.911     2.982     3.051     3.117     3.178
     3.235     3.286     3.330     3.364     3.389     3.404     3.408     3.401
     3.384     3.357     3.321     3.277     3.224     3.164     3.096     3.020
     2.937     2.845     2.745     2.637     2.521     2.398     2.268     2.130
     1.985     1.835     1.678     1.515     1.347     1.174      .996      .815
      .630      .442      .252      .062     -.127     -.314     -.496     -.674
     -.847    -1.014    -1.175    -1.331    -1.482    -1.628    -1.771    -1.909
    -2.043    -2.172    -2.297    -2.418    -2.534    -2.646    -2.755    -2.860
    -2.963    -3.062    -3.159    -3.252    -3.341    -3.425    -3.504    -3.577
    -3.643    -3.702    -3.753    -3.796    -3.829    -3.854    -3.868    -3.873
    -3.868    -3.853    -3.828    -3.792    -3.746    -3.690    -3.623    -3.547
    -3.462    -3.369    -3.270    -3.164    -3.054    -2.941    -2.825    -2.708
    -2.589    -2.472    -2.355    -2.240    -2.128    -2.019    -1.914    -1.812
    -1.714    -1.621    -1.533    -1.450    -1.372    -1.300    -1.235    -1.176
    -1.123    -1.076    -1.036    -1.000     -.971     -.947     -.928     -.915
     -.907     -.905     -.910     -.923     -.942     -.969    -1.005    -1.048
    -1.100    -1.160    -1.229    -1.305    -1.388    -1.479    -1.576    -1.678
    -1.786    -1.899    -2.016    -2.136    -2.258    -2.382    -2.507    -2.631
    -2.754    -2.876    -2.995    -3.111    -3.225    -3.335    -3.441    -3.544
    -3.643    -3.739    -3.830    -3.917    -4.000    -4.079    -4.154    -4.225
    -4.292    -4.355    -4.415    -4.471    -4.523    -4.572    -4.616    -4.655
    -4.689    -4.718    -4.741    -4.760    -4.774    -4.783    -4.787    -4.786
    -4.781    -4.771    -4.757    -4.740    -4.719    -4.695    -4.668    -4.641
    -4.612    -4.583    -4.554    -4.526    -4.499    -4.473    -4.449    -4.426
    -4.405    -4.385    -4.368    -4.352    -4.337    -4.324    -4.313    -4.303
    -4.295    -4.288    -4.283    -4.280    -4.278    -4.279    -4.281    -4.285
    -4.290    -4.298    -4.309    -4.322    -4.339    -4.361    -4.388    -4.420
    -4.459    -4.505    -4.557    -4.617    -4.684    -4.757    -4.837    -4.923
    -5.015    -5.112    -5.214    -5.320    -5.431    -5.545    -5.661    -5.780
    -5.899    -6.020    -6.141    -6.262    -6.384    -6.508    -6.632    -6.758
    -6.885    -7.015    -7.146    -7.279    -7.413    -7.549    -7.686    -7.823
    -7.960    -8.097    -8.234    -8.370    -8.505    -8.639    -8.770    -8.898
    -9.023    -9.143    -9.257    -9.366    -9.469    -9.564    -9.651    -9.730
    -9.799    -9.859    -9.910    -9.951    -9.983   -10.006   -10.021   -10.029
   -10.029   -10.023   -10.012    -9.995    -9.975    -9.950    -9.922    -9.891
    -9.856    -9.818    -9.776    -9.730    -9.680    -9.625    -9.566    -9.501
    -9.432    -9.358    -9.278    -9.194    -9.105    -9.012    -8.915    -8.814
    -8.710    -8.603    -8.494    -8.383    -8.270    -8.155    -8.038    -7.921
    -7.801    -7.681    -7.559    -7.437    -7.312    -7.186    -7.059    -6.929
    -6.797    -6.662    -6.524    -6.382    -6.237    -6.087    -5.933    -5.774
    -5.611    -5.443    -5.271    -5.094    -4.913    -4.729    -4.542    -4.352
    -4.160    -3.965    -3.768    -3.570    -3.371    -3.171    -2.970    -2.770
    -2.569    -2.368    -2.168    -1.970    -1.772    -1.577    -1.385    -1.197
    -1.012     -.833     -.659     -.492     -.330     -.176     -.029      .112
      .247      .377      .501      .621      .736      .848      .957     1.062
     1.164     1.263     1.358     1.450     1.538     1.621     1.701     1.777
     1.850     1.920     1.987     2.052     2.115     2.175     2.233     2.289
     2.342     2.393     2.442     2.490     2.536     2.580     2.623     2.665
     2.705     2.745     2.783     2.820     2.857     2.894     2.931     2.969
     3.008     3.049     3.092     3.136     3.183     3.231     3.281     3.333
     3.385     3.437     3.489     3.541     3.592     3.643     3.693     3.741
     3.789     3.836     3.881     3.925     3.968     4.010     4.051     4.092
     4.133     4.174     4.215     4.258     4.302     4.349     4.397     4.446
     4.498     4.552     4.607     4.662     4.719     4.776     4.834     4.892
     4.950     5.008     5.065     5.123     5.181     5.239     5.296     5.353
     5.409     5.464     5.519     5.573     5.625     5.676     5.725     5.772
     5.817     5.860     5.901     5.940     5.977     6.011     6.044     6.076
     6.106     6.134     6.161     6.186     6.210     6.233     6.254     6.274
     6.293     6.311     6.328     6.343     6.356     6.368     6.379     6.389
     6.398     6.406     6.413     6.421     6.428     6.436     6.444     6.451
     6.460     6.468     6.476     6.484     6.492     6.500     6.509     6.517
     6.525     6.535     6.544     6.554     6.564     6.574     6.584     6.595
     6.606     6.616     6.627     6.638     6.650     6.661     6.674     6.686
     6.698     6.710     6.723     6.735     6.746     6.758     6.769     6.781
     6.792     6.804     6.815     6.827     6.838     6.848     6.857     6.865
     6.870     6.874     6.875     6.874     6.869     6.862     6.852     6.839
     6.824     6.805     6.784     6.759     6.731     6.700     6.666     6.628
     6.586     6.540     6.491     6.437     6.379     6.318     6.253     6.184
     6.112     6.036     5.957     5.875     5.790     5.701     5.610     5.516
     5.418     5.317     5.213     5.105     4.994     4.881     4.765     4.647
     4.527     4.405     4.283     4.161     4.039     3.918     3.797     3.679
     3.562     3.447     3.335     3.226     3.119     3.016     2.918     2.823
     2.733     2.647     2.566     2.490     2.419     2.352     2.289     2.230
     2.176     2.125     2.079     2.036     1.997     1.963     1.933     1.906
     1.884     1.865     1.850     1.839     1.832     1.828     1.827     1.830
     1.836     1.845     1.857     1.870     1.886     1.904     1.923     1.943
     1.964     1.985     2.007     2.028     2.048     2.067     2.083     2.097
     2.107     2.113     2.114     2.111     2.102     2.088     2.069     2.046
     2.018     1.986     1.950     1.911     1.868     1.822     1.774     1.722
     1.668     1.611     1.552     1.489     1.424     1.355     1.283     1.207
     1.128     1.046      .960      .871      .778      .683      .586      .487
      .386      .285      .183      .080     -.022     -.124     -.226     -.327
     -.429     -.530     -.630     -.729     -.827     -.923    -1.018    -1.110
    -1.199    -1.286    -1.371    -1.453    -1.532    -1.609    -1.684    -1.756
    -1.826    -1.893    -1.959    -2.022    -2.084    -2.143    -2.201    -2.256
    -2.309    -2.360    -2.408    -2.454    -2.497    -2.537    -2.574    -2.606
    -2.635    -2.660    -2.680    -2.696    -2.708    -2.717    -2.722    -2.724
    -2.722    -2.719    -2.713    -2.705    -2.696    -2.685    -2.674    -2.661
    -2.649    -2.636    -2.623    -2.611    -2.600    -2.589    -2.579    -2.571
    -2.564    -2.559    -2.556    -2.555    -2.555    -2.557    -2.560    -2.565
    -2.571    -2.578    -2.586    -2.595    -2.605    -2.616    -2.628    -2.642
    -2.658    -2.675    -2.696    -2.719    -2.745    -2.775    -2.808    -2.845
    -2.886    -2.932    -2.981    -3.033    -3.088    -3.146    -3.207    -3.269
    -3.333    -3.399    -3.465    -3.533    -3.601    -3.670    -3.738    -3.806
    -3.874    -3.941    -4.007    -4.071    -4.135    -4.197    -4.256    -4.314
    -4.370    -4.423    -4.472    -4.519    -4.563    -4.602    -4.638    -4.670
    -4.697    -4.720    -4.738    -4.752    -4.762    -4.767    -4.768    -4.765
    -4.757    -4.745    -4.728    -4.707    -4.681    -4.651    -4.617    -4.579
    -4.537    -4.492    -4.443    -4.390    -4.334    -4.276    -4.214    -4.150
    -4.084    -4.017    -3.948    -3.878    -3.808    -3.738    -3.667    -3.597
    -3.528    -3.459    -3.391    -3.324    -3.256    -3.190    -3.124    -3.058
    -2.994    -2.930    -2.866    -2.805    -2.744    -2.684    -2.626    -2.569
    -2.514    -2.461    -2.410    -2.360    -2.313    -2.269    -2.229    -2.191
    -2.158    -2.129    -2.105    -2.085    -2.069    -2.058    -2.050    -2.046
    -2.045    -2.048    -2.055    -2.065    -2.078    -2.093    -2.112    -2.132
    -2.153    -2.176    -2.198    -2.222    -2.245    -2.267    -2.289    -2.310
    -2.332    -2.352    -2.373    -2.393    -2.414    -2.434    -2.455    -2.476
    -2.496    -2.516    -2.535    -2.553    -2.569    -2.584    -2.597    -2.608
    -2.618    -2.625    -2.629    -2.631    -2.630    -2.627    -2.621    -2.612
    -2.601    -2.587    -2.571    -2.553    -2.532    -2.508    -2.482    -2.452
    -2.419    -2.382    -2.342    -2.297    -2.248    -2.195    -2.138    -2.077
    -2.013    -1.945    -1.873    -1.798    -1.720    -1.638    -1.554    -1.468
    -1.379    -1.289    -1.198    -1.105    -1.013     -.920     -.827     -.735
     -.645     -.555     -.468     -.382     -.299     -.217     -.139     -.064
      .008      .077      .142      .202      .259      .312      .361      .407
      .448      .486      .521      .553      .581      .606      .629      .649
      .666      .680      .692      .702      .710      .715      .718      .719
      .718      .715      .711      .705      .697      .688      .679      .668
      .658      .647      .636      .625      .614      .604      .593      .583
      .572      .562      .551      .541      .531      .521      .512      .504
      .496      .489      .484      .479      .476      .475      .475      .478
      .482      .489      .498      .509      .524      .541      .561      .584
      .610      .639      .672      .708      .748      .791      .838      .888
      .941      .996     1.054     1.114     1.176     1.239     1.304     1.370
     1.436     1.502     1.568     1.634     1.700     1.764     1.828     1.890
     1.950     2.009     2.066     2.120     2.171     2.220     2.265     2.307
     2.346     2.380     2.410     2.435     2.455     2.470     2.480     2.486
     2.486     2.481     2.471     2.456     2.437     2.413     2.384     2.352
     2.315     2.276     2.232     2.186     2.137     2.085     2.031     1.974
     1.916     1.856     1.794     1.731     1.666     1.600     1.534     1.467
     1.400     1.334     1.270     1.207     1.146     1.087     1.031      .977
      .926      .877      .830      .785      .743      .703      .666      .632
      .601      .572      .547      .525      .507      .491      .479      .470
      .465      .463      .465      .471      .480      .493      .510      .530
      .555      .584      .617      .654      .694      .739      .787      .839
      .895      .954     1.015     1.079     1.144     1.211     1.278     1.345
     1.411     1.477     1.542     1.606     1.668     1.727     1.785     1.840
     1.893     1.943     1.990     2.034     2.075     2.113     2.147     2.177
     2.204     2.227     2.247     2.263     2.275     2.284     2.288     2.288
     2.284     2.276     2.262     2.244     2.222     2.194     2.161     2.125
     2.083     2.037     1.986     1.932     1.873     1.810     1.743     1.672
     1.598     1.520     1.439     1.355     1.269     1.180     1.090      .999
      .907      .814      .720      .626      .533      .439      .347      .255
      .164      .075     -.012     -.097     -.179     -.259     -.336     -.409
     -.480     -.546     -.609     -.668     -.723     -.773     -.819     -.860
     -.896     -.927     -.952     -.972     -.987     -.997    -1.001    -1.000
     -.995     -.984     -.969     -.949     -.924     -.895     -.862     -.824
     -.783     -.738     -.689     -.638     -.583     -.525     -.465     -.403
     -.338     -.272     -.205     -.136     -.067      .002      .071      .139
      .206      .271      .333      .393      .449      .502      .551      .595
      .635      .670      .701      .728      .749      .767      .780      .788
      .793      .793      .790      .782      .771      .755      .736      .712
      .685      .655      .621      .585      .546      .506      .463      .418
      .373      .326      .278      .230      .182      .133      .086      .038
     -.008     -.053     -.097     -.140     -.181     -.220     -.257     -.293
     -.326     -.357     -.385     -.411     -.433     -.451     -.466     -.477
     -.483     -.486     -.485     -.480     -.472     -.461     -.446     -.428
     -.408     -.385     -.360     -.332     -.302     -.271     -.238     -.203
     -.168     -.131     -.094     -.056     -.018      .021      .060      .100
      .139      .179      .219      .259      .299      .339      .379      .419
      .459      .499      .539      .578      .618      .657      .696      .736
      .775      .815      .854      .894      .933      .972     1.011     1.048
     1.085     1.121     1.155     1.187     1.217     1.246     1.271     1.294
     1.315     1.332     1.346     1.357     1.366     1.371     1.374     1.374
     1.371     1.366     1.358     1.347     1.334     1.317     1.298     1.275
     1.249     1.220     1.189     1.154     1.117     1.078     1.036      .993
      .947      .900      .851      .801      .749      .696      .642      .587
      .531      .475      .419      .363      .307      .252      .198      .145
      .093      .042     -.007     -.055     -.101     -.145     -.187     -.228
     -.267     -.304     -.340     -.374     -.405     -.435     -.463     -.489
     -.511     -.532     -.549     -.565     -.578     -.591     -.602     -.613
     -.623     -.633     -.643     -.652     -.662     -.670     -.679     -.686
     -.692     -.698     -.703     -.708     -.713     -.718     -.724     -.730
     -.737     -.745     -.754     -.765     -.776     -.788     -.801     -.816
     -.831     -.848     -.866     -.886     -.908     -.931     -.956     -.984
    -1.013    -1.044    -1.077    -1.112    -1.148    -1.185    -1.222    -1.261
    -1.299    -1.337    -1.375    -1.413    -1.450    -1.486    -1.521    -1.555
    -1.589    -1.622    -1.654    -1.685    -1.716    -1.745    -1.773    -1.800
    -1.825    -1.849    -1.870    -1.890    -1.909    -1.926    -1.941    -1.956
    -1.969    -1.981    -1.992    -2.002    -2.010    -2.017    -2.023    -2.026
    -2.027    -2.027    -2.024    -2.019    -2.011    -2.002    -1.990    -1.977
    -1.961    -1.943    -1.923    -1.901    -1.877    -1.850    -1.822    -1.792
    -1.760    -1.727    -1.692    -1.657    -1.620    -1.582    -1.544    -1.505
    -1.464    -1.423    -1.381    -1.339    -1.296    -1.253    -1.209    -1.165
    -1.121    -1.077    -1.033     -.990     -.947     -.904     -.863     -.822
     -.782     -.744     -.707     -.671     -.637     -.604     -.574     -.546
     -.521     -.498     -.479     -.464     -.452     -.445     -.440     -.440
     -.443     -.449     -.458     -.471     -.486     -.505     -.526     -.549
     -.575     -.604     -.634     -.665     -.698     -.732     -.766     -.800
     -.835     -.869     -.903     -.936     -.970    -1.002    -1.034    -1.065
    -1.096    -1.125    -1.153    -1.181    -1.206    -1.230    -1.253    -1.273
    -1.292    -1.308    -1.322    -1.333    -1.342    -1.347    -1.349    -1.348
    -1.343    -1.334    -1.321    -1.304    -1.282    -1.256    -1.225    -1.189
    -1.148    -1.102    -1.051     -.996     -.937     -.873     -.806     -.736
     -.663     -.587     -.510     -.431     -.351     -.270     -.188     -.106
     -.024      .059      .141      .223      .303      .383      .460      .536
      .609      .680      .748      .813      .875      .934      .989     1.041
     1.089     1.133     1.172     1.207     1.238     1.264     1.285     1.300
     1.311     1.316     1.315     1.310     1.299     1.283     1.261     1.235
     1.204     1.168     1.129     1.086     1.039      .989      .937      .881
      .824      .765      .703      .641      .577      .513      .449      .384
      .320      .256      .193      .131      .071      .012     -.045     -.100
     -.152     -.203     -.251     -.296     -.339     -.379     -.415     -.448
     -.478     -.503     -.523     -.539     -.550     -.555     -.555     -.549
     -.539     -.523     -.502     -.475     -.444     -.409     -.368     -.323
     -.273     -.218     -.159     -.096     -.030      .041      .114      .190
      .269      .350      .432      .516      .600      .686      .771      .857
      .943     1.029     1.114     1.198     1.282     1.365     1.446     1.527
     1.606     1.683     1.758     1.832     1.903     1.971     2.036     2.098
     2.157     2.211     2.261     2.307     2.349     2.385     2.417     2.443
     2.464     2.479     2.489     2.494     2.493     2.487     2.476     2.460
     2.439     2.415     2.386     2.354     2.318     2.279     2.236     2.191
     2.143     2.092     2.039     1.985     1.929     1.872     1.814     1.756
     1.697     1.638     1.579     1.520     1.461     1.404     1.347     1.291
     1.235     1.180     1.126     1.073     1.020      .968      .916      .865
      .815      .766      .717      .669      .623      .578      .534      .492
      .453      .415      .381      .350      .322      .297      .277      .261
      .249      .241      .236      .236      .240      .246      .256      .269
      .285      .303      .324      .348      .373      .400      .430      .460
      .491      .523      .556      .588      .620      .652      .683      .714
      .743      .771      .798      .823      .847      .869      .888      .905
      .919      .929      .937      .941      .942      .939      .932      .921
      .907      .888      .865      .839      .809      .776      .739      .700
      .658      .613      .567      .518      .468      .416      .363      .309
      .254      .198      .142      .085      .028     -.028     -.083     -.138
     -.192     -.244     -.295     -.344     -.390     -.435     -.477     -.517
     -.554     -.590     -.622     -.652     -.680     -.705     -.728     -.748
     -.766     -.781     -.793     -.803     -.810     -.813     -.815     -.813
     -.809     -.802     -.793     -.782     -.769     -.754     -.737     -.719
     -.698     -.675     -.651     -.626     -.598     -.570     -.540     -.510
     -.479     -.447     -.415     -.383     -.351     -.319     -.287     -.255
     -.224     -.193     -.163     -.133     -.105     -.076     -.049     -.023
      .003      .028      .052      .075      .097      .117      .138      .156
      .174      .191      .207      .222      .235      .248      .259      .268
      .277      .283      .289      .292      .293      .292      .289      .284
      .278      .269      .259      .248      .236      .223      .209      .195
      .180      .165      .149      .133      .117      .101      .084      .068
      .052      .037      .022      .008     -.006     -.019     -.031     -.042
     -.052     -.060     -.068     -.074     -.078     -.081     -.082     -.082
     -.080     -.076     -.071     -.065     -.057     -.047     -.036     -.023
     -.009      .006      .023      .041      .060      .081      .103      .126
      .150      .175      .200      .227      .255      .283      .311      .340
      .370      .399      .429      .458      .486      .514      .541      .566
      .590      .612      .632      .650      .666      .679      .689      .697
      .701      .703      .703      .700      .694      .686      .676      .663
      .648      .631      .613      .592      .570      .547      .523      .498
      .473      .447      .421      .394      .368      .341      .314      .288
      .261      .235      .209      .183      .157      .132      .108      .084
      .061      .039      .018     -.001     -.020     -.037     -.052     -.067
     -.079     -.090     -.099     -.106     -.112     -.117     -.119     -.120
     -.120     -.119     -.117     -.113     -.110     -.105     -.101     -.096
     -.091     -.087     -.083     -.079     -.075     -.072     -.070     -.068
     -.066     -.065     -.065     -.066     -.068     -.070     -.072     -.075
     -.078     -.082     -.086     -.090     -.094     -.100     -.106     -.112
     -.119     -.128     -.137     -.146     -.156     -.167     -.178     -.189
     -.200     -.212     -.224     -.236     -.249     -.261     -.274     -.287
     -.300     -.315     -.329     -.344     -.360     -.376     -.393     -.410
     -.427     -.445     -.463     -.482     -.501     -.521     -.540     -.560
     -.580     -.600     -.620     -.640     -.660     -.680     -.700     -.721
     -.741     -.761     -.780     -.800     -.820     -.840     -.859     -.879
     -.899     -.919     -.939     -.960     -.980    -1.002    -1.023    -1.046
    -1.068    -1.091    -1.115    -1.139    -1.164    -1.189    -1.215    -1.242
    -1.270    -1.298    -1.328    -1.358    -1.389    -1.420    -1.452    -1.485
    -1.519    -1.553    -1.587    -1.623    -1.658    -1.695    -1.732    -1.769
    -1.807    -1.846    -1.885    -1.925    -1.964    -2.004    -2.044    -2.083
    -2.122    -2.161    -2.199    -2.236    -2.273    -2.310    -2.346    -2.382
    -2.418    -2.453    -2.488    -2.523    -2.557    -2.592    -2.625    -2.659
    -2.691    -2.724    -2.756    -2.787    -2.817    -2.846    -2.874    -2.901
    -2.926    -2.950    -2.971    -2.991    -3.008    -3.022    -3.034    -3.042
    -3.047    -3.048    -3.045    -3.039    -3.028    -3.013    -2.995    -2.972
    -2.946    -2.916    -2.882    -2.845    -2.806    -2.763    -2.717    -2.668
    -2.616    -2.562    -2.505    -2.446    -2.385    -2.321    -2.256    -2.188
    -2.120    -2.049    -1.977    -1.904    -1.830    -1.755    -1.679    -1.601
    -1.523    -1.444    -1.365    -1.285    -1.204    -1.124    -1.044     -.964
     -.884     -.806     -.728     -.652     -.577     -.503     -.431     -.361
     -.292     -.224     -.159     -.095     -.034      .026      .083      .138
      .190      .240      .288      .334      .378      .420      .461      .500
      .537      .572      .607      .639      .671      .700      .729      .756
      .781      .806      .829      .852      .873      .894      .913      .932
      .951      .968      .985     1.002     1.017     1.032     1.046     1.060
     1.072     1.085     1.096     1.108     1.119     1.130     1.141     1.153
     1.164     1.176     1.189     1.202     1.216     1.231     1.247     1.265
     1.283     1.304     1.325     1.349     1.373     1.400     1.428     1.457
     1.488     1.520     1.553     1.587     1.622     1.658     1.695     1.732
     1.769     1.808     1.846     1.884     1.923     1.961     2.000     2.038
     2.076     2.113     2.150     2.186     2.222     2.256     2.290     2.322
     2.353     2.383     2.411     2.438     2.463     2.486     2.508     2.527
     2.545     2.560     2.574     2.585     2.594     2.601     2.606     2.608
     2.608     2.606     2.601     2.593     2.584     2.571     2.557     2.539
     2.520     2.498     2.475     2.449     2.422     2.393     2.362     2.331
     2.297     2.263     2.227     2.190     2.152     2.113     2.072     2.030
     1.988     1.944     1.901     1.857     1.813     1.769     1.725     1.681
     1.638     1.594     1.551     1.508     1.465     1.423     1.380     1.339
     1.298     1.258     1.219     1.181     1.144     1.107     1.072     1.038
     1.005      .972      .941      .911      .882      .854      .827      .802
      .777      .753      .731      .709      .688      .669      .650      .632
      .615      .599      .585      .572      .561      .551      .543      .536
      .530      .526      .523      .521      .520      .520      .521      .522
      .523      .525      .526      .527      .528      .528      .527      .526
      .525      .523      .521      .518      .515      .511      .507      .501
      .495      .488      .479      .469      .458      .445      .431      .416
      .399      .381      .361      .340      .317      .292      .266      .238
      .208      .177      .144      .110      .075      .040      .003     -.033
     -.070     -.107     -.144     -.181     -.218     -.254     -.290     -.326
     -.361     -.396     -.431     -.465     -.499     -.533     -.566     -.599
     -.632     -.664     -.697     -.728     -.760     -.790     -.820     -.850
     -.878     -.905     -.930     -.955     -.978     -.999    -1.019    -1.038
    -1.054    -1.069    -1.082    -1.092    -1.101    -1.108    -1.113    -1.116
    -1.118    -1.117    -1.115    -1.112    -1.106    -1.100    -1.091    -1.082
    -1.071    -1.059    -1.046    -1.031    -1.016    -1.000     -.983     -.965
     -.947     -.928     -.908     -.888     -.867     -.846     -.824     -.802
     -.780     -.758     -.737     -.715     -.694     -.674     -.654     -.635
     -.616     -.598     -.581     -.564     -.549     -.534     -.520     -.507
     -.496     -.486     -.477     -.468     -.461     -.455     -.449     -.445
     -.442     -.440     -.439     -.439     -.441     -.444     -.448     -.453
     -.461     -.470     -.480     -.493     -.507     -.523     -.541     -.560
     -.581     -.603     -.626     -.651     -.677     -.703     -.731     -.759
     -.788     -.817     -.846     -.875     -.905     -.934     -.964     -.993
    -1.022    -1.051    -1.078    -1.105    -1.131    -1.156    -1.179    -1.202
    -1.222    -1.241    -1.258    -1.273    -1.286    -1.296    -1.303    -1.308
    -1.310    -1.310    -1.306    -1.300    -1.290    -1.277    -1.261    -1.242
    -1.219    -1.194    -1.166    -1.135    -1.101    -1.064    -1.023     -.979
     -.932     -.882     -.829     -.774     -.716     -.657     -.597     -.535
     -.473     -.410     -.347     -.284     -.221     -.158     -.096     -.035
      .025      .084      .141      .196      .249      .300      .349      .395
      .439      .481      .521      .559      .594      .626      .656      .683
      .707      .729      .748      .765      .779      .790      .800      .807
      .812      .815      .816      .814      .811      .805      .797      .787
      .775      .762      .748      .732      .715      .698      .680      .661
      .642      .623      .604      .585      .565      .546      .526      .506
      .487      .467      .449      .430      .413      .396      .380      .366
      .351      .338      .326      .314      .303      .293      .284      .276
      .270      .265      .262      .260      .260      .261      .265      .270
      .277      .286      .296      .308      .321      .336      .353      .370
      .388      .407      .427      .447      .467      .488      .508      .528
      .547      .566      .585      .603      .620      .637      .654      .670
      .686      .701      .716      .731      .745      .759      .772      .784
      .796      .807      .816      .825      .832      .839      .844      .848
      .851      .852      .852      .851      .849      .845      .840      .834
      .828      .820      .812      .803      .794      .785      .775      .765
      .755      .745      .736      .726      .716      .707      .697      .688
      .680      .672      .664      .657      .650      .645      .640      .635
      .632      .629      .628      .626      .626      .625      .625      .625
      .626      .627      .628      .631      .634      .638      .642      .647
      .654      .660      .668      .676      .684      .693      .703      .714
      .726      .738      .752      .766      .780      .796      .812      .829
      .846      .864      .883      .901      .920      .938      .956      .974
      .990     1.005     1.019     1.031     1.042     1.052     1.060     1.067
     1.073     1.077     1.081     1.084     1.086     1.086     1.085     1.083
     1.079     1.074     1.069     1.063     1.056     1.050     1.043     1.036
     1.028     1.019     1.008      .996      .983      .968      .953      .936
      .919      .900      .880      .858      .836      .812      .787      .761
      .734      .706      .678      .650      .621      .591      .559      .527
      .494      .459      .424      .388      .351      .314      .277      .239
      .201      .162      .123      .084      .044      .004     -.036     -.078
     -.119     -.161     -.202     -.242     -.282     -.320     -.356     -.391
     -.425     -.458     -.489     -.521     -.552     -.583     -.613     -.645
     -.675     -.706     -.736     -.765     -.794     -.821     -.847     -.872
     -.896     -.919     -.942     -.964     -.985    -1.006    -1.026    -1.045
    -1.063    -1.080    -1.094    -1.107    -1.119    -1.129    -1.138    -1.145
    -1.152    -1.159    -1.164    -1.169    -1.174    -1.178    -1.182    -1.185
    -1.187    -1.190    -1.193    -1.195    -1.198    -1.200    -1.202    -1.204
    -1.205    -1.206    -1.207    -1.207    -1.207    -1.207    -1.207    -1.207
    -1.208    -1.209    -1.211    -1.214    -1.218    -1.222    -1.227    -1.233
    -1.240    -1.247    -1.256    -1.266    -1.278    -1.292    -1.307    -1.324
    -1.342    -1.362    -1.382    -1.404    -1.426    -1.449    -1.472    -1.496
    -1.521    -1.546    -1.571    -1.598    -1.625    -1.652    -1.680    -1.708
    -1.737    -1.766    -1.795    -1.824    -1.852    -1.881    -1.908    -1.934
    -1.960    -1.984    -2.007    -2.027    -2.046    -2.063    -2.078    -2.090
    -2.100    -2.108    -2.112    -2.115    -2.114    -2.111    -2.105    -2.096
    -2.084    -2.070    -2.054    -2.035    -2.014    -1.991    -1.966    -1.939
    -1.910    -1.881    -1.850    -1.818    -1.785    -1.751    -1.717    -1.681
    -1.645    -1.607    -1.569    -1.530    -1.490    -1.450    -1.410    -1.370
    -1.331    -1.292    -1.254    -1.216    -1.180    -1.144    -1.110    -1.077
    -1.045    -1.014     -.984     -.955     -.927     -.901     -.876     -.852
     -.830     -.809     -.789     -.771     -.753     -.737     -.722     -.708
     -.694     -.683     -.672     -.663     -.655     -.649     -.645     -.643
     -.643     -.645     -.649     -.655     -.664     -.674     -.686     -.701
     -.717     -.734     -.753     -.773     -.794     -.816     -.838     -.861
     -.885     -.908     -.931     -.955     -.977     -.999    -1.020    -1.040
    -1.058    -1.074    -1.089    -1.102    -1.112    -1.121    -1.127    -1.131
    -1.132    -1.131    -1.127    -1.120    -1.110    -1.097    -1.081    -1.062
    -1.041    -1.016     -.988     -.957     -.924     -.887     -.847     -.804
     -.758     -.709     -.656     -.601     -.543     -.483     -.422     -.358
     -.294     -.228     -.161     -.093     -.025      .044      .114      .184
      .254      .324      .394      .463      .532      .599      .665      .730
      .793      .855      .916      .975     1.034     1.090     1.145     1.197
     1.248     1.296     1.341     1.383     1.423     1.459     1.492     1.522
     1.549     1.572     1.592     1.608     1.620     1.630     1.635     1.637
     1.636     1.631     1.623     1.612     1.598     1.581     1.561     1.537
     1.511     1.482     1.450     1.416     1.380     1.342     1.302     1.261
     1.219     1.176     1.131     1.087     1.041      .995      .949      .903
      .857      .811      .765      .720      .676      .633      .591      .551
      .512      .474      .438      .403      .369      .337      .307      .279
      .252      .228      .206      .186      .168      .153      .140      .130
      .123      .119      .117      .119      .123      .131      .141      .155
      .171      .190      .212      .235      .262      .290      .320      .352
      .386      .422      .459      .497      .538      .579      .622      .667
      .713      .760      .809      .858      .909      .960     1.013     1.066
     1.119     1.173     1.227     1.282     1.336     1.390     1.444     1.497
     1.548     1.599     1.649     1.696     1.742     1.786     1.827     1.866
     1.902     1.934     1.964     1.990     2.012     2.032     2.047     2.059
     2.069     2.074     2.077     2.077     2.073     2.067     2.058     2.046
     2.031     2.013     1.993     1.970     1.945     1.917     1.888     1.856
     1.822     1.786     1.748     1.709     1.668     1.625     1.581     1.537
     1.491     1.445     1.399     1.353     1.308     1.262     1.218     1.174
     1.130     1.088     1.046     1.006      .967      .930      .894      .861
      .830      .800      .773      .749      .726      .706      .689      .673
      .659      .647      .637      .629      .624      .620      .618      .618
      .620      .624      .631      .639      .648      .660      .672      .686
      .701      .717      .734      .751      .769      .787      .805      .823
      .841      .858      .875      .890      .905      .920      .933      .946
      .957      .968      .978      .986      .993      .999     1.003     1.006
     1.008     1.008     1.006     1.003      .999      .993      .986      .978
      .969      .958      .945      .932      .916      .900      .883      .864
      .845      .826      .807      .787      .767      .747      .727      .707
      .688      .667      .647      .627      .607      .587      .567      .548
      .529      .511      .494      .477      .461      .446      .431      .418
      .405      .393      .382      .373      .364      .357      .351      .346
      .343      .340      .339      .338      .339      .341      .343      .346
      .350      .354      .358      .363      .367      .371      .375      .379
      .382      .384      .386      .387      .387      .387      .385      .383
      .380      .375      .370      .363      .356      .347      .337      .326
      .313      .299      .284      .267      .249      .229      .207      .184
      .159      .133      .105      .076      .046      .015     -.016     -.047
     -.079     -.111     -.142     -.174     -.205     -.236     -.266     -.296
     -.325     -.352     -.379     -.405     -.430     -.454     -.478     -.500
     -.521     -.542     -.561     -.580     -.597     -.613     -.628     -.641
     -.654     -.665     -.674     -.682     -.688     -.693     -.696     -.697
     -.697     -.695     -.692     -.686     -.680     -.672     -.662     -.652
     -.641     -.629     -.617     -.604     -.590     -.576     -.563     -.549
     -.536     -.523     -.511     -.500     -.489     -.479     -.469     -.460
     -.451     -.443     -.435     -.428     -.421     -.415     -.410     -.407
     -.404     -.403     -.403     -.404     -.407     -.411     -.416     -.424
     -.432     -.443     -.454     -.468     -.483     -.500     -.518     -.538
     -.559     -.582     -.605     -.630     -.656     -.682     -.710     -.738
     -.767     -.797     -.827     -.859     -.891     -.923     -.956     -.989
    -1.023    -1.057    -1.091    -1.126    -1.161    -1.196    -1.232    -1.268
    -1.303    -1.339    -1.374    -1.410    -1.444    -1.479    -1.512    -1.545
    -1.577    -1.607    -1.637    -1.666    -1.693    -1.719    -1.743    -1.765
    -1.786    -1.805    -1.822    -1.837    -1.851    -1.862    -1.871    -1.879
    -1.884    -1.888    -1.891    -1.892    -1.891    -1.889    -1.886    -1.881
    -1.875    -1.868    -1.860    -1.851    -1.841    -1.830    -1.819    -1.807
    -1.794    -1.781    -1.767    -1.753    -1.739    -1.724    -1.709    -1.694
    -1.679    -1.663    -1.648    -1.632    -1.616    -1.601    -1.586    -1.571
    -1.556    -1.542    -1.529    -1.516    -1.504    -1.493    -1.483    -1.473
    -1.464    -1.456    -1.449    -1.443    -1.437    -1.433    -1.429    -1.426
    -1.424    -1.423    -1.423    -1.423    -1.424    -1.426    -1.428    -1.430
    -1.434    -1.437    -1.440    -1.444    -1.448    -1.451    -1.455    -1.458
    -1.461    -1.463    -1.465    -1.467    -1.467    -1.468    -1.467    -1.466
    -1.463    -1.459    -1.454    -1.448    -1.440    -1.431    -1.420    -1.408
    -1.395    -1.380    -1.364    -1.347    -1.328    -1.308    -1.286    -1.263
    -1.239    -1.213    -1.186    -1.157    -1.127    -1.095    -1.063    -1.030
     -.996     -.962     -.927     -.891     -.855     -.819     -.783     -.747
     -.710     -.674     -.637     -.601     -.565     -.530     -.494     -.460
     -.425     -.391     -.358     -.325     -.293     -.262     -.231     -.201
     -.171     -.143     -.115     -.088     -.062     -.037     -.013      .011
      .033      .055      .076      .097      .116      .136      .155      .173
      .191      .208      .225      .241      .257      .272      .286      .301
      .314      .328      .341      .353      .366      .378      .390      .402
      .414      .426      .437      .449      .460      .472      .483      .495
      .507      .519      .532      .545      .558      .573      .587      .602
      .618      .634      .651      .668      .686      .705      .723      .743
      .762      .782      .803      .823      .845      .866      .889      .911
      .934      .958      .982     1.006     1.031     1.055     1.078     1.102
     1.124     1.146     1.168     1.189     1.209     1.229     1.249     1.269
     1.290     1.310     1.331     1.351     1.372     1.391     1.411     1.430
     1.448     1.465     1.483     1.499     1.516     1.532     1.548     1.564
     1.579     1.595     1.611     1.627     1.643     1.658     1.674     1.689
     1.705     1.720     1.735     1.751     1.766     1.781     1.797     1.813
     1.830     1.846     1.863     1.881     1.899     1.918     1.936     1.955
     1.974     1.993     2.012     2.031     2.049     2.068     2.086     2.103
     2.120     2.137     2.152     2.167     2.181     2.194     2.206     2.217
     2.226     2.234     2.241     2.246     2.249     2.251     2.251     2.249
     2.246     2.240     2.233     2.225     2.214     2.202     2.188     2.172
     2.155     2.135     2.114     2.091     2.066     2.040     2.013     1.984
     1.953     1.921     1.888     1.854     1.819     1.782     1.745     1.706
     1.667     1.627     1.586     1.545     1.503     1.461     1.418     1.375
     1.332     1.289     1.246     1.202     1.159     1.115     1.072     1.030
      .987      .945      .903      .861      .820      .780      .739      .699
      .660      .621      .583      .545      .508      .471      .434      .398
      .362      .326      .290      .254      .219      .183      .148      .113
      .079      .044      .010     -.023     -.056     -.088     -.120     -.151
     -.182     -.212     -.242     -.271     -.300     -.328     -.356     -.383
     -.410     -.437     -.463     -.489     -.514     -.539     -.564     -.589
     -.613     -.637     -.661     -.684     -.707     -.729     -.752     -.773
     -.794     -.815     -.835     -.854     -.873     -.891     -.909     -.927
     -.943     -.959     -.974     -.989    -1.003    -1.017    -1.030    -1.043
    -1.055    -1.067    -1.079    -1.090    -1.101    -1.112    -1.123    -1.134
    -1.145    -1.156    -1.167    -1.177    -1.188    -1.198    -1.209    -1.219
    -1.229    -1.238    -1.248    -1.258    -1.268    -1.277    -1.287    -1.297
    -1.307    -1.317    -1.326    -1.336    -1.344    -1.353    -1.361    -1.369
    -1.376    -1.383    -1.389    -1.394    -1.399    -1.403    -1.406    -1.409
    -1.411    -1.411    -1.412    -1.411    -1.411    -1.409    -1.407    -1.404
    -1.400    -1.396    -1.392    -1.387    -1.381    -1.375    -1.369    -1.362
    -1.355    -1.347    -1.338    -1.329    -1.321    -1.311    -1.302    -1.292
    -1.282    -1.272    -1.262    -1.252    -1.242    -1.232    -1.222    -1.212
    -1.201    -1.191    -1.180    -1.169    -1.157    -1.145    -1.132    -1.118
    -1.103    -1.087    -1.070    -1.051    -1.032    -1.011     -.988     -.964
     -.938     -.910     -.881     -.851     -.819     -.787     -.753     -.718
     -.682     -.645     -.608     -.570     -.532     -.493     -.454     -.415
     -.376     -.336     -.298     -.259     -.220     -.182     -.144     -.107
     -.070     -.033      .003      .038      .073      .107      .141      .173
      .205      .235      .265      .293      .320      .346      .370      .393
      .414      .433      .451      .467      .481      .494      .505      .515
      .523      .530      .535      .539      .541      .541      .541      .539
      .535      .530      .524      .517      .509      .500      .490      .480
      .469      .457      .444      .431      .418      .403      .389      .374
      .359      .343      .327      .312      .296      .280      .265      .250
      .235      .221      .207      .194      .182      .170      .159      .149
      .139      .130      .121      .113      .106      .099      .093      .088
      .083      .078      .075      .072      .069      .067      .064      .063