-.210     -.310     -.620    -1.150    -1.560    -1.390     -.570      .330
      .690      .440      .090      .040      .240      .390      .340      .130
     -.140     -.430     -.600     -.500     -.090      .410      .690      .670
      .540      .580      .760      .750      .310     -.380     -.910    -1.030
     -.900     -.720     -.430      .160     1.090     2.040     2.550     2.230
     1.050     -.640    -2.330    -3.510    -3.680    -2.410      .160     2.990
     4.600     4.300     2.720      .860     -.940    -2.760    -4.110    -4.040
    -2.330      .070     2.050     3.370     4.210     4.170     2.670      .240
    -1.490    -1.440     -.280      .710     1.240     2.020     3.210     3.860
     3.290     2.190     1.780     2.120     2.150     1.280      .230     -.070
      .170      .080     -.380     -.170     1.350     3.290     4.100     3.200
     1.310     -.630    -2.200    -3.110    -2.810    -1.110     1.130     2.410
     2.110     1.060      .480      .480      .160     -.960    -2.080    -2.040
     -.770      .720     1.750     2.750     4.260     5.570     5.170     2.580
     -.810    -3.120    -3.890    -3.920    -3.650    -2.610     -.510     1.890
     3.730     5.130     6.490     7.140     5.810     2.540     -.850    -2.690
    -3.020    -2.640    -1.620      .250     2.200     2.910     2.230     1.540
     1.900     2.920     3.680     3.910     3.780     3.160     2.040     1.200
     1.410     2.230     2.270      .670    -2.050    -4.520    -5.280    -3.310
     1.280     6.720    10.480    11.140     9.220     6.070     2.650     -.560
    -3.130    -4.910    -6.110    -6.750    -6.120    -3.500      .810     5.500
     9.110    10.600     9.430     5.900     1.420    -2.170    -3.870    -3.880
    -2.700     -.630     1.700     3.350     3.990     4.350     4.930     4.770
     2.380    -2.030    -6.080    -7.390    -5.560    -1.920     1.970     4.970
     6.220     5.470     3.630     2.250     1.940     1.810      .860     -.530
     -.770     1.290     5.080     8.610     9.740     7.540     2.940    -1.760
    -4.590    -5.230    -4.680    -3.870    -2.620     -.250     3.210     6.480
     7.640     5.530      .640    -5.090    -9.770   -12.910   -14.750   -14.660
   -11.110    -3.970     3.810     8.320     8.540     6.870     5.610     4.040
      .160    -5.440    -9.400    -9.320    -6.420    -3.270     -.270     4.210
    10.410    15.400    15.830    11.470     5.420      .950     -.740     -.060
     2.410     6.170    10.010    12.380    12.540    11.060     8.990     6.730
     4.200     1.490    -1.030    -3.040    -4.370    -4.520    -2.690     1.200
     5.560     7.670     5.730      .370    -5.710    -9.610    -9.930    -7.190
    -3.160      .030      .640    -2.040    -7.140   -12.230   -14.370   -12.080
    -6.690    -1.390     1.290     1.270      .140     -.730     -.930     -.390
     1.050     3.090     4.850     5.660     5.790     5.930     6.210     6.050
     4.870     2.900     1.130      .740     2.310     5.420     9.020    12.280
    14.620    15.190    13.030     8.480     3.830     1.660     2.420     4.180
     4.870     3.920     1.920     -.530    -2.840    -4.130    -3.770    -2.070
      .050     1.960     3.550     4.900     6.270     8.060     9.890     9.930
     6.270     -.540    -7.330   -11.110   -11.600   -10.150    -7.190    -2.030
     4.930    11.350    14.770    14.930    13.550    12.480    12.380    12.850
    12.850    10.900     5.650    -2.620   -11.050   -15.170   -12.260    -4.200
     3.330     5.480     2.210    -2.490    -5.120    -5.600    -5.910    -7.370
   -10.110   -13.620   -16.230   -14.920    -8.100      .920     5.760     3.690
    -1.010    -2.010     1.830     6.350     7.950     6.540     3.030    -2.350
    -7.580    -7.930    -1.200     7.780    11.440     8.390     4.890     6.640
    12.070    15.160    12.540     5.830    -1.060    -4.620    -3.140     1.760
     5.120     3.040    -2.650    -5.980    -3.750     1.570     6.170     9.220
    11.040     9.670     2.930    -6.940   -13.970   -14.720   -11.290    -7.260
    -3.230     1.760     6.170     6.360     1.110    -6.290   -11.430   -13.000
   -12.940   -12.970   -12.160    -8.280    -1.290     5.290     7.400     5.110
     3.040     5.010     9.100     9.730     4.310    -4.100   -10.950   -14.730
   -16.050   -14.780   -10.490    -4.910    -1.280    -1.100    -3.300    -6.690
   -10.660   -13.270   -11.670    -6.670    -4.310    -9.740   -20.480   -29.300
   -33.220   -35.500   -37.880   -35.310   -22.180     -.960    19.300    31.810
    35.440    30.200    15.340    -5.510   -22.050   -25.270   -16.950    -7.740
    -5.600    -8.610    -9.600    -5.340      .280     1.290    -4.070   -12.180
   -18.990   -24.960   -33.650   -44.920   -52.070   -48.310   -35.120   -20.790
   -11.090    -4.740      .770     3.380     -.030    -6.620    -8.650    -1.930
     9.700    18.710    20.290    14.380     4.380    -4.130    -6.160    -2.010
     1.220    -4.700   -21.270   -41.760   -57.420   -64.050   -62.880   -57.530
   -51.800   -49.250   -52.170   -60.010   -69.620   -78.370   -86.350   -94.020
   -98.190   -92.550   -74.010   -47.550   -22.590    -4.700     7.620    18.070
    27.140    32.520    32.960    29.390    22.960    14.220     4.240    -5.210
   -13.330   -20.580   -26.930   -30.610   -29.310   -22.190   -10.380     3.510
    16.200    25.340    31.270    36.840    44.600    54.580    65.350    76.290
    87.340    96.530    99.610    93.410    79.150    61.650    45.540    32.490
    21.550    11.080      .010   -11.850   -23.930   -35.700   -47.560   -60.760
   -75.400   -88.840   -97.310   -99.600   -98.340   -96.600   -93.880   -87.240
   -76.240   -64.790   -57.210   -53.590   -50.090   -42.930   -31.420   -18.860
   -12.680   -22.160   -51.250   -91.690  -125.940  -140.280  -135.010  -120.610
  -105.460   -89.810   -71.240   -51.550   -36.100   -28.480   -28.300   -32.860
   -37.930   -37.200   -24.600      .760    33.340    66.040    94.640   115.390
   120.670   101.720    57.540    -1.020   -57.460   -98.960  -120.020  -121.070
  -106.490   -81.870   -50.210   -10.950    35.440    84.000   128.920   168.030
   199.700   218.050   218.400   207.670   201.430   207.410   218.360   225.110
   229.620   237.430   241.930   225.430   175.660    94.990    -4.130  -103.090
  -175.920  -195.670  -150.520   -51.890    74.560   200.980   300.830   353.240
   355.800   330.190   305.190   291.990   280.390   257.140   221.150   181.030
   146.720   126.570   125.210   138.490   154.200   162.640   163.690   160.570
   151.230   131.840   105.610    80.880    60.950    42.030    22.120     5.750
    -2.440    -4.080    -4.780    -8.890   -18.650   -34.900   -56.100   -79.990
  -107.940  -143.150  -181.910  -212.160  -226.660  -233.110  -244.300  -260.640
  -270.170  -263.990  -242.900  -209.000  -162.580  -111.920   -75.660   -65.620
   -72.720   -79.120   -80.680   -87.690  -104.970  -122.410  -127.640  -118.100
   -96.240   -60.930   -11.780    42.260    85.970   108.720   107.860    83.890
    39.430   -16.870   -71.390  -113.630  -141.090  -155.810  -160.030  -156.410
  -148.040  -134.700  -111.720   -76.550   -35.500     -.880    18.730    23.310
    18.090     9.480     5.010    12.720    35.500    65.810    89.200    94.960
    83.540    63.900    45.480    32.880    25.870    21.980    19.000    16.660
    16.600    20.130    26.070    31.880    36.770    41.900    46.800    47.240
    38.080    18.180    -7.770   -31.300   -44.090   -41.980   -27.220    -7.140
    10.380    20.820    23.480    19.870    11.960      .690   -14.440   -33.070
   -50.700   -59.450   -53.880   -35.440   -10.460    14.800    35.910    49.230
    52.510    47.080    37.670    30.520    32.450    49.850    84.910   131.610
   177.370   209.570   220.530   208.850   180.170   146.760   121.460   108.460
   101.090    89.910    71.310    47.080    19.710    -7.610   -27.720   -31.550
   -15.210    17.020    57.200    99.000   137.870   168.430   183.990   178.980
   151.560   104.650    44.720   -20.790   -84.880  -140.730  -182.930  -210.960
  -229.040  -239.790  -240.470  -229.280  -212.740  -200.290  -192.420  -182.310
  -170.250  -167.270  -179.360  -196.790  -206.730  -209.860  -214.440  -218.740
  -211.110  -185.660  -146.020   -93.910   -27.700    43.970   101.090   132.670
   147.860   158.820   163.250   154.230   136.720   119.310    96.850    60.170
    21.150     8.730    34.770    78.680   112.520   127.820   130.170   121.560
   101.760    78.050    58.500    39.750    14.800    -9.060   -14.360     2.320
    21.940    23.580     5.480   -18.770   -38.180   -53.470   -72.730  -102.000
  -137.310  -164.280  -170.300  -159.670  -151.950  -161.810  -183.960  -201.080
  -203.090  -195.440  -191.430  -198.960  -212.090  -214.210  -193.620  -156.830
  -120.880   -91.060   -54.470      .100    65.360   125.860   175.680   214.500
   233.590   221.920   184.690   140.120    96.900    50.740     6.590   -15.120
    -5.590    15.520    26.990    37.730    70.590   121.300   159.210   171.840
   183.780   218.190   258.390   266.890   232.580   179.700   133.450    96.130
    59.430    23.070    -7.570   -30.640   -44.630   -43.060   -22.410     8.310
    34.470    50.590    60.920    67.240    65.140    53.560    39.720    30.450
    24.280    16.710     9.270     7.840    13.980    23.040    30.040    33.210
    31.030    20.000    -2.460   -34.730   -72.060  -110.120  -146.290  -178.460
  -203.930  -220.050  -225.840  -223.100  -215.470  -205.540  -193.040  -177.050
  -159.980  -147.500  -143.080  -143.810  -143.380  -138.610  -131.310  -123.650
  -114.450  -101.260   -84.160   -65.310   -45.460   -23.460      .540    23.950
    44.850    64.090    81.860    93.020    88.640    63.440    20.700   -31.000
   -84.470  -135.940  -181.680  -216.060  -234.790  -238.910  -233.610  -223.090
  -208.030  -187.730  -162.790  -134.460  -102.760   -67.210   -29.110     8.440
    42.780    72.750    97.690   117.370   133.540   149.480   166.130   179.450
   183.180   174.560   156.640   136.290   121.000   115.960   120.650   127.510
   126.840   114.890    95.880    74.930    51.680    23.060    -9.670   -40.610
   -65.620   -85.150   -99.500  -105.050   -98.000   -80.150   -57.840   -35.850
   -14.870     5.670    25.440    44.590    64.690    86.540   109.040   131.320
   154.210   177.230   195.320   201.480   193.210   174.620   152.050   128.940
   105.220    79.560    50.940    19.350   -13.420   -44.070   -69.880   -90.020
  -103.980  -109.390  -103.200   -85.290   -59.640   -31.320    -3.150    24.580
    52.360    80.390   108.740   137.000   163.070   182.790   191.590   186.720
   168.330   138.830   101.980    62.750    26.730    -1.620   -20.420   -29.500
   -28.790   -18.910    -3.350    12.300    24.960    36.580    50.100    63.910
    72.560    72.790    66.520    57.590    48.250    39.600    33.050    28.990
    25.580    20.540    13.490     5.710    -1.230    -5.410    -5.080    -1.620
     -.340    -5.640   -15.910   -26.440   -36.590   -50.420   -69.220   -87.710
  -100.090  -107.280  -114.410  -123.140  -130.430  -134.860  -139.490  -146.200
  -150.370  -144.170  -123.830   -91.420   -51.630   -10.780    21.490    35.400
    29.560    13.420    -1.960   -13.880   -25.580   -37.160   -45.180   -50.500
   -58.630   -69.030   -70.860   -55.190   -27.330     -.610    18.120    28.820
    26.790     3.550   -36.300   -69.340   -74.440   -55.780   -36.670   -31.630
   -32.890   -25.010    -4.770    17.550    31.340    34.670    32.340    29.750
    29.190    29.370    27.950    25.150    24.090    26.810    30.840    31.180
    25.000    13.340    -1.310   -16.910   -31.570   -42.820   -48.550   -48.100
   -42.460   -33.550   -23.600   -14.490    -7.450    -3.120    -1.830    -3.700
    -8.570   -16.060   -25.340   -34.790   -42.410   -46.910   -47.970   -45.330
   -38.500   -27.900   -15.210    -1.830    12.440    27.890    42.860    54.610
    62.110    66.490    68.580    67.510    62.200    52.930    40.670    25.980
     9.860    -4.990   -15.060   -18.340   -14.960    -5.570     9.610    29.640
    51.740    72.080    87.620    96.490    97.120    88.000    69.280    44.230
    18.510    -2.740   -17.450   -26.700   -32.740   -37.220   -40.780   -43.450
   -44.770   -44.000   -40.700   -35.320   -28.870   -22.300   -16.560   -13.360
   -14.820   -21.810   -32.720   -44.460   -54.770   -63.340   -70.610   -76.130
   -78.200   -75.140   -66.560   -53.510   -37.720   -20.970    -5.020     8.600
    19.350    28.090    36.000    42.780    45.970    42.900    33.860    23.010
    15.450    12.690    11.470     8.090     3.650     3.400    10.100    19.560
    24.890    24.490    23.230    25.180    28.390    28.730    26.250    24.260
    23.650    22.180    19.750    19.560    22.180    22.890    18.730    15.020
    19.360    29.930    35.780    30.030    18.050     9.640     7.260     6.390
     4.520     4.190     7.090    10.540    11.740    11.940    13.610    15.690
    14.890    10.760     6.630     5.380     6.340     7.000     5.910     3.150
     -.640    -4.350    -6.490    -6.480    -5.390    -3.830      .570    11.810
    30.640    52.590    71.870    86.450    97.640   105.510   107.630   103.320
    96.340    91.090    87.300    81.150    71.470    62.080    57.210    56.900
    58.280    59.560    60.640    60.970    59.100    54.490    48.130    41.190
    34.280    28.070    23.530    20.950    19.890    20.190    21.980    24.370
    25.310    23.910    21.640    20.240    19.140    16.250    10.970     4.870
     -.580    -5.680   -11.400   -17.930   -24.890   -32.340   -40.570   -49.090
   -56.720   -62.560   -66.560   -69.130   -70.520   -70.830   -70.020   -68.000
   -64.780   -60.630   -55.870   -50.370   -43.790   -36.330   -28.780   -21.760
   -15.230    -9.160    -4.320    -1.640    -1.020    -1.320    -1.700    -2.490
    -4.120    -6.080    -7.330    -7.570    -7.290    -6.760    -5.650    -3.700
    -1.110     2.160     6.660    12.540    18.900    24.600    29.390    33.650
    37.150    38.870    37.980    34.570    29.210    22.540    15.330     8.230
     1.350    -5.530   -12.120   -17.490   -21.060   -23.080   -23.800   -22.920
   -20.700   -18.960   -19.790   -23.420   -28.340   -33.460   -38.890   -44.300
   -47.720   -46.910   -41.440   -32.470   -21.300    -9.010     2.530    10.770
    14.120    13.150     9.880     6.110     2.490    -1.560    -7.010   -14.060
   -21.490   -27.600   -31.760   -34.730   -37.420   -40.030   -42.510   -44.860
   -46.140   -44.300   -38.060   -28.620   -18.270    -7.710     3.880    15.820
    25.190    30.120    32.530    35.780    40.340    43.810    45.040    45.840
    47.490    47.880    43.960    36.090    27.660    20.410    12.540     2.110
    -9.500   -19.230   -26.140   -31.640   -36.480   -39.360   -39.110   -36.470
   -33.000   -29.110   -24.000   -16.960    -7.820     3.230    15.120    25.460
    31.570    32.330    28.520    21.220    10.810    -2.490   -17.440   -32.030
   -44.550   -54.260   -61.220   -65.900   -68.830   -70.080   -69.390   -66.700
   -62.680   -58.310   -53.850   -48.610   -41.770   -33.270   -23.830   -14.440
    -5.950     1.020     6.320    10.350    13.670    16.370    18.140    19.160
    20.670    24.100    29.490    35.100    38.670    38.990    36.080    30.580
    23.140    14.420     5.060    -4.210   -12.370   -18.280   -21.450   -22.430
   -21.890   -19.620   -14.960    -8.230     -.490     8.140    19.020    32.760
    47.230    58.730    65.270    67.830    68.440    67.730    64.970    59.700
    52.810    46.060    41.000    38.290    37.650    38.290    39.550    41.260
    43.450    45.440    45.470    41.560    33.130    21.750     9.920     -.990
   -11.330   -21.620   -30.950   -37.350   -39.340   -36.570   -29.490   -19.240
    -7.840     2.510    10.830    17.350    21.850    22.750    18.580     9.710
    -2.060   -15.470   -30.010   -44.440   -56.270   -63.450   -65.940   -64.790
   -60.310   -52.190   -41.150   -29.480   -19.290   -10.960    -4.010     1.170
     3.160      .980    -5.000   -13.690   -24.030   -34.800   -44.330   -51.170
   -54.680   -54.880   -51.990   -46.620   -39.910   -32.890   -25.750   -18.330
   -11.260    -5.770    -2.270      .010     1.780     2.600     1.600    -1.370
    -5.840   -11.280   -16.960   -21.450   -23.340   -22.570   -20.380   -17.970
   -15.580   -13.100   -10.770    -8.990    -7.680    -6.590    -5.720    -5.320
    -5.450    -6.070    -7.380    -9.590   -12.530   -15.760   -19.230   -23.380
   -28.300   -33.050   -36.120   -36.630   -34.780   -31.420   -27.250   -22.730
   -18.330   -14.600   -11.950   -10.420    -9.800    -9.780    -9.940    -9.750
    -8.620    -6.170    -2.580     1.320     4.340     5.510     4.680     2.430
     -.410    -2.980    -4.400    -3.850    -1.030     3.680     9.550    15.970
    22.510    28.640    33.930    38.440    42.500    46.180    48.990    50.550
    50.920    50.300    48.700    46.110    42.710    38.520    33.130    26.230
    18.460    11.070     4.750     -.830    -6.060   -10.420   -12.960   -13.550
   -13.220   -13.220   -14.030   -15.520   -17.650   -20.560   -23.970   -26.940
   -28.510   -28.480   -27.380   -25.780   -24.050   -22.650   -22.230   -23.130
   -25.130   -27.970   -31.890   -37.100   -42.970   -48.090   -51.370   -52.830
   -53.160   -52.900   -52.100   -50.550   -48.070   -44.590   -40.120   -34.680
   -28.130   -20.360   -11.500    -1.880     8.240    18.470    27.910    35.140
    39.170    40.070    38.360    34.220    27.820    20.330    13.830     9.900
     8.600     9.090    10.720    13.310    16.680    20.430    24.230    27.820
    30.810    32.880    34.180    35.460    37.620    41.190    46.090    51.550
    56.370    59.620    61.280    61.770    60.830    57.490    51.330    43.540
    35.980    29.630    24.200    19.320    15.300    12.670    11.480    11.250
    11.270    10.720     8.680     4.690     -.790    -6.570   -11.430   -14.890
   -17.380   -19.910   -23.320   -27.430   -30.910   -32.280   -31.150   -28.350
   -24.990   -21.740   -18.880   -16.820   -15.860   -15.720   -15.690   -15.140
   -13.870   -11.920    -9.450    -6.870    -4.730    -3.280    -2.360    -1.810
    -1.900    -3.000    -4.860    -6.670    -7.900    -8.830   -10.010   -11.410
   -12.340   -12.250   -11.330   -10.280    -9.480    -8.670    -7.270    -4.910
    -1.710     2.080     6.320    11.050    16.230    21.610    26.780    31.180
    34.180    35.330    34.760    33.130    30.960    28.030    23.810    18.420
    12.770     7.550     2.650    -2.230    -6.670    -9.660   -10.630    -9.920
    -8.130    -5.590    -2.480      .800     3.790     6.470     9.180    12.000
    14.450    15.680    14.970    12.130     7.530     1.780    -4.590   -11.270
   -17.800   -23.450   -27.660   -30.560   -32.650   -34.110   -34.640   -34.180
   -33.180   -31.890   -29.900   -26.660   -22.480   -18.380   -14.820   -11.400
    -7.670    -4.040    -1.310      .300     1.160     1.500     1.190      .230
    -1.020    -2.370    -4.080    -6.240    -8.280    -9.320    -9.030    -7.780
    -6.020    -3.890    -1.600      .220      .920      .510     -.330     -.840
     -.730     -.140      .620     1.320     1.850     2.250     2.760     3.560
     4.590     5.520     6.070     6.200     6.080     5.970     6.110     6.600
     7.340     8.000     8.240     7.750     6.210     3.300     -.990    -6.420
   -12.830   -20.130   -27.610   -33.470   -35.860   -34.480   -30.790   -26.240
   -20.980   -14.570    -7.540    -1.300     3.300     6.730     9.740    12.280
    13.800    14.140    13.700    13.030    12.490    12.370    12.610    12.590
    11.720    10.260     9.100     8.780     9.000     9.430    10.430    12.490
    15.270    17.830    19.790    21.770    24.310    26.830    28.160    27.880
    26.870    26.530    27.600    29.930    32.980    36.280    39.490    42.430
    45.030    47.190    48.350    47.830    45.560    42.490    39.750    37.600
    35.540    33.360    31.580    30.680    30.260    29.590    28.580    27.910
    28.150    29.220    30.680    32.260    33.820    35.160    36.180    37.040
    37.940    38.810    39.330    39.390    39.270    39.370    39.800    40.310
    40.660    40.750    40.520    39.720    38.050    35.580    32.780    30.120
    27.730    25.560    23.770    22.570    21.660    20.380    18.500    16.640
    15.590    15.250    14.760    13.470    11.470     8.920     5.420      .500
    -5.490   -11.370   -16.320   -20.460   -24.130   -27.160   -29.020   -29.550
   -28.930   -27.150   -23.960   -19.480   -14.330    -9.010    -3.690     1.320
     5.140     6.740     5.620     1.750    -4.670   -13.020   -21.860   -29.520
   -34.990   -38.260   -39.620   -39.240   -37.250   -33.970   -29.760   -25.060
   -20.480   -16.430   -12.650    -8.550    -4.320    -1.010      .670     1.180
     1.260      .780     -.860    -3.400    -5.620    -6.570    -6.430    -5.710
    -4.480    -2.410      .580     4.110     7.560    10.000    10.550     8.960
     5.820     1.830    -2.860    -8.250   -13.630   -17.780   -20.080   -20.930
   -21.040   -20.770   -20.300   -19.960   -20.030   -20.330   -20.410   -20.030
   -19.130   -17.520   -15.070   -12.200    -9.800    -8.460    -8.050    -8.280
    -9.270   -11.300   -14.260   -17.680   -21.220   -24.740   -27.860   -29.830
   -29.990   -28.300   -25.380   -22.020   -18.760   -15.730   -12.690    -9.380
    -5.900    -2.720     -.270     1.500     2.790     3.550     3.470     2.360
      .460    -1.740    -3.730    -5.030    -5.280    -4.300    -2.230      .570
     3.640     6.570     9.020    10.900    12.360    13.630    14.730    15.430
    15.420    14.690    13.470    11.860     9.550     6.180     2.020    -1.990
    -4.940    -6.630    -7.370    -7.350    -6.420    -4.640    -2.630    -1.170
     -.590     -.650    -1.040    -1.820    -3.130    -4.780    -6.130    -6.650
    -6.520    -6.540    -7.350    -8.900   -10.590   -12.040   -13.350   -14.660
   -15.720   -16.130   -15.760   -14.790   -13.380   -11.560    -9.480    -7.500
    -5.960    -4.950    -4.530    -4.810    -5.750    -6.970    -7.930    -8.340
    -8.260    -7.900    -7.450    -7.160    -7.330    -8.120    -9.420   -10.970
   -12.630   -14.350   -15.980   -17.230   -17.820   -17.650   -16.810   -15.440
   -13.720   -11.990   -10.650    -9.930    -9.700    -9.630    -9.720   -10.370
   -12.020   -14.560   -17.440   -20.130   -22.390   -24.120   -25.190   -25.540
   -25.240   -24.430   -23.210   -21.770   -20.380   -19.160   -18.040   -17.150
   -16.840   -17.190   -17.850   -18.440   -19.000   -19.660   -20.160   -20.240
   -20.060   -19.900   -19.240   -17.150   -13.510    -9.300    -5.400    -1.690
     2.110     5.470     7.660     8.860     9.970    11.350    12.500    13.170
    13.820    14.750    15.320    14.610    12.480     9.550     6.460     3.600
     1.480      .750     1.690     3.870     6.640     9.570    12.480    15.160
    17.330    18.890    19.900    20.350    20.110    19.200    17.960    16.650
    15.040    12.580     9.100     5.160     1.430    -2.030    -5.520    -9.000
   -11.910   -13.870   -15.080   -15.910   -16.410   -16.630   -16.970   -17.890
   -19.400   -21.010   -22.400   -23.530   -24.320   -24.500   -23.910   -22.610
   -20.490   -17.370   -13.530    -9.880    -7.200    -5.350    -3.610    -1.590
      .430     1.870     2.400     1.890      .360    -2.000    -4.720    -7.270
    -9.300   -10.750   -11.640   -11.950   -11.600   -10.400    -8.130    -4.510
      .690     7.260    14.540    21.710    28.090    33.040    35.540    34.610
    30.290    24.100    17.960    12.810     8.550     5.100     2.880     2.250
     2.820     3.930     5.300     6.880     8.430     9.700    10.720    11.690
    12.440    12.440    11.560    10.220     8.820     7.310     5.380     2.950
      .240    -2.480    -4.830    -6.330    -6.790    -6.500    -5.860    -4.850
    -3.140     -.850     1.340     2.850     3.710     4.220     4.210     3.250
     1.350     -.820    -2.670    -4.220    -5.760    -7.280    -8.400    -8.910
    -8.810    -8.090    -6.610    -4.440    -1.970      .380     2.370     3.870
     4.800     5.320     5.850     6.600     7.350     7.800     8.080     8.610
     9.520    10.470    11.150    11.520    11.610    11.320    10.720    10.050
     9.410     8.480     6.980     5.060     3.120     1.220     -.870    -3.110
    -5.100    -6.550    -7.560    -8.210    -8.260    -7.530    -6.340    -5.220
    -4.250    -3.100    -1.650     -.260      .730     1.320     1.670     1.760
     1.600     1.470     1.680     2.050     2.110     1.800     1.550     1.720
     2.080     2.250     2.420     3.120     4.430     5.830     6.950     8.130
     9.860    12.000    13.820    14.860    15.240    15.270    15.070    14.770
    14.760    15.260    15.840    15.810    15.040    14.150    13.630    13.360
    13.030    12.780    13.040    13.820    14.710    15.430    15.970    16.220
    15.850    14.830    13.620    12.590    11.510     9.990     8.310     7.190
     6.910     7.020     7.150     7.450     8.170     9.100     9.770    10.070
    10.210    10.220     9.830     8.880     7.450     5.650     3.540     1.320
     -.730    -2.510    -4.190    -5.840    -7.310    -8.470    -9.460   -10.590
   -11.950   -13.320   -14.260   -14.170   -12.530    -9.350    -5.370    -1.580
     1.380     3.290     4.050     3.660     2.510     1.190      .100     -.680
    -1.050     -.810      .030     1.080     1.880     2.380     2.820     3.320
     3.600     3.270     2.140      .460    -1.190    -2.230    -2.430    -1.860
     -.530     1.630     4.300     6.630     7.750     7.600     6.760     5.880
     5.200     4.780     4.730     5.050     5.500     5.780     5.640     4.970
     3.820     2.480     1.360      .610      .120     -.060      .390     1.740
     3.760     5.920     7.870     9.610    11.200    12.560    13.430    13.490
    12.620    11.160     9.820     9.040     8.450     7.330     5.620     3.990
     2.870     1.840      .270    -1.620    -3.000    -3.450    -3.470    -3.720
    -4.300    -4.860    -5.210    -5.470    -5.760    -6.020    -6.220    -6.470
    -6.910    -7.540    -8.250    -8.910    -9.360    -9.350    -8.730    -7.480
    -5.790    -3.920    -2.160     -.700      .500     1.610     2.690     3.590
     4.030     3.850     3.040     1.770      .280    -1.160    -2.530    -4.050
    -5.810    -7.370    -8.120    -7.970    -7.470    -6.920    -5.870    -3.750
     -.860     1.890     3.940     5.520     6.830     7.380     6.580     4.640
     2.470      .700     -.680    -1.910    -2.950    -3.660    -4.090    -4.330
    -4.310    -3.970    -3.290    -2.270     -.800     1.100     3.080     4.750
     6.070     7.160     7.910     8.050     7.630     6.980     6.150     4.810
     2.940     1.210      .370      .330      .320     -.070     -.590     -.850
     -.890     -.870     -.720     -.470     -.500    -1.190    -2.290    -3.100
    -3.310    -3.360    -3.760    -4.460    -5.130    -5.710    -6.390    -7.190
    -7.930    -8.620    -9.400   -10.230   -10.890   -11.330   -11.870   -12.710
   -13.600   -14.240   -14.700   -15.260   -15.820   -16.000   -15.570   -14.750
   -13.840   -12.880   -11.700   -10.140    -8.260    -6.540    -5.730    -6.240
    -7.550    -8.630    -9.150    -9.690   -10.720   -11.580   -11.310   -10.050
    -9.030    -8.960    -9.210    -8.770    -7.590    -6.320    -5.170    -3.580
    -1.040     2.310     5.880     9.250    12.190    14.420    15.620    15.650
    14.670    13.050    11.150     9.070     6.830     4.610     2.900     2.110
     2.200     2.740     3.420     4.180     5.030     5.950     7.040     8.500
    10.230    11.750    12.760    13.500    14.250    14.790    14.560    13.430
    11.760     9.840     7.590     5.050     2.670      .960     -.020     -.610
    -1.130    -1.700    -2.270    -2.850    -3.540    -4.680    -6.560    -9.040
   -11.480   -13.240   -14.240   -14.790   -14.940   -14.420   -13.150   -11.590
   -10.340    -9.620    -9.240    -8.900    -8.480    -7.960    -7.360    -6.600
    -5.660    -4.700    -3.950    -3.550    -3.420    -3.470    -3.860    -4.730
    -5.880    -6.750    -7.080    -7.100    -7.150    -7.180    -6.810    -5.830
    -4.360    -2.680    -1.060      .200      .830      .790      .240     -.690
    -1.930    -3.430    -5.020    -6.330    -7.000    -6.830    -5.960    -4.780
    -3.690    -2.730    -1.710     -.430     1.060     2.580     4.030     5.350
     6.440     7.260     7.840     8.240     8.310     7.870     6.930     5.820
     4.860     4.040     3.110     2.080     1.270     1.050     1.450     2.230
     3.230     4.430     5.850     7.260     8.360     8.980     9.190     9.120
     8.880     8.530     8.100     7.680     7.360     7.210     7.240     7.420
     7.730     8.080     8.320     8.320     8.010     7.470     6.850     6.310
     5.910     5.640     5.290     4.550     3.270     1.560     -.360    -2.430
    -4.830    -7.600   -10.400   -12.680   -14.170   -15.070   -15.720   -16.190
   -16.180   -15.430   -14.030   -12.420   -10.990    -9.790    -8.590    -7.270
    -5.930    -4.840    -4.120    -3.730    -3.470    -3.090    -2.420    -1.550
     -.760     -.290     -.140     -.230     -.540    -1.050    -1.370     -.990
      .270     2.010     3.750     5.470     7.450     9.690    11.820    13.580
    15.060    16.310    16.960    16.530    15.190    13.740    12.770    12.230
    11.700    11.080    10.720    10.880    11.450    12.150    12.840    13.550
    14.110    14.110    13.260    11.830    10.330     8.890     7.040     4.320
      .960    -2.400    -5.520    -8.600   -11.630   -13.960   -15.050   -15.170
   -15.100   -15.200   -15.140   -14.510   -13.450   -12.430   -11.640   -10.870
    -9.860    -8.510    -6.940    -5.310    -3.870    -2.890    -2.570    -2.790
    -3.200    -3.490    -3.630    -3.560    -3.020    -1.780     -.030     1.680
     3.070     4.480     6.220     7.980     9.160     9.720    10.290    11.220
    12.090    12.400    12.350    12.510    12.830    12.620    11.610    10.370
     9.590     9.120     8.350     7.160     6.020     5.290     4.760     4.250
     3.920     3.960     4.030     3.510     2.150      .220    -1.960    -4.310
    -6.790    -9.300   -11.700   -13.830   -15.450   -16.370   -16.760   -17.120
   -17.840   -18.800   -19.730   -20.590   -21.440   -22.120   -22.420   -22.380
   -22.260   -22.020   -21.340   -20.130   -18.820   -17.810   -17.030   -16.210
   -15.380   -14.820   -14.520   -14.150   -13.540   -12.890   -12.350   -11.730
   -10.730    -9.450    -8.190    -7.010    -5.530    -3.420     -.790     2.010
     4.770     7.390     9.670    11.350    12.350    12.860    12.900    12.120
    10.240     7.610     5.050     3.180     2.130     1.840     2.370     3.700
     5.500     7.310     8.870    10.160    10.950    10.740     9.260     6.750
     3.860     1.060    -1.540    -3.990    -6.260    -8.200    -9.770   -11.100
   -12.320   -13.440   -14.260   -14.600   -14.460   -14.020   -13.450   -12.740
   -11.710   -10.290    -8.700    -7.310    -6.320    -5.570    -4.690    -3.440
    -1.800      .000     1.750     3.260     4.460     5.370     6.060     6.600
     7.050     7.390     7.520     7.380     7.100     7.090     7.750     9.120
    10.900    12.840    15.000    17.450    19.880    21.770    22.750    22.830
    22.140    20.790    19.070    17.500    16.500    16.000    15.620    15.190
    14.920    15.050    15.470    15.930    16.310    16.570    16.480    15.760
    14.520    13.250    12.260    11.320     9.940     7.990     5.760     3.530
     1.290     -.930    -2.950    -4.590    -5.910    -6.980    -7.520    -7.040
    -5.460    -3.260    -1.180      .250      .880      .820      .280     -.390
    -1.000    -1.620    -2.460    -3.580    -4.800    -5.940    -6.960    -7.850
    -8.450    -8.520    -7.960    -6.950    -5.710    -4.350    -2.990    -1.900
    -1.390    -1.550    -2.190    -3.090    -4.060    -4.880    -5.160    -4.650
    -3.590    -2.540    -1.810    -1.340    -1.040    -1.120    -1.750    -2.550
    -2.810    -2.360    -1.640    -1.030     -.300     1.020     2.830     4.590
     5.870     6.610     6.710     5.910     4.210     2.130      .440     -.600
    -1.230    -1.800    -2.340    -2.660    -2.560    -2.020    -1.100      .040
     1.310     2.760     4.510     6.450     8.250     9.610    10.520    11.230
    11.890    12.400    12.660    12.700    12.660    12.560    12.290    11.820
    11.360    11.040    10.750    10.380    10.090    10.150    10.400    10.320
     9.590     8.410     7.130     5.700     3.950     2.130      .700     -.280
    -1.250    -2.460    -3.600    -4.370    -5.030    -5.940    -7.050    -8.040
    -9.010   -10.310   -11.780   -12.740   -12.900   -12.760   -12.910   -13.290
   -13.540   -13.780   -14.330   -15.080   -15.550   -15.660   -15.820   -16.150
   -16.170   -15.500   -14.580   -14.120   -14.200   -14.300   -14.030   -13.510
   -12.840   -11.830   -10.330    -8.490    -6.660    -4.990    -3.530    -2.310
    -1.290     -.320      .790     1.970     3.130     4.230     5.320     6.390
     7.470     8.710    10.150    11.540    12.600    13.370    14.010    14.360
    14.110    13.350    12.650    12.360    12.240    11.940    11.640    11.740
    12.310    13.110    14.110    15.500    17.140    18.490    19.190    19.280
    18.800    17.510    15.260    12.460     9.660     6.950     4.210     1.690
     -.070     -.910    -1.200    -1.250    -1.000     -.480     -.140     -.300
     -.700     -.950    -1.140    -1.740    -2.760    -3.810    -4.740    -5.910
    -7.500    -8.950    -9.590    -9.350    -8.800    -8.290    -7.670    -6.750
    -5.630    -4.530    -3.490    -2.520    -1.790    -1.590    -1.990    -2.710
    -3.430    -4.090    -4.810    -5.640    -6.400    -6.770    -6.550    -5.910
    -5.260    -4.830    -4.420    -3.620    -2.300     -.880      .120      .640
     1.090     1.690     2.170     2.070     1.400      .620      .130     -.130
     -.430     -.840    -1.190    -1.280    -1.070     -.730     -.580     -.980
    -2.070    -3.550    -4.920    -6.040    -7.200    -8.700   -10.530   -12.450
   -14.270   -15.850   -17.100   -18.020   -18.750   -19.350   -19.640   -19.410
   -18.730   -17.910   -17.100   -16.070   -14.570   -12.670   -10.660    -8.800
    -7.210    -5.990    -5.080    -4.250    -3.160    -1.830     -.610      .200
      .650      .960     1.170     1.090      .690      .220     -.010      .080
      .420      .990     1.940     3.330     4.970     6.510     7.710     8.520
     8.980     9.010     8.420     7.270     5.930     4.780     3.870     2.960
     1.960     1.040      .390     -.160     -.970    -2.210    -3.680    -4.990
    -5.870    -6.310    -6.400    -6.220    -5.770    -5.100    -4.370    -3.830
    -3.640    -3.850    -4.410    -5.240    -6.190    -7.030    -7.480    -7.390
    -6.840    -6.100    -5.450    -4.910    -4.370    -3.740    -3.140    -2.770
    -2.650    -2.580    -2.390    -2.170    -2.030    -1.770     -.980      .500
     2.290     3.870     5.100     6.250     7.550     8.860     9.910    10.730
    11.550    12.400    13.010    13.180    13.050    12.820    12.410    11.620
    10.560     9.670     9.300     9.390     9.710    10.100    10.500    10.790
    10.800    10.550    10.100     9.330     8.040     6.350     4.660     3.280
     2.130      .970     -.190    -1.180    -2.010    -2.910    -4.050    -5.370
    -6.670    -7.840    -8.860    -9.660   -10.090   -10.010    -9.450    -8.620
    -7.800    -7.130    -6.610    -6.220    -5.990    -5.850    -5.590    -5.010
    -4.230    -3.550    -3.060    -2.490    -1.520     -.270      .910     1.900
     3.000     4.430     6.010     7.310     8.180     8.880     9.640    10.330
    10.710    10.750    10.570    10.230     9.600     8.690     7.760     7.110
     6.820     6.820     7.070     7.590     8.390     9.350    10.320    11.090
    11.470    11.460    11.260    10.960    10.450     9.560     8.370     7.030
     5.550     3.860     2.150      .760     -.300    -1.480    -3.020    -4.530
    -5.510    -6.000    -6.420    -6.880    -6.970    -6.540    -6.010    -5.890
    -6.120    -6.320    -6.410    -6.580    -6.900    -7.170    -7.280    -7.390
    -7.480    -7.190    -6.290    -5.160    -4.380    -4.040    -3.630    -2.820
    -1.890    -1.230     -.750     -.080      .840     1.700     2.320     2.790
     3.060     2.790     1.870      .790      .120     -.110     -.350     -.870
    -1.500    -1.970    -2.280    -2.550    -2.750    -2.790    -2.630    -2.310
    -1.880    -1.370     -.830     -.240      .430     1.080     1.530     1.690
     1.610     1.380     1.000      .530      .200      .160      .220      .050
     -.380     -.790    -1.070    -1.480    -2.240    -3.140    -3.710    -3.790
    -3.640    -3.540    -3.480    -3.270    -2.890    -2.420    -1.870    -1.140
     -.240      .600     1.170     1.480     1.650     1.710     1.630     1.490
     1.470     1.610     1.700     1.560     1.220      .810      .330     -.330
    -1.180    -2.090    -2.890    -3.570    -4.160    -4.730    -5.300    -5.920
    -6.510    -6.940    -7.100    -7.000    -6.720    -6.300    -5.860    -5.580
    -5.630    -5.930    -6.230    -6.340    -6.310    -6.310    -6.310    -6.030
    -5.330    -4.430    -3.680    -3.230    -2.990    -2.890    -2.950    -3.070
    -3.000    -2.680    -2.300    -1.960    -1.420     -.430      .870     2.100
     3.200     4.390     5.630     6.490     6.670     6.340     5.810     5.160
     4.370     3.650     3.260     3.080     2.820     2.480     2.410     2.740
     3.180     3.420     3.550     3.860     4.350     4.750     4.890     4.870
     4.820     4.700     4.360     3.720     2.780     1.650      .440     -.780
    -2.030    -3.410    -4.820    -6.030    -6.880    -7.470    -8.030    -8.640
    -9.210    -9.640    -9.940   -10.080   -10.040    -9.900    -9.840    -9.920
   -10.060   -10.130   -10.160   -10.220   -10.340   -10.440   -10.540   -10.690
   -10.840   -10.850   -10.610   -10.070    -9.300    -8.370    -7.360    -6.240
    -4.880    -3.300    -1.870     -.920     -.370      .210     1.020     1.790
     2.250     2.550     3.020     3.690     4.370     4.890     5.310     5.690
     6.170     6.890     7.870     8.740     8.980     8.460     7.510     6.500
     5.550     4.780     4.420     4.460     4.470     4.100     3.610     3.570
     4.140     4.870     5.400     5.880     6.630     7.680     8.750     9.660
    10.500    11.280    11.860    12.100    12.090    12.040    12.060    12.050
    11.930    11.760    11.630    11.580    11.580    11.680    11.910    12.190
    12.380    12.450    12.420    12.280    11.990    11.690    11.660    12.050
    12.670    13.250    13.780    14.400    15.030    15.410    15.450    15.350
    15.240    15.040    14.690    14.280    13.910    13.560    13.190    12.940
    12.880    12.840    12.640    12.360    12.160    11.880    11.160     9.870
     8.340     6.890     5.490     4.010     2.640     1.710     1.300     1.120
      .870      .460     -.060     -.640    -1.240    -1.830    -2.390    -2.940
    -3.460    -3.890    -4.100    -4.020    -3.600    -2.990    -2.410    -2.040
    -1.840    -1.710    -1.760    -2.100    -2.560    -2.800    -2.730    -2.650
    -2.850    -3.200    -3.320    -3.210    -3.160    -3.360    -3.690    -3.950
    -4.110    -4.150    -3.930    -3.420    -2.970    -3.020    -3.660    -4.460
    -4.950    -5.040    -4.930    -4.740    -4.410    -3.980    -3.530    -3.110
    -2.600    -1.970    -1.400    -1.070     -.870     -.610     -.350     -.350
     -.700    -1.190    -1.590    -1.960    -2.470    -3.100    -3.740    -4.360
    -4.940    -5.330    -5.410    -5.360    -5.510    -5.820    -5.850    -5.380
    -4.780    -4.620    -4.920    -5.160    -5.020    -4.740    -4.740    -4.990
    -5.160    -5.090    -5.000    -5.110    -5.330    -5.460    -5.450    -5.490
    -5.630    -5.780    -5.990    -6.460    -7.230    -7.920    -8.080    -7.730
    -7.250    -6.900    -6.560    -6.120    -5.740    -5.650    -5.850    -6.190
    -6.560    -6.980    -7.420    -7.840    -8.300    -8.850    -9.320    -9.390
    -9.040    -8.650    -8.590    -8.790    -8.790    -8.230    -7.300    -6.450
    -5.920    -5.620    -5.420    -5.440    -5.920    -6.740    -7.530    -8.110
    -8.610    -9.010    -8.830    -7.760    -6.310    -5.350    -5.130    -5.100
    -4.710    -4.130    -3.770    -3.690    -3.690    -3.780    -4.160    -4.770
    -5.180    -5.070    -4.470    -3.640    -2.820    -2.270    -2.280    -2.920
    -3.810    -4.280    -3.920    -2.890    -1.710     -.790     -.180      .250
      .430      .210     -.310     -.660     -.500     -.020      .370      .630
     1.150     2.190     3.560     4.860     5.920     6.760     7.310     7.460
     7.170     6.490     5.480     4.370     3.500     3.000     2.550     1.680
      .380     -.950    -2.020    -2.870    -3.450    -3.410    -2.530    -1.160
      .140     1.220     2.320     3.480     4.440     5.040     5.330     5.240
     4.260     2.030    -1.150    -4.340    -6.790    -8.310    -9.130    -9.500
    -9.530    -9.200    -8.460    -7.330    -6.080    -5.170    -4.820    -4.830
    -4.730    -4.280    -3.630    -3.010    -2.440    -1.730     -.860     -.080
      .310      .300      .170      .220      .550      .990     1.300     1.350
     1.160      .860      .580      .360      .190      .080     -.020     -.230
     -.610    -1.020    -1.120     -.630      .440     1.920     3.610     5.410
     7.220     8.880    10.190    10.990    11.260    11.180    10.940    10.520
     9.790     8.760     7.720     6.900     6.180     5.350     4.410     3.580
     2.950     2.430     1.980     1.780     2.060     2.800     3.810     4.870
     5.850     6.650     7.180     7.350     7.150     6.790     6.480     6.180
     5.520     4.270     2.800     1.760     1.390     1.310     1.200     1.220
     1.620     2.280     2.840     3.280     3.780     4.370     4.870     5.250
     5.660     5.980     5.900     5.360     4.780     4.380     3.880     2.980
     1.920     1.240     1.080     1.150     1.330     1.800     2.490     2.900
     2.620     1.840      .990      .140     -.940    -2.230    -3.310    -3.910
    -4.250    -4.720    -5.380    -5.920    -6.040    -5.880    -5.850    -6.200
    -6.760    -7.210    -7.330    -7.140    -6.680    -5.970    -5.140    -4.480
    -4.130    -3.880    -3.390    -2.720    -2.320    -2.400    -2.620    -2.580
    -2.350    -2.330    -2.520    -2.350    -1.480     -.310      .400      .540
      .870     2.200     4.510     6.980     8.890    10.070    10.780    11.230
    11.550    11.930    12.590    13.510    14.360    14.920    15.270    15.460
    15.300    14.540    13.350    12.200    11.380    10.800    10.410    10.470
    11.230    12.510    13.760    14.510    14.540    13.760    12.040     9.310
     5.820     2.190     -.830    -2.740    -3.640    -4.190    -5.160    -6.940
    -9.260   -11.420   -12.640   -12.500   -11.330   -10.150    -9.920   -10.750
   -11.770   -11.980   -11.090    -9.600    -8.280    -7.720    -8.100    -9.180
   -10.360   -11.070   -11.120   -10.730   -10.100    -9.180    -7.870    -6.340
    -4.980    -4.070    -3.580    -3.420    -3.500    -3.730    -3.860    -3.550
    -2.690    -1.460     -.110     1.290     2.870     4.750     6.730     8.500
     9.880    10.980    11.840    12.140    11.470     9.850     7.930     6.420
     5.540     5.040     4.640     4.340     4.190     4.070     3.770     3.180
     2.390     1.660     1.220     1.140     1.240     1.210      .850      .260
     -.340     -.820    -1.270    -1.840    -2.710    -3.930    -5.400    -6.850
    -8.120    -9.390   -10.920   -12.550   -13.610   -13.630   -12.920   -12.270
   -12.110   -12.070   -11.680   -11.070   -10.820   -11.070   -11.270   -10.840
    -9.810    -8.630    -7.590    -6.650    -5.730    -4.880    -4.050    -2.960
    -1.420      .390     2.140     3.680     5.040     6.290     7.320     7.940
     7.980     7.470     6.790     6.470     6.820     7.570     8.150     8.270
     8.160     8.190     8.440     8.710     8.880     9.060     9.420     9.930
    10.330    10.430    10.320    10.260    10.350    10.430    10.240     9.640
     8.690     7.340     5.560     3.530     1.680      .290     -.790    -1.830
    -2.850    -3.580    -3.920    -4.200    -4.690    -5.290    -5.630    -5.590
    -5.400    -5.370    -5.550    -5.940    -6.630    -7.720    -9.040   -10.260
   -11.230   -12.050   -12.720   -12.940   -12.370   -11.130    -9.840    -8.970
    -8.440    -7.810    -6.800    -5.520    -4.170    -2.790    -1.330      .190
     1.600     2.810     3.860     4.770     5.370     5.400     4.840     4.100
     3.770     4.080     4.690     5.010     4.730     4.020     3.290     2.670
     1.930      .770     -.830    -2.440    -3.460    -3.520    -2.630    -1.000
     1.160     3.620     6.050     8.000     8.980     8.660     7.070     4.650
     2.100      .010    -1.280    -1.580     -.910      .190      .610     -.680
    -3.690    -7.370   -10.620   -13.130   -15.060   -16.260   -16.110   -14.310
   -11.520    -9.040    -7.900    -8.180    -9.120    -9.720    -9.500    -8.720
    -7.990    -7.540    -7.140    -6.720    -6.680    -7.430    -8.680    -9.740
   -10.460   -11.340   -12.710   -13.920   -13.950   -12.470   -10.070    -7.440
    -4.780    -2.120      .180     1.540     1.750     1.160      .360     -.240
     -.500     -.550     -.630     -.750     -.380     1.200     3.910     6.500
     7.480     6.540     4.750     3.160     1.750     -.020    -2.080    -3.780
    -4.800    -5.360    -5.330    -4.040    -1.210     2.280     5.150     6.970
     8.080     8.590     8.110     6.560     4.590     2.910     1.830     1.510
     2.180     3.650     5.040     5.450     4.820     3.590     1.880     -.370
    -2.670    -4.040    -4.080    -3.410    -2.720    -1.970     -.780      .690
     1.770     2.110     1.910     1.430      .650     -.310     -.930     -.590
      .850     2.890     4.790     5.970     6.240     5.690     4.570     3.120
     1.600      .100    -1.490    -3.230    -4.840    -5.650    -5.190    -3.570
    -1.450      .450     1.550     1.500      .430     -.980    -1.860    -1.890
    -1.350     -.670      .030      .700     1.230     1.550     1.760     1.930
     1.850     1.390      .700      .020     -.620    -1.220    -1.500    -1.030
      .100     1.230     1.840     2.120     2.620     3.650     5.140     6.990
     9.080    11.050    12.400    12.910    12.900    12.970    13.360    13.840
    14.040    13.740    13.010    12.110    11.280    10.570     9.800     8.840
     7.940     7.650     8.140     8.900     9.350     9.470     9.730    10.230
    10.450     9.930     8.850     7.740     6.760     5.710     4.570     3.730
     3.410     3.420     3.440     3.340     3.090     2.490     1.320     -.360
    -2.090    -3.400    -4.180    -4.670    -5.200    -5.870    -6.450    -6.560
    -6.040    -5.000    -3.810    -2.770    -2.060    -1.640    -1.320    -1.060
    -1.020    -1.360    -1.960    -2.390    -2.390    -2.010    -1.460     -.910
     -.600     -.770    -1.460    -2.400    -3.290    -4.100    -4.830    -5.290
    -5.280    -4.880    -4.320    -3.610    -2.580    -1.340     -.270      .350
      .660      .930     1.260     1.730     2.450     3.340     3.990     4.130
     3.970     3.980     4.270     4.450     4.220     3.670     3.150     2.890
     3.010     3.500     4.210     4.860     5.250     5.390     5.270     4.810
     4.190     3.890     4.260     5.030     5.710     6.260     7.060     8.120
     8.820     8.580     7.620     6.630     6.000     5.680     5.700     6.170
     6.950     7.520     7.600     7.440     7.300     7.010     6.250     5.140
     4.070     3.180     2.340     1.640     1.500     2.090     3.010     3.730
     4.180     4.530     4.710     4.410     3.500     2.220      .770     -.810
    -2.380    -3.520    -3.880    -3.580    -3.110    -2.910    -3.200    -3.980
    -5.190    -6.650    -8.100    -9.340   -10.210   -10.610   -10.530   -10.260
   -10.110   -10.140   -10.070    -9.690    -9.100    -8.610    -8.400    -8.480
    -8.770    -9.180    -9.520    -9.630    -9.570    -9.500    -9.500    -9.610
    -9.860   -10.330   -10.820   -10.960   -10.550    -9.720    -8.660    -7.370
    -5.870    -4.360    -3.020    -1.830     -.680      .230      .590      .310
     -.360    -1.140    -1.910    -2.490    -2.630    -2.220    -1.540     -.950
     -.660     -.660     -.930    -1.420    -1.980    -2.350    -2.290    -1.730
     -.820      .140      .890     1.430     1.920     2.430     2.790     2.880
     2.880     3.130     3.730     4.450     5.000     5.220     5.080     4.600
     3.990     3.510     3.280     3.140     2.920     2.620     2.390     2.300
     2.290     2.290     2.400     2.810     3.730     5.150     6.780     8.250
     9.370    10.150    10.650    10.870    10.770    10.440     9.980     9.440
     8.820     8.280     7.980     7.830     7.460     6.600     5.470     4.520
     3.930     3.370     2.400     1.060     -.140     -.790    -1.020    -1.380
    -2.180    -3.200    -4.040    -4.650    -5.330    -6.260    -7.140    -7.530
    -7.290    -6.650    -5.890    -5.240    -4.890    -5.040    -5.580    -6.190
    -6.680    -7.280    -8.310    -9.640   -10.770   -11.420   -11.820   -12.280
   -12.780   -13.100   -13.210   -13.240   -13.180   -12.750   -11.840   -10.590
    -9.160    -7.500    -5.600    -3.680    -2.040     -.800     -.020      .200
     -.160     -.850    -1.460    -1.770    -1.810    -1.630    -1.170     -.370
      .690     1.810     2.780     3.340     3.380     3.140     3.080     3.360
     3.600     3.460     3.050     2.770     2.700     2.600     2.440     2.510
     2.980     3.530     3.750     3.630     3.430     3.120     2.460     1.400
      .260     -.780    -1.860    -3.090    -4.260    -5.080    -5.690    -6.490
    -7.600    -8.620    -9.080    -8.880    -8.260    -7.400    -6.330    -5.080
    -3.770    -2.650    -1.980    -1.860    -2.200    -2.640    -2.890    -2.880
    -2.760    -2.660    -2.570    -2.420    -2.210    -1.990    -1.760    -1.400
     -.790      .120     1.220     2.360     3.390     4.240     4.850     5.260
     5.700     6.460     7.520     8.550     9.280     9.760    10.130    10.120
     9.320     7.770     6.140     5.050     4.440     3.930     3.370     3.030
     3.070     3.310     3.420     3.160     2.530     1.680      .870      .230
     -.240     -.640     -.990    -1.210    -1.380    -1.700    -2.310    -3.190
    -4.280    -5.580    -7.000    -8.270    -9.170    -9.760   -10.270   -10.810
   -11.320   -11.690   -11.910   -11.960   -11.820   -11.580   -11.360   -11.180
   -10.940   -10.520    -9.860    -8.940    -7.840    -6.730    -5.850    -5.360
    -5.170    -5.070    -4.970    -4.880    -4.790    -4.600    -4.230    -3.760
    -3.330    -2.970    -2.600    -2.150    -1.560     -.800      .160     1.280
     2.510     3.790     5.110     6.420     7.600     8.660     9.690    10.720
    11.570    12.030    12.000    11.570    10.730     9.570     8.380     7.640
     7.480     7.530     7.290     6.690     6.020     5.500     5.010     4.360
     3.570     2.930     2.720     2.970     3.490     3.930     4.090     4.070
     4.170     4.470     4.630     4.190     3.080     1.730      .610     -.170
     -.800    -1.440    -2.050    -2.640    -3.280    -4.010    -4.640    -5.010
    -5.180    -5.440    -5.910    -6.330    -6.300    -5.720    -4.960    -4.500
    -4.470    -4.540    -4.330    -3.870    -3.490    -3.310    -2.990    -2.190
    -1.040      .050      .870     1.570     2.240     2.600     2.410     1.830
     1.180      .610      .140     -.120     -.040      .170      .190      .100
      .330     1.060     1.840     2.250     2.400     2.660     2.970     3.040
     2.870     2.790     2.960     3.030     2.600     1.660      .480     -.710
    -1.790    -2.740    -3.630    -4.500    -5.240    -5.550    -5.320    -4.790
    -4.310    -3.970    -3.810    -3.920    -4.350    -4.780    -4.890    -4.730
    -4.700    -4.910    -4.990    -4.640    -4.030    -3.470    -3.000    -2.400
    -1.690    -1.130     -.820     -.620     -.360     -.010      .490     1.240
     2.140     2.860     3.260     3.530     3.920     4.300     4.380     4.200
     4.090     4.260     4.530     4.730     4.980     5.480     6.140     6.640
     6.900     7.170     7.630     8.070     8.150     7.810     7.380     7.200
     7.210     7.110     6.690     6.140     5.730     5.510     5.280     4.890
     4.430     4.080     3.900     3.780     3.630     3.440     3.270     3.120
     2.890     2.420     1.650      .720     -.130     -.740    -1.170    -1.480
    -1.660    -1.690    -1.670    -1.710    -1.740    -1.640    -1.460    -1.380
    -1.420    -1.380    -1.080     -.580     -.050      .420      .870     1.310
     1.700     2.060     2.520     3.100     3.750     4.330     4.840     5.300
     5.720     6.080     6.360     6.620     6.910     7.160     7.280     7.290
     7.340     7.600     8.020     8.480     8.910     9.300     9.580     9.600
     9.220     8.500     7.620     6.760     6.030     5.460     5.030     4.710
     4.550     4.610     4.780     4.810     4.540     4.070     3.570     3.000
     2.210     1.260      .480     -.020     -.520    -1.340    -2.290    -2.910
    -3.060    -3.130    -3.460    -3.920    -4.140    -4.050    -3.870    -3.670
    -3.240    -2.500    -1.720    -1.320    -1.410    -1.740    -2.020    -2.180
    -2.420    -2.800    -3.110    -3.020    -2.500    -1.930    -1.650    -1.510
    -1.060     -.210      .630     1.190     1.720     2.570     3.540     4.090
     4.070     3.890     3.930     4.020     3.740     3.070     2.390     1.990
     1.800     1.670     1.660     1.900     2.270     2.470     2.330     1.970
     1.610     1.300      .960      .570      .230     -.060     -.390     -.860
    -1.380    -1.800    -2.080    -2.340    -2.630    -2.890    -3.100    -3.370
    -3.790    -4.240    -4.540    -4.660    -4.790    -5.030    -5.260    -5.350
    -5.330    -5.330    -5.290    -5.010    -4.480    -3.880    -3.350    -2.750
    -1.860     -.760      .130      .420      .090     -.580    -1.250    -1.780
    -2.160    -2.540    -3.040    -3.550    -3.710    -3.120    -1.630      .640
     3.370     6.110     8.300     9.560     9.920     9.620     8.790     7.420
     5.700     4.010     2.520     1.080     -.400    -1.500    -1.670     -.940
      .100      .890     1.450     2.040     2.690     3.140     3.210     2.980
     2.640     2.210     1.560      .550     -.780    -2.190    -3.460    -4.500
    -5.260    -5.580    -5.270    -4.400    -3.430    -2.750    -2.460    -2.380
    -2.500    -2.920    -3.650    -4.530    -5.450    -6.470    -7.590    -8.630
    -9.400    -9.940   -10.390   -10.800   -11.090   -11.150   -10.960   -10.480
    -9.750    -8.990    -8.570    -8.650    -8.990    -9.250    -9.320    -9.310
    -9.300    -9.260    -9.230    -9.310    -9.520    -9.670    -9.640    -9.540
    -9.640    -9.880    -9.940    -9.630    -9.110    -8.620    -8.030    -7.130
    -6.070    -5.380    -5.270    -5.350    -5.130    -4.700    -4.550    -4.830
    -5.210    -5.360    -5.310    -5.200    -4.960    -4.500    -4.010    -3.720
    -3.550    -3.200    -2.740    -2.450    -2.380    -2.220    -1.850    -1.600
    -1.750    -2.040    -2.060    -1.870    -1.890    -2.240    -2.670    -2.940
    -3.100    -3.280    -3.450    -3.590    -3.730    -3.800    -3.660    -3.390
    -3.350    -3.650    -4.000    -4.070    -3.960    -3.920    -3.920    -3.690
    -3.150    -2.490    -1.790    -1.000     -.180      .420      .740     1.040
     1.480     1.930     2.220     2.390     2.550     2.600     2.450     2.230
     2.160     2.280     2.560     3.130     4.070     5.100     5.750     5.970
     6.250     6.860     7.490     7.750     7.890     8.420     9.290     9.860
     9.740     9.240     8.830     8.560     8.180     7.720     7.390     7.230
     7.060     6.840     6.700     6.610     6.340     5.840     5.350     5.070
     4.860     4.520     4.050     3.490     2.750     1.760      .760      .070
     -.410    -1.030    -1.910    -2.710    -3.060    -2.970    -2.670    -2.370
    -2.200    -2.150    -1.990    -1.560    -1.110    -1.130    -1.670    -2.160
    -2.160    -1.960    -1.980    -1.970    -1.390     -.320      .550     1.020
     1.650     2.870     4.240     5.170     5.800     6.700     7.880     8.750
     8.930     8.610     8.090     7.440     6.700     6.120     5.920     6.030
     6.190     6.300     6.440     6.650     6.900     7.250     7.760     8.360
     8.830     8.960     8.770     8.430     8.110     7.710     6.950     5.770
     4.540     3.710     3.270     2.820     2.100     1.410     1.060      .950
      .780      .590      .780     1.440     2.250     2.940     3.660     4.600
     5.570     6.260     6.580     6.720     6.840     6.990     7.170     7.300
     7.220     6.900     6.530     6.270     5.970     5.420     4.860     4.750
     5.140     5.510     5.490     5.270     5.230     5.400     5.550     5.580
     5.580     5.450     5.070     4.570     4.220     4.060     3.930     3.820
     3.930     4.190     4.120     3.440     2.460     1.670     1.070      .290
     -.830    -2.010    -3.000    -3.960    -5.060    -6.170    -7.000    -7.550
    -8.140    -9.030   -10.040   -10.670   -10.710   -10.470   -10.380   -10.430
   -10.230    -9.600    -8.940    -8.730    -8.960    -9.270    -9.460    -9.630
    -9.820    -9.880    -9.700    -9.380    -8.940    -8.240    -7.330    -6.530
    -5.940    -5.200    -4.050    -2.840    -2.140    -1.820    -1.300     -.420
      .330      .650      .910     1.470     2.000     1.910     1.310      .920
     1.110     1.560     1.930     2.310     2.840     3.370     3.610     3.550
     3.370     3.060     2.480     1.630      .660     -.270    -1.060    -1.610
    -1.920    -2.060    -2.150    -2.240    -2.320    -2.440    -2.590    -2.700
    -2.790    -3.010    -3.420    -3.820    -3.900    -3.730    -3.640    -3.790
    -4.010    -4.090    -4.080    -4.110    -4.220    -4.310    -4.370    -4.400
    -4.390