-1.020      .050     1.500     2.270     1.890     1.050      .780     1.090
      .880     -.510    -2.310    -3.100    -2.300     -.520     1.190     1.980
     1.430     -.090    -1.420    -1.670    -1.160     -.900     -.950     -.360
     1.130     2.280     1.970      .890      .580     1.210     1.420      .440
     -.880    -1.440    -1.370    -1.510    -1.970    -2.050    -1.330     -.300
      .340      .350     -.090     -.690    -1.240    -1.660    -2.020    -2.270
    -2.150    -1.320     -.010     1.060     1.190      .370     -.840    -1.860
    -2.490    -2.940    -3.330    -3.450    -2.860    -1.540     -.130      .710
     1.010     1.280     1.640     1.600      .810     -.420    -1.530    -2.370
    -2.870    -2.550    -1.030     1.140     2.710     3.030     2.500     1.630
      .290    -1.590    -3.210    -3.530    -2.460     -.790      .880     2.380
     3.200     2.530      .420    -1.690    -2.360    -1.640     -.780     -.710
    -1.300    -2.040    -2.550    -2.480    -1.580     -.050     1.240     1.430
      .390    -1.110    -2.050    -2.050    -1.560    -1.270    -1.120     -.410
     1.120     2.630     3.050     2.260      .900     -.700    -2.770    -4.970
    -5.990    -4.700    -1.460     2.300     5.360     7.130     7.240     5.510
     2.320    -1.230    -4.010    -5.460    -5.600    -4.810    -3.470    -1.600
     1.010     4.160     6.780     7.590     6.290     3.720     1.110     -.740
    -1.430     -.950      .130      .770      .230    -1.130    -2.200    -1.940
      .050     3.270     6.300     7.460     6.070     3.290     1.120      .600
     1.090     1.370      .830     -.420    -2.060    -3.670    -4.510    -3.780
    -1.310     2.150     5.430     7.530     7.950     6.680     4.220     1.390
    -1.170    -3.250    -4.880    -5.960    -6.000    -4.420    -1.170     2.860
     5.960     6.560     4.610     1.790      .150      .310     1.090      .920
     -.490    -1.920    -1.870      .090     3.040     5.360     6.040     5.320
     4.360     3.930     3.570     2.420      .660     -.460     -.080     1.040
     1.490      .860     -.120    -1.040    -2.280    -3.860    -4.440    -2.610
     1.140     4.450     5.210     3.310      .090    -3.290    -6.470    -9.400
   -11.550   -11.820    -9.290    -4.190     1.590     5.660     6.930     6.270
     4.970     3.000     -.650    -6.030   -11.250   -13.730   -12.150    -7.290
    -1.240     4.170     8.500    12.330    15.580    16.710    14.270     9.240
     4.720     2.660     1.930      .480    -1.220     -.410     4.460    11.670
    18.090    21.730    21.960    18.460    11.450     2.930    -3.700    -5.850
    -3.550      .860     4.320     4.850     2.650     -.050     -.990     -.220
     -.170    -2.940    -7.980   -12.750   -15.270   -15.240   -13.080    -9.300
    -5.090    -2.600    -3.450    -7.040   -10.870   -12.520   -11.150    -7.320
    -2.160     2.950     6.600     7.850     6.830     4.560     2.330      .980
      .750     1.420     2.670     4.440     6.970    10.500    14.670    18.330
    20.160    19.790    18.200    16.710    15.600    14.090    11.820     9.540
     8.160     7.460     6.470     4.910     3.590     3.170     3.290     2.930
     1.300    -1.670    -5.190    -7.730    -7.930    -5.840    -2.860     -.420
      .960      .910    -1.360    -6.000   -11.280   -14.530   -14.320   -11.240
    -6.540    -1.000     4.800     9.880    13.150    14.210    13.760    13.140
    13.010    11.970     7.380    -1.160    -9.370   -10.990    -4.000     7.080
    15.640    18.560    16.610    11.350     4.020    -3.440    -8.740   -11.510
   -12.990   -13.110    -9.780    -2.190     6.790    13.030    14.580    11.750
     5.400    -2.870    -9.920   -13.270   -14.100   -15.960   -19.830   -22.370
   -19.710   -11.570     -.920     8.700    14.430    14.740    10.770     6.240
     4.140     3.780     2.680      .800      .950     5.010    11.530    17.570
    21.080    21.030    17.010    10.390     4.710     3.100     5.460     9.100
    11.670    12.640    12.320    10.960     8.640     5.210      .510    -4.700
    -8.550    -9.950   -10.190   -11.180   -12.340   -11.150    -7.000    -2.530
     -.490    -1.180    -3.840    -8.600   -15.130   -20.910   -22.970   -20.690
   -15.180    -7.210     1.970     8.670     8.790     2.010    -8.010   -17.520
   -24.210   -25.330   -18.450    -5.600     6.780    14.230    18.060    20.660
    20.420    14.780     5.910    -1.490    -6.990   -14.150   -22.940   -27.730
   -24.770   -17.590   -11.920    -8.400    -3.910     1.980     6.170     6.840
     4.900      .630    -7.150   -17.130   -24.110   -24.170   -19.790   -17.170
   -19.050   -22.190   -21.730   -16.440    -8.970    -2.300     2.370     4.480
     2.550    -4.650   -15.560   -25.860   -32.120   -34.260   -33.430   -28.810
   -18.900    -5.460     6.510    13.490    15.950    15.480    12.640     9.260
     9.330    13.950    17.280    12.440      .900    -8.290    -9.710    -7.590
    -9.280   -16.850   -28.140   -42.050   -57.700   -70.370   -73.840   -67.590
   -57.810   -50.540   -46.900   -45.860   -47.730   -52.730   -58.710   -63.080
   -65.370   -65.710   -62.290   -53.250   -40.560   -29.140   -21.340   -14.280
    -3.840     9.930    22.490    29.490    30.110    25.600    15.990      .170
   -20.100   -38.520   -49.010   -51.480   -49.910   -44.670   -30.890    -6.580
    21.150    42.360    54.650    63.110    71.220    77.100    79.590    82.240
    88.370    95.760   100.100   100.970   100.860   100.180    97.210    91.820
    84.610    72.920    52.130    22.760    -7.760   -32.560   -51.550   -67.480
   -78.720   -80.690   -73.880   -66.350   -66.130   -73.500   -82.570   -88.930
   -93.470   -98.940  -105.020  -108.390  -106.870  -101.560   -94.470   -85.870
   -76.070   -69.070   -71.220   -84.160  -100.620  -109.860  -107.760  -100.300
   -96.810  -100.580  -106.240  -105.000   -92.370   -71.740   -51.170   -36.250
   -26.410   -18.370   -11.240    -5.870     -.370     9.340    23.340    36.080
    43.070    45.910    47.150    43.770    31.360    13.800     2.080     2.090
     8.370    12.690    14.770    20.930    35.820    59.860    92.290   131.010
   169.250   197.880   212.710   216.500   213.110   203.680   190.310   178.650
   172.580   168.620   160.080   144.750   123.920    95.030    53.060     1.990
   -40.120   -52.830   -28.940    22.770    86.590   147.550   193.880   219.920
   230.250   238.000   254.980   281.420   304.420   306.970   280.640   231.660
   175.580   126.900    93.940    80.250    84.940   101.110   118.980   133.400
   144.760   151.580   148.020   131.700   108.030    82.340    54.200    25.440
     6.050     2.320     4.920      .730    -8.100   -11.710   -16.740   -43.780
   -96.250  -149.800  -181.610  -194.930  -204.100  -211.150  -212.650  -215.640
  -226.150  -231.180  -215.100  -189.570  -182.380  -195.520  -199.560  -177.360
  -149.300  -141.550  -150.340  -156.470  -159.500  -173.650  -197.560  -211.540
  -204.880  -186.190  -163.860  -133.580   -91.480   -46.070    -9.670    12.210
    17.530     4.090   -22.980   -48.650   -61.810   -66.830   -74.630   -87.430
   -99.560  -107.650  -110.290  -100.630   -70.280   -22.020    29.340    71.150
   101.970   125.290   141.220   148.230   147.690   141.040   125.240    96.620
    58.870    22.920    -1.700   -12.800   -12.890    -4.400     9.980    25.130
    35.300    38.780    38.740    38.720    38.560    35.500    27.940    16.660
     2.640   -14.400   -34.180   -53.670   -68.050   -74.130   -72.460   -66.480
   -60.270   -56.460   -54.720   -51.850   -44.270   -31.320   -15.910    -1.540
    10.730    22.330    34.700    47.390    58.000    63.230    60.390    49.010
    31.600    13.300      .280    -1.920    10.560    38.850    80.130   126.880
   169.110   199.010   213.820   213.910   200.040   175.580   150.230   135.460
   132.360   127.970   108.640    75.450    41.410    15.360    -4.640   -20.540
   -24.600    -6.300    33.960    83.740   130.390   169.370   200.090   218.740
   218.940   198.350   161.410   115.410    65.970    16.670   -29.940   -73.070
  -112.910  -146.270  -166.110  -170.840  -171.780  -182.610  -199.730  -202.720
  -180.020  -145.770  -123.000  -118.250  -124.160  -139.560  -168.990  -203.150
  -220.380  -213.340  -196.460  -178.160  -145.280   -90.870   -40.020   -22.800
   -30.070   -24.010     8.040    37.330    37.370    17.250    -1.920   -19.010
   -40.300   -54.390   -48.130   -37.660   -52.370   -87.000   -99.020   -63.380
    -6.580    28.250    32.500    31.720    46.860    74.920   101.890   117.340
   117.180   106.360    98.850   103.160   108.350    96.810    69.960    47.230
    38.980    36.370    31.240    27.890    26.900    16.210    -6.030   -15.430
     8.850    44.880    43.010   -16.470   -99.630  -158.440  -177.680  -173.940
  -163.530  -146.940  -118.720   -78.360   -31.190    12.910    42.160    50.830
    44.930    34.880    23.040     2.200   -33.850   -81.280  -127.590  -161.530
  -182.030  -194.520  -194.030  -159.190   -79.960     7.150    36.200   -15.490
   -85.100   -81.830    14.490   135.720   208.070   224.710   224.020   223.920
   208.190   167.860   122.900    94.470    76.990    52.150    19.630      .060
    11.250    51.920   108.060   166.380   219.780   265.920   304.730   335.360
   353.250   351.490   327.050   285.060   235.460   185.840   138.730    94.940
    56.350    23.800    -5.620   -35.580   -64.440   -84.440   -89.140   -81.420
   -72.820   -74.750   -90.220  -114.010  -140.110  -167.570  -198.240  -229.970
  -255.510  -270.130  -277.920  -286.800  -297.790  -303.130  -295.740  -276.810
  -252.860  -228.940  -206.910  -187.270  -169.780  -154.630  -145.290  -146.890
  -157.790  -165.650  -157.960  -136.440  -115.950  -108.660  -114.020  -125.360
  -140.120  -159.510  -182.060  -202.830  -217.800  -225.610  -225.550  -216.770
  -199.500  -175.440  -147.720  -121.560  -101.980   -87.580   -68.170   -32.910
    18.780    77.020   131.660   179.620   222.450   260.200   288.880   302.680
   299.050   283.080   264.850   248.970   229.550   200.830   170.270   151.910
   145.720   134.270   105.810    71.920    53.140    53.230    58.060    56.940
    52.100    46.330    34.230    12.680    -9.050   -18.520   -15.550   -10.630
   -10.570   -12.350    -9.950    -1.050    13.310    30.060    44.790    56.120
    70.130    95.190   130.170   161.880   176.990   173.520   158.640   138.860
   116.010    90.130    61.380    29.180    -6.840   -44.180   -77.910  -104.700
  -124.370  -136.720  -138.720  -126.960  -102.690   -72.870   -45.170   -21.820
     1.110    28.040    58.440    88.060   115.670   145.320   178.530   205.200
   207.520   176.260   121.950    67.210    28.530     6.560    -7.440   -19.410
   -27.970   -30.140   -28.730   -31.560   -42.060   -52.170   -48.100   -24.310
    10.560    43.180    68.050    88.280   107.160   123.560   134.720   138.500
   132.600   116.350    94.580    74.880    59.320    43.960    28.580    19.440
    17.840    14.580     4.710    -1.060     5.510     7.390   -18.880   -57.960
   -56.740    10.470    98.800   143.760   144.520   158.370   206.900   227.630
   147.720   -18.350  -181.760  -283.690  -349.960  -433.860  -538.320  -618.520
  -641.950  -615.250  -555.250  -462.490  -334.500  -188.190   -52.710    54.890
   135.530   192.080   219.100   213.600   189.920   175.830   189.820   222.750
   244.520   232.450   193.550   156.430   139.750   131.840   105.460    51.210
    -8.910   -43.780   -45.830   -37.770   -48.090   -84.200  -131.120  -171.700
  -201.930  -226.130  -243.840  -247.500  -232.170  -202.070  -165.450  -126.310
   -84.490   -42.170    -6.180    17.530    29.550    36.080    43.490    54.270
    67.140    79.670    90.270    97.900   100.870    97.290    87.010    71.920
    54.140    34.920    15.800    -1.060   -14.740   -26.450   -37.350   -46.530
   -52.300   -54.290   -52.780   -46.930   -35.670   -20.210    -3.840    11.050
    24.310    36.260    46.110    52.760    56.270    57.990    59.840    63.790
    70.700    78.850    84.500    84.980    81.030    75.280    68.920    60.780
    49.700    36.280    21.820     6.670    -9.220   -24.790   -38.120   -48.020
   -54.010   -55.080   -50.380   -41.610   -33.100   -28.380   -27.770   -30.120
   -34.910   -40.960   -44.970   -44.090   -39.190   -33.090   -26.500   -18.480
   -10.260    -5.090    -3.740    -3.530    -2.240      .200     4.610    12.680
    22.680    29.660    32.760    37.320    45.600    50.680    46.360    39.260
    41.620    52.720    57.790    48.690    36.240    35.460    45.550    53.440
    53.180    51.750    55.260    59.180    55.760    44.260    28.090     6.790
   -21.930   -54.410   -82.670  -104.400  -123.970  -140.890  -145.080  -130.890
  -110.650  -103.790  -112.250  -117.170  -104.140   -81.900   -67.790   -62.210
   -50.160   -25.810    -1.640    10.630    16.290    27.570    45.710    62.640
    75.210    87.580   101.300   111.990   116.700   116.850   113.390   105.910
    98.020    95.870    98.600    97.190    87.410    77.500    77.030    82.880
    83.680    75.660    66.510    63.420    64.480    63.710    59.350    53.780
    48.940    45.710    45.590    49.120    53.100    52.440    45.670    37.020
    32.290    33.480    37.870    41.300    41.690    40.040    38.810    39.480
    41.270    41.840    39.370    34.090    27.710    21.250    13.830     4.120
    -7.060   -16.500   -21.590   -22.920   -22.980   -22.670   -20.660   -16.250
   -11.060    -7.050    -4.000     -.550     3.120     5.370     5.910     6.970
    10.700    16.590    22.190    25.740    27.170    27.110    25.900    23.720
    20.880    17.890    15.480    14.130    13.070    10.070     3.180    -7.310
   -19.420   -31.780   -44.010   -54.870   -61.790   -63.460   -61.740   -59.300
   -56.440   -51.850   -45.970   -41.130   -37.920   -33.750   -26.520   -17.850
   -10.920    -6.390    -2.680      .600     1.980      .980    -1.140    -3.900
    -8.730   -16.470   -25.600   -34.150   -41.820   -48.930   -54.680   -57.690
   -57.740   -55.670   -52.400   -48.600   -44.810   -41.020   -36.840   -32.580
   -29.050   -26.220   -23.650   -22.310   -23.720   -26.600   -27.220   -24.660
   -22.470   -22.910   -22.890   -19.360   -15.630   -16.670   -20.300   -19.550
   -14.000   -10.850   -12.290    -9.210     6.450    28.030    40.310    37.990
    31.260    32.160    41.110    49.150    49.670    44.930    42.770    48.840
    61.090    70.830    70.500    61.260    51.380    46.140    41.580    29.760
     9.020   -13.660   -30.140   -38.970   -45.180   -53.440   -62.770   -68.060
   -66.200   -59.560   -52.720   -46.600   -37.560   -22.970    -5.530     9.630
    20.900    30.950    41.420    49.410    50.390    43.650    33.100    23.110
    14.970     7.460     -.660    -9.910   -21.080   -35.280   -52.190   -69.170
   -82.790   -90.920   -92.800   -87.970   -76.350   -59.340   -39.620   -19.250
     1.190    21.400    39.970    54.880    64.640    68.680    67.270    62.030
    56.170    52.820    52.550    52.630    49.240    40.330    26.600    10.160
    -7.340   -25.440   -44.250   -63.270   -80.720   -93.930  -100.830  -101.250
   -96.930   -89.820   -80.390   -67.670   -51.080   -31.870   -12.490     5.430
    22.090    38.380    53.940    66.810    75.040    78.120    76.720    71.370
    62.300    50.440    37.480    24.440    10.750    -4.550   -20.790   -36.020
   -49.330   -62.000   -75.650   -89.540  -100.270  -104.090   -99.350   -86.930
   -69.090   -48.130   -26.060    -4.740    14.580    32.150    49.720    68.820
    89.100   108.680   125.920   140.240   151.110   157.290   157.710   152.260
   141.280   124.840   103.520    79.390    55.150    32.390    11.290    -8.030
   -25.000   -39.490   -52.260   -63.810   -73.240   -78.900   -80.080   -77.570
   -72.900   -67.300   -61.420   -55.290   -47.870   -37.260   -22.380    -4.840
    11.850    25.500    37.010    47.830    56.500    59.590    56.410    50.770
    46.710    44.150    40.110    33.110    24.150    13.970     1.740   -12.860
   -27.960   -40.770   -49.650   -54.280   -54.860   -51.890   -46.420   -39.780
   -33.180   -27.670   -23.670   -20.580   -17.590   -15.270   -15.460   -18.920
   -24.210   -29.660   -35.380   -42.160   -49.110   -54.140   -56.850   -59.520
   -64.580   -71.860   -78.770   -82.670   -82.670   -79.520   -74.260   -67.270
   -58.650   -49.310   -40.950   -34.510   -29.140   -23.500   -17.650   -12.670
    -8.760    -4.980    -1.100     1.730     2.500     1.610     -.130    -2.880
    -7.080   -12.070   -16.380   -19.230   -20.750   -20.940   -19.240   -15.490
   -10.550    -5.730    -1.730     1.540     4.620     7.950    11.790    16.450
    22.410    29.830    37.830    44.680    48.900    50.170    49.080    46.390
    42.860    39.580    37.610    37.070    36.890    35.670    32.930    29.260
    25.470    21.960    18.840    16.410    15.160    15.240    16.180    17.440
    19.010    21.230    23.850    25.680    25.620    23.690    20.800    17.520
    13.510     8.350     2.460    -3.390    -9.230   -15.820   -23.480   -31.270
   -37.960   -43.410   -48.370   -52.960   -56.270   -57.420   -56.590   -54.260
   -50.120   -43.410   -34.410   -24.630   -15.430    -7.020      .940     8.060
    13.320    15.960    16.090    14.420    12.040    10.140     9.500     9.940
    10.510    10.040     7.660     2.930    -3.920   -12.110   -20.780   -29.280
   -36.970   -42.820   -45.760   -45.330   -41.630   -34.960   -25.970   -16.260
    -7.730    -1.360     3.150     6.150     7.230     6.010     3.180     -.120
    -3.730    -8.530   -14.890   -21.750   -27.590   -31.970   -35.550   -39.000
   -42.340   -45.400   -48.310   -50.780   -51.160   -47.050   -37.270   -22.920
    -6.140    11.830    30.600    48.970    64.500    75.460    82.730    89.070
    96.550   105.270   113.830   120.280   122.650   119.770   112.370   102.860
    93.090    82.540    69.410    53.340    36.480    21.360     8.580    -2.950
   -14.030   -24.110   -32.280   -38.170   -41.550   -41.840   -38.800   -33.340
   -26.910   -20.280   -13.430    -6.800    -1.370     2.610     6.340    11.120
    16.970    23.140    29.380    35.800    41.690    45.520    46.130    43.390
    37.650    29.310    19.090     7.950    -3.470   -14.620   -24.200   -30.790
   -34.670   -38.060   -42.680   -47.810   -51.780   -54.510   -57.100   -59.450
   -59.780   -57.070   -52.360   -46.930   -40.410   -31.780   -21.620   -11.810
    -3.590     3.250     9.080    13.680    16.860    19.000    20.330    20.370
    18.580    15.210    10.870     5.740     -.300    -6.980   -13.720   -20.320
   -27.100   -34.160   -40.790   -45.970   -49.150   -50.410   -49.770   -46.740
   -40.590   -31.200   -19.500    -7.210     3.960    13.030    20.070    26.170
    32.770    40.640    49.190    56.800    61.830    63.440    61.430    55.960
    47.560    37.180    25.970    14.850     4.530    -4.380   -11.380   -16.270
   -18.870   -18.910   -16.370   -11.770    -5.770     1.380     9.460    17.570
    24.390    29.400    33.070    35.780    37.130    36.730    35.100    33.080
    30.700    27.240    22.060    14.800     4.930    -7.780   -22.220   -36.000
   -47.140   -55.370   -61.590   -66.520   -70.300   -72.770   -73.640   -72.320
   -68.460   -62.330   -54.690   -45.960   -36.160   -25.350   -14.010    -2.930
     7.030    15.160    21.200    25.350    27.630    27.580    24.710    19.290
    12.140     3.780    -5.480   -14.590   -22.000   -27.310   -31.900   -37.180
   -42.510   -45.790   -45.840   -43.240   -38.890   -32.630   -24.040   -13.710
    -3.080     6.750    15.550    23.680    31.770    40.570    50.340    60.120
    68.170    73.070    74.370    72.270    67.240    60.300    52.800    45.280
    36.940    26.920    15.820     5.340    -3.790   -12.330   -20.700   -27.550
   -30.820   -29.870   -25.540   -18.520    -8.920     2.600    14.500    25.940
    37.650    50.310    62.640    72.400    78.980    83.540    86.620    86.950
    83.530    77.470    70.610    63.150    54.060    43.610    33.820    26.210
    20.280    15.020    10.800     8.790     9.160    11.080    14.140    18.750
    24.990    32.020    38.970    45.720    52.330    58.230    62.640    65.330
    66.700    66.960    65.860    63.060    58.500    52.360    44.930    36.650
    28.090    19.750    11.900     4.690    -1.850    -7.780   -13.250   -18.260
   -22.580   -25.810   -27.660   -28.150   -27.640   -26.690   -25.710   -24.780
   -23.690   -22.260   -20.450   -18.340   -15.830   -12.680    -8.890    -4.990
    -1.690      .800     2.830     4.590     5.630     5.570     4.940     4.730
     5.190     5.620     5.540     5.280     5.260     5.310     5.300     5.650
     6.530     6.970     5.630     2.210    -2.570    -8.430   -15.700   -24.130
   -32.540   -39.990   -46.430   -51.480   -53.670   -52.030   -47.630   -42.670
   -38.170   -33.690   -28.890   -24.320   -20.300   -16.330   -12.120    -8.450
    -6.140    -5.000    -4.160    -3.290    -2.740    -2.870    -3.870    -6.050
    -9.510   -13.650   -17.580   -21.110   -24.520   -27.300   -28.120   -26.560
   -24.120   -22.760   -22.740   -22.790   -22.150   -21.490   -21.320   -20.650
   -17.810   -12.290    -4.920     3.320    11.970    20.420    27.700    33.280
    37.450    40.500    41.810    40.540    36.910    32.210    27.450    22.570
    17.110    11.180     5.250     -.510    -6.360   -12.290   -17.610   -21.380
   -23.220   -23.610   -23.420   -23.150   -22.650   -21.500   -19.570   -17.060
   -14.170   -11.030    -7.940    -5.420    -3.710    -2.550    -1.560     -.780
     -.660    -1.570    -3.480    -5.930    -8.320   -10.130   -11.110   -11.240
   -10.440    -8.770    -6.780    -5.490    -5.480    -6.220    -6.690    -6.450
    -5.770    -4.710    -2.960     -.710      .910      .930     -.390    -2.000
    -3.500    -5.230    -7.270    -8.960    -9.630    -9.360    -8.370    -6.540
    -3.850    -1.160      .390      .620      .380      .180     -.470    -2.150
    -4.440    -6.280    -7.200    -7.350    -6.800    -5.380    -3.500    -2.360
    -2.840    -4.500    -6.220    -7.530    -8.680    -9.580    -9.500    -8.150
    -6.300    -5.050    -4.520    -4.080    -3.500    -3.300    -3.910    -5.160
    -6.800    -9.070   -12.340   -16.140   -19.290   -20.850   -20.870   -20.080
   -19.270   -18.980   -19.520   -20.950   -22.930   -24.850   -26.060   -26.290
   -25.630   -24.230   -22.030   -18.890   -14.990   -11.040    -7.990    -6.420
    -6.320    -7.450    -9.690   -13.000   -17.060   -21.130   -24.370   -26.440
   -27.710   -28.740   -29.550   -29.510   -28.100   -25.740   -23.390   -21.620
   -20.210   -18.750   -17.090   -14.990   -11.920    -7.710    -3.140      .680
     3.460     5.790     8.010     9.680    10.470    10.890    11.770    13.260
    14.860    16.200    17.290    17.970    17.630    15.580    11.660     6.480
     1.380    -2.240    -3.830    -4.030    -3.840    -3.730    -3.640    -3.740
    -4.330    -5.090    -5.030    -3.590    -1.110     1.860     5.260     9.110
    12.860    15.870    18.080    19.760    20.990    21.710    22.180    22.440
    21.840    19.650    16.310    13.000    10.020     6.430     1.530    -4.030
    -9.240   -13.730   -17.460   -19.950   -20.770   -20.200   -18.820   -16.430
   -12.480    -7.240    -1.910     2.640     6.490     9.890    12.660    14.580
    15.890    16.910    17.480    17.070    15.270    12.110     8.120     4.170
      .900    -1.950    -5.290    -9.800   -15.450   -21.990   -29.070   -35.790
   -40.720   -43.180   -44.020   -44.400   -44.150   -42.090   -37.740   -31.840
   -25.260   -18.170   -10.730    -3.740     1.960     6.210     9.110    10.410
     9.890     7.950     5.350     2.320    -1.290    -5.180    -8.620   -11.270
   -13.360   -14.960   -15.520   -14.470   -11.980    -8.690    -5.210    -1.920
      .940     3.650     7.080    12.000    18.170    24.490    30.000    34.520
    38.360    41.640    44.060    45.160    44.720    43.040    40.670    38.030
    35.010    31.330    27.100    22.670    18.230    13.560     8.580     3.700
     -.550    -4.010    -6.860    -9.240   -11.140   -12.500   -13.160   -12.880
   -11.640    -9.730    -7.360    -4.170      .280     5.670    10.950    15.270
    18.640    21.440    23.630    24.800    24.700    23.430    21.230    18.240
    14.590    10.370     5.570      .140    -5.710   -11.450   -16.590   -20.880
   -24.400   -27.320   -29.650   -31.090   -31.150   -29.670   -27.190   -24.560
   -21.960   -18.730   -14.230    -8.700    -2.940     2.540     7.630    12.100
    15.430    17.510    18.770    19.460    19.160    17.500    14.980    12.620
    10.910     9.590     8.400     7.570     7.280     7.290     7.320     7.530
     8.100     8.680     8.700     8.120     7.540     7.440     7.740     8.310
     9.430    11.420    14.020    16.480    18.400    19.980    21.390    22.170
    21.770    20.440    19.220    18.840    18.970    18.730    17.770    16.460
    15.210    14.050    12.750    11.180     9.280     7.180     5.350     4.390
     4.370     4.790     5.250     6.030     7.550     9.640    11.780    13.830
    16.030    18.230    19.770    20.330    20.330    20.250    19.870    18.760
    17.020    15.140    13.300    11.350     9.200     6.610     2.870    -2.690
    -9.670   -16.670   -22.590   -27.320   -31.060   -33.460   -34.090   -33.190
   -31.510   -29.520   -27.320   -25.040   -22.720   -19.900   -15.930   -10.700
    -4.780     1.300     7.300    12.740    16.710    18.640    18.810    17.700
    15.220    10.980     5.230    -1.160    -7.470   -13.490   -19.030   -23.490
   -26.190   -26.900   -26.090   -24.720   -23.500   -22.370   -20.700   -18.240
   -15.440   -12.710    -9.570    -5.310     -.190     4.640     8.530    11.580
    13.730    14.220    12.850    10.790     9.500     9.330     9.860    11.250
    13.940    17.220    19.250    19.060    17.790    17.340    18.310    19.840
    21.050    21.960    23.030    24.460    26.090    27.600    28.520    28.440
    27.200    24.890    21.530    17.140    12.130     7.280     3.170     -.220
    -3.250    -6.020    -8.300    -9.900   -10.770   -10.840   -10.070    -8.750
    -7.560    -7.030    -7.040    -7.000    -6.290    -4.620    -2.010     1.140
     4.040     5.770     5.930     4.900     3.380     1.770      .090    -1.490
    -2.540    -2.760    -2.410    -2.070    -2.030    -2.160    -2.260    -2.480
    -3.140    -4.330    -5.890    -7.730    -9.890   -12.320   -14.640   -16.330
   -17.200   -17.460   -17.510   -17.610   -17.820   -18.050   -18.060   -17.560
   -16.470   -15.050   -13.670   -12.390   -11.080    -9.710    -8.530    -7.720
    -7.160    -6.560    -5.860    -5.180    -4.680    -4.360    -4.040    -3.350
    -2.020     -.160     1.800     3.630     5.670     8.410    11.720    14.920
    17.510    19.630    21.560    23.170    24.000    23.920    23.310    22.540
    21.620    20.340    18.600    16.520    14.110    11.280     8.000     4.610
     1.680     -.490    -2.080    -3.530    -5.080    -6.580    -7.770    -8.620
    -9.310    -9.970   -10.510   -10.650   -10.090    -8.930    -7.700    -7.000
    -6.850    -6.610    -5.670    -4.240    -3.260    -3.560    -5.280    -8.020
   -11.270   -14.540   -17.260   -18.820   -19.060   -18.390   -17.420   -16.430
   -15.160   -13.160   -10.410    -7.350    -4.620    -2.590    -1.290     -.660
     -.780    -1.740    -3.520    -5.950    -8.870   -12.120   -15.430   -18.350
   -20.490   -21.640   -21.830   -21.180   -19.830   -18.090   -16.280   -14.540
   -12.780   -10.930    -9.050    -7.220    -5.350    -3.310    -1.280      .330
     1.340     1.900     2.150     2.000     1.400      .630      .050     -.320
     -.500     -.110     1.500     4.460     8.150    11.870    15.460    19.050
    22.550    25.740    28.600    31.220    33.420    34.850    35.420    35.300
    34.520    32.840    30.160    26.750    22.760    18.040    12.560     6.950
     2.150    -1.470    -4.270    -6.710    -8.740   -10.000   -10.490   -10.620
   -10.720   -10.710   -10.270    -9.300    -7.980    -6.540    -5.020    -3.350
    -1.580      .210     2.070     4.150     6.320     7.810     7.690     5.610
     2.110    -1.870    -5.850    -9.930   -14.250   -18.450   -22.040   -25.000
   -27.790   -30.690   -33.340   -35.220   -36.330   -36.980   -37.170   -36.440
   -34.640   -32.250   -29.750   -26.930   -23.350   -19.210   -15.350   -12.240
    -9.670    -7.450    -5.970    -5.680    -6.290    -7.020    -7.300    -7.160
    -6.800    -6.230    -5.380    -4.320    -3.140    -1.820     -.270     1.480
     3.230     4.630     5.440     5.800     6.050     6.350     6.600     6.820
     7.520     9.080    11.110    12.650    13.230    13.320    13.610    14.160
    14.530    14.610    14.770    15.400    16.390    17.360    18.150    18.980
    20.050    21.180    21.790    21.490    20.630    20.010    20.090    20.540
    20.880    21.070    21.260    21.160    20.290    18.730    17.080    15.560
    13.670    11.070     8.250     5.840     3.780     1.550     -.880    -2.920
    -4.270    -5.080    -5.400    -4.860    -3.240     -.810     2.050     4.980
     7.310     8.150     7.390     6.040     5.150     4.530     3.310     1.350
     -.460    -1.430    -1.880    -2.500    -3.510    -4.720    -5.960    -7.250
    -8.620   -10.280   -12.570   -15.400   -18.030   -19.650   -20.030   -19.480
   -18.300   -16.640   -14.850   -13.310   -12.070   -10.910    -9.700    -8.530
    -7.320    -5.730    -3.650    -1.490      .320     1.670     2.670     3.310
     3.570     3.650     3.770     3.720     3.050     1.740      .510      .200
      .940     2.130     3.200     4.200     5.480     6.910     7.700     7.170
     5.570     3.970     3.230     3.390     3.960     4.710     5.830     7.560
     9.850    12.440    15.170    17.980    20.700    23.050    24.840    26.160
    27.090    27.490    27.120    26.110    24.970    24.120    23.400    22.270
    20.500    18.290    15.740    12.560     8.530     4.020     -.180    -3.640
    -6.540    -9.300   -12.090   -14.900   -17.790   -20.860   -24.000   -26.840
   -28.900   -29.890   -29.910   -29.310   -28.450   -27.460   -26.320   -24.930
   -23.240   -21.150   -18.720   -16.280   -14.340   -13.030   -12.080   -11.100
   -10.150    -9.470    -9.110    -8.830    -8.510    -8.380    -8.720    -9.530
   -10.520   -11.390   -12.040   -12.530   -12.820   -12.800   -12.310   -11.290
    -9.850    -8.150    -6.240    -4.090    -1.820      .200     1.540     2.030
     1.960     1.800     1.810     1.920     1.950     1.880     1.770     1.480
      .760     -.400    -1.710    -2.890    -3.950    -4.880    -5.480    -5.510
    -5.080    -4.560    -4.190    -3.960    -3.890    -4.100    -4.590    -5.220
    -5.890    -6.630    -7.240    -7.250    -6.350    -4.770    -2.910     -.920
     1.110     2.850     3.780     3.730     3.020     2.020      .990      .260
      .360     1.640     3.830     6.230     8.160     9.400    10.070    10.260
     9.790     8.310     5.780     2.810      .120    -2.090    -4.070    -5.810
    -6.700    -6.180    -4.430    -2.270     -.340     1.320     3.000     4.860
     6.800     8.510     9.680    10.170    10.250    10.270    10.380    10.500
    10.560    10.520    10.100     8.810     6.480     3.590      .800    -1.710
    -4.170    -6.620    -8.720   -10.170   -11.070   -11.760   -12.380   -12.820
   -12.910   -12.410   -11.040    -8.680    -5.580    -2.250      .900     3.770
     6.360     8.650    10.620    12.280    13.610    14.460    14.740    14.560
    14.280    14.370    15.190    16.780    18.700    20.220    20.940    20.970
    20.720    20.300    19.530    18.250    16.560    14.650    12.720    11.070
     9.950     9.340     8.860     8.200     7.530     7.220     7.390     7.910
     8.660     9.580    10.520    11.140    11.280    11.110    10.740    10.030
     8.740     6.920     4.940     3.120     1.440     -.280    -2.210    -4.490
    -7.290   -10.590   -14.050   -17.180   -19.580   -21.150   -21.910   -21.870
   -21.040   -19.480   -17.440   -15.280   -13.370   -11.860   -10.660    -9.610
    -8.590    -7.540    -6.340    -4.860    -3.220    -1.670     -.380      .710
     1.590     2.020     1.670      .570     -.880    -2.330    -3.720    -4.990
    -5.880    -6.140    -5.930    -5.670    -5.600    -5.630    -5.610    -5.590
    -5.590    -5.390    -4.650    -3.260    -1.460      .510     2.580     4.840
     7.350    10.040    12.820    15.660    18.650    21.820    25.020    27.830
    29.790    30.640    30.390    29.220    27.400    25.150    22.470    19.110
    14.940    10.350     6.010     2.280     -.990    -3.870    -6.020    -7.000
    -6.980    -6.560    -6.070    -5.290    -3.990    -2.430    -1.060      .070
     1.240     2.650     4.170     5.610     6.920     8.060     8.830     8.940
     8.180     6.610     4.480     2.210      .100    -1.850    -3.900    -6.280
    -8.860   -11.290   -13.480   -15.640   -17.980   -20.210   -21.800   -22.490
   -22.540   -22.330   -21.910   -21.110   -19.970   -18.850   -18.030   -17.340
   -16.370   -14.840   -12.880   -10.920    -9.370    -8.490    -8.320    -8.710
    -9.490   -10.480   -11.550   -12.570   -13.500   -14.290   -14.820   -14.950
   -14.700   -14.180   -13.430   -12.350   -10.840    -8.970    -6.940    -4.860
    -2.810     -.800     1.190     3.190     5.070     6.640     7.900     9.250
    11.160    13.630    16.240    18.670    21.030    23.550    26.120    28.250
    29.570    30.050    29.900    29.200    27.830    25.690    22.900    19.880
    17.100    14.850    13.280    12.450    12.360    12.890    13.720    14.600
    15.480    16.470    17.580    18.560    19.010    18.610    17.360    15.570
    13.650    11.870    10.260     8.750     7.280     5.820     4.430     3.230
     2.350     1.740     1.080     -.150    -2.390    -5.750    -9.950   -14.420
   -18.610   -22.300   -25.550   -28.290   -30.180   -30.820   -30.200   -28.750
   -26.970   -25.150   -23.350   -21.500   -19.430   -17.110   -14.750   -12.750
   -11.440   -10.900   -11.020   -11.590   -12.340   -13.110   -13.870   -14.670
   -15.410   -15.870   -15.980   -15.870   -15.640   -15.170   -14.500   -14.000
   -14.060   -14.680   -15.480   -16.140   -16.660   -17.130   -17.580   -18.040
   -18.430   -18.560   -18.270   -17.650   -16.860   -15.580   -13.160    -9.390
    -4.950     -.660     3.480     8.070    13.240    18.350    22.820    26.750
    30.420    33.460    35.080    34.940    33.480    31.160    28.020    23.930
    19.260    14.760    10.830     7.240     3.620      .020    -3.180    -5.750
    -7.780    -9.370   -10.390   -10.650   -10.130    -8.850    -6.800    -4.150
    -1.410      .900     2.750     4.390     5.790     6.400     5.780     4.150
     2.180      .370    -1.130    -2.320    -3.170    -3.680    -3.990    -4.270
    -4.650    -5.300    -6.420    -7.960    -9.410   -10.100    -9.650    -8.250
    -6.360    -4.340    -2.310     -.360     1.330     2.570     3.350     3.790
     3.940     3.800     3.410     2.870     2.190     1.270      .150     -.930
    -1.810    -2.740    -4.090    -5.710    -7.090    -7.920    -8.420    -8.890
    -9.240    -9.200    -8.790    -8.350    -8.070    -7.800    -7.320    -6.530
    -5.440    -4.160    -2.910    -1.940    -1.330     -.940     -.690     -.590
     -.560     -.300      .480     1.810     3.490     5.390     7.480     9.840
    12.460    15.110    17.350    18.850    19.760    20.460    21.040    21.170
    20.660    19.830    19.120    18.490    17.590    16.390    15.170    14.000
    12.700    11.310    10.200     9.480     8.780     7.870     7.190     7.280
     7.910     8.380     8.420     8.410     8.550     8.450     7.770     6.780
     5.870     4.900     3.430     1.530     -.290    -1.800    -3.400    -5.540
    -8.050   -10.420   -12.400   -14.150   -15.880   -17.470   -18.540   -18.810
   -18.360   -17.520   -16.580   -15.560   -14.300   -12.860   -11.520   -10.410
    -9.310    -7.930    -6.300    -4.690    -3.280    -1.960     -.520     1.060
     2.530     3.600     4.130     4.320     4.490     4.650     4.490     3.740
     2.690     1.890     1.540     1.350     1.170     1.290     1.900     2.680
     3.200     3.470     3.820     4.320     4.720     4.910     5.150     5.710
     6.400     6.870     7.090     7.260     7.520     7.740     7.800     7.730
     7.670     7.760     7.990     8.240     8.300     8.050     7.630     7.200
     6.700     5.930     4.750     3.310     1.840      .440    -1.080    -3.020
    -5.480    -8.150   -10.470   -12.060   -13.040   -13.850   -14.660   -15.230
   -15.280   -14.920   -14.400   -13.680   -12.460   -10.660    -8.600    -6.660
    -4.940    -3.370    -1.920     -.480     1.200     3.260     5.340     6.840
     7.520     7.600     7.350     6.700     5.420     3.490     1.130    -1.320
    -3.540    -5.360    -6.930    -8.520   -10.130   -11.310   -11.710   -11.600
   -11.520   -11.470   -10.940    -9.700    -8.150    -6.820    -5.610    -4.120
    -2.300     -.580      .810     2.090     3.500     4.890     5.820     6.040
     5.700     5.070     4.270     3.200     1.760      .010    -1.740    -3.210
    -4.310    -5.170    -5.910    -6.480    -6.730    -6.560    -5.970    -5.040
    -3.830    -2.310     -.460     1.670     3.900     6.010     7.890     9.480
    10.730    11.610    12.170    12.370    12.010    10.910     9.270     7.550
     6.060     4.720     3.320     1.880      .610     -.430    -1.360    -2.330
    -3.280    -4.040    -4.610    -5.150    -5.910    -6.890    -7.720    -7.950
    -7.470    -6.680    -6.100    -5.850    -5.750    -5.650    -5.650    -5.950
    -6.600    -7.480    -8.370    -9.060    -9.460    -9.570    -9.420    -8.990
    -8.270    -7.310    -6.180    -4.860    -3.380    -1.890     -.640      .320
     1.140     1.950     2.660     3.100     3.210     3.060     2.670     2.010
     1.090     -.100    -1.450    -2.790    -3.850    -4.480    -4.760    -4.810
    -4.640    -4.210    -3.670    -3.260    -3.130    -3.200    -3.240    -3.040
    -2.510    -1.810    -1.280    -1.150    -1.310    -1.430    -1.350    -1.180
    -1.150    -1.370    -1.810    -2.400    -3.060    -3.810    -4.730    -5.800
    -6.710    -7.040    -6.720    -6.060    -5.340    -4.550    -3.660    -2.870
    -2.370    -2.010    -1.500     -.900     -.580     -.750    -1.160    -1.470
    -1.590    -1.680    -1.800    -1.930    -2.040    -2.160    -2.280    -2.450
    -2.690    -2.940    -3.110    -3.130    -2.930    -2.220     -.650     1.690
     4.200     6.470     8.760    11.590    14.840    17.860    20.410    22.990
    25.960    28.820    30.710    31.490    31.740    31.880    31.670    30.660
    28.780    26.280    23.430    20.480    17.700    15.270    13.150    11.230
     9.530     8.170     7.270     6.850     6.850     7.180     7.780     8.740
    10.280    12.520    15.170    17.630    19.440    20.530    21.070    21.250
    21.190    21.020    20.800    20.340    19.420    17.970    16.180    14.320
    12.450    10.520     8.520     6.580     4.880     3.540     2.600     2.020
     1.620     1.260      .840      .370     -.180     -.860    -1.600    -2.260
    -2.720    -2.990    -3.030    -2.670    -1.770     -.500      .640     1.280
     1.360     1.030      .360     -.560    -1.650    -2.820    -4.050    -5.330
    -6.540    -7.530    -8.310    -9.040    -9.900   -10.960   -12.170   -13.470
   -14.760   -15.810   -16.410   -16.490   -16.230   -15.930   -15.800   -15.790
   -15.560   -14.870   -13.820   -12.660   -11.470   -10.090    -8.460    -6.800
    -5.380    -4.220    -3.070    -1.730     -.140     1.650     3.480     5.110
     6.340     7.180     7.740     7.980     7.880     7.670     7.660     7.790
     7.510     6.490     5.040     3.670     2.370      .740    -1.290    -3.290
    -4.900    -6.190    -7.220    -7.730    -7.470    -6.630    -5.630    -4.580
    -3.420    -2.320    -1.660    -1.430    -1.180     -.650     -.120     -.050
     -.370     -.630     -.590     -.550     -.870    -1.520    -2.120    -2.490
    -2.860    -3.600    -4.740    -5.850    -6.600    -7.210    -8.120    -9.350
   -10.350   -10.730   -10.730   -10.840   -11.060   -11.000   -10.610   -10.390
   -10.810   -11.800   -12.890   -13.770   -14.250   -14.210   -13.660   -12.950
   -12.570   -12.560   -12.580   -12.380   -12.230   -12.490   -13.130   -13.730
   -13.940   -13.700   -13.130   -12.330   -11.430   -10.710   -10.420   -10.440
   -10.470   -10.280    -9.900    -9.410    -8.840    -8.180    -7.560    -7.030
    -6.450    -5.520    -4.120    -2.420     -.830      .220      .340     -.530
    -2.030    -3.360    -3.740    -2.920    -1.230      .650     2.120     2.910
     3.050     2.800     2.420     2.090     1.940     2.030     2.330     2.870
     3.700     4.840     6.110     7.270     8.240     9.170    10.050    10.650
    10.780    10.660    10.750    11.230    11.890    12.420    12.600    12.170
    10.870     8.790     6.400     4.100     1.910     -.210    -1.970    -3.100
    -3.840    -4.730    -5.740    -6.200    -5.580    -4.160    -2.650    -1.340
     -.090     1.070     1.840     2.150     2.450     3.170     4.070     4.440
     3.860     2.620     1.290      .040    -1.440    -3.410    -5.690    -7.760
    -9.260   -10.140   -10.390    -9.870    -8.480    -6.500    -4.500    -2.860
    -1.520     -.230     1.000     1.980     2.610     2.990     3.150     2.970
     2.320     1.330      .230     -.880    -2.100    -3.510    -5.040    -6.560
    -7.990    -9.250   -10.340   -11.220   -11.750   -11.670   -10.860    -9.480
    -7.950    -6.450    -4.850    -2.920     -.700     1.650     3.970     6.180
     8.170     9.950    11.710    13.640    15.540    16.940    17.550    17.460
    16.850    15.710    13.980    11.910     9.890     8.120     6.520     5.050
     3.830     2.930     2.310     1.870     1.660     1.870     2.640     3.920
     5.540     7.280     9.090    10.980    12.800    14.090    14.390    13.640
    12.270    10.760     9.330     7.890     6.340     4.620     2.810     1.100
     -.220    -1.010    -1.430    -1.750    -1.930    -1.680     -.930     -.060
      .400      .320     -.020     -.230     -.160      .090      .320      .360
      .130     -.460    -1.350    -2.460    -3.630    -4.770    -5.750    -6.410
    -6.800    -7.280    -8.300    -9.890   -11.510   -12.650   -13.360   -14.140
   -15.170   -15.890   -15.470   -13.690   -11.100    -8.480    -6.300    -4.680
    -3.530    -2.680    -1.830     -.890     -.030      .500      .820     1.320
     2.150     3.050     3.730     4.160     4.430     4.370     3.800     3.000
     2.500     2.580     3.070     3.750     4.630     5.590     6.270     6.440
     6.290     6.090     5.930     5.990     6.830     8.820    11.360    13.120
    13.340    12.440    11.360    10.620    10.310    10.540    11.460    12.990
    14.720    16.170    16.980    16.900    15.910    14.300    12.340     9.940
     7.070     4.370     3.070     3.920     6.280     8.440     8.860     7.150
     4.190     1.490      .280      .790     2.290     3.600     3.870     2.970
     1.600      .890     1.640     3.700     6.050     7.610     7.900     7.140
     5.810     4.370     3.140     2.240     1.570      .990      .420     -.240
    -1.250    -2.790    -4.690    -6.530    -8.190    -9.890   -11.750   -13.410
   -14.310   -14.480   -14.500   -14.970   -15.870   -16.730   -17.230   -17.550
   -18.000   -18.520   -18.660   -18.140   -17.330   -16.740   -16.340   -15.560
   -14.160   -12.610   -11.410   -10.400    -9.140    -7.760    -7.010    -7.260
    -8.080    -8.860    -9.440    -9.850    -9.850    -9.200    -8.000    -6.590
    -4.950    -2.850     -.450     1.780     3.710     5.700     8.030    10.390
    12.360    13.880    14.960    15.360    14.920    14.190    14.050    14.570
    14.860    14.040    12.150     9.730     7.040     4.060     1.100    -1.210
    -2.470    -2.820    -2.640    -2.180    -1.550     -.800      .190     1.560
     3.150     4.490     5.260     5.710     6.350     7.280     8.040     8.070
     7.260     5.920     4.470     3.190     2.200     1.440      .610     -.770
    -3.080    -6.250    -9.640   -12.330   -13.790   -14.150   -13.960   -13.570
   -12.840   -11.560    -9.870    -8.330    -7.300    -6.610    -5.680    -4.200
    -2.410     -.890      .070      .640     1.190     1.840     2.480     2.960
     3.180     3.070     2.580     1.750      .700     -.480    -1.680    -2.620
    -2.980    -2.780    -2.450    -2.390    -2.480    -2.370    -2.000    -1.590
    -1.220     -.610      .440     1.750     3.210     5.050     7.460     9.840
    11.120    10.830     9.650     8.770     8.700     9.040     9.190     8.950
     8.460     7.880     7.210     6.400     5.470     4.500     3.640     3.110
     3.010     3.150     3.090     2.480     1.290     -.260    -1.920    -3.580
    -5.190    -6.770    -8.380    -9.960   -11.250   -11.840   -11.550   -10.630
    -9.640    -8.970    -8.620    -8.350    -7.880    -7.140    -6.200    -5.240
    -4.270    -3.020    -1.010     2.120     6.280    10.760    14.330    15.660
    13.960     9.650     4.240     -.590    -4.020    -6.230    -7.570    -8.070
    -7.830    -7.700    -8.910   -11.960   -15.950   -19.350   -21.160   -21.320
   -20.070   -17.530   -13.910    -9.880    -6.290    -3.600    -1.810     -.860
     -.900    -1.940    -3.510    -4.890    -5.600    -5.730    -5.630    -5.650
    -5.960    -6.700    -8.030   -10.050   -12.510   -14.580   -15.230   -14.000
   -11.500    -8.840    -6.580    -4.330    -1.500     1.780     4.720     6.630
     7.300     6.760     5.040     2.450     -.230    -2.150    -3.040    -3.300
    -3.430    -3.530    -3.430    -3.060    -2.620    -2.330    -2.240    -2.270
    -2.290    -2.190    -1.980    -1.820    -1.860    -2.010    -1.650      .050
     3.570     8.580    13.970    18.410    20.900    21.070    19.070    15.490
    11.310     7.740     5.730     5.290     5.500     5.310     4.480     3.570
     3.060     2.710     1.840      .180    -1.640    -2.540    -1.710      .700
     3.770     6.380     7.960     8.600     8.690     8.550     8.280     7.990
     7.680     7.170     6.100     4.360     2.270      .340    -1.110    -2.060
    -2.700    -3.340    -4.440    -6.410    -9.190   -12.140   -14.380   -15.260
   -14.540   -12.340    -9.140    -5.660    -2.520      .040     2.070     3.540
     4.290     4.280     3.780     3.180     2.670     2.320     2.200     2.380
     2.720     2.840     2.330     1.000     -.880    -2.530    -3.150    -2.520
    -1.250     -.190      .320      .650     1.370     2.800     4.950     7.630
    10.320    12.310    13.230    13.350    13.270    13.300    13.330    13.060
    12.340    11.180     9.780     8.450     7.330     6.190     4.690     2.870
     1.150     -.060     -.720     -.910     -.630      .150     1.220     2.420
     3.900     6.000     8.720    11.590    14.030    15.630    16.230    15.920
    15.040    14.010    12.990    11.960    10.900     9.850     8.780     7.600
     6.440     5.460     4.560     3.380     1.850      .470     -.350     -.780
    -1.140    -1.300     -.790      .390     1.680     2.720     3.590     4.360
     4.600     3.840     2.150     -.110    -2.690    -5.440    -8.000    -9.980
   -11.600   -13.550   -16.050   -18.470   -20.030   -20.710   -21.140   -21.790
   -22.360   -22.250   -21.130   -19.170   -16.750   -14.100   -11.350    -8.560
    -5.750    -2.880     -.040     2.460     4.390     5.860     7.280     8.800
    10.040    10.530    10.320     9.900     9.570     9.250     8.820     8.380
     8.000     7.530     6.870     6.260     6.040     6.240     6.550     6.670
     6.490     6.010     5.410     5.130     5.660     7.180     9.420    11.940
    14.280    16.040    17.090    17.750    18.400    18.800    18.210    16.340
    13.890    11.890    10.590     9.540     8.450     7.530     6.990     6.590
     5.960     5.020     4.010     3.130     2.500     2.210     2.260     2.620
     3.360     4.750     6.810     9.000    10.550    11.010    10.400     8.880
     6.640     4.030     1.590     -.310    -1.630    -2.600    -3.480    -4.460
    -5.780    -7.550    -9.650   -11.770   -13.710   -15.450   -17.100   -18.780
   -20.350   -21.370   -21.440   -20.590   -19.450   -18.620   -18.090   -17.420
   -16.470   -15.690   -15.540   -15.960   -16.460   -16.770   -16.950   -17.050
   -16.970   -16.790   -16.770   -17.060   -17.320   -17.130   -16.470   -15.720
   -15.100   -14.380   -13.290   -11.860   -10.350    -8.910    -7.580    -6.500
    -5.930    -5.980    -6.410    -6.720    -6.600    -6.150    -5.610    -5.060
    -4.340    -3.400    -2.410    -1.450     -.310     1.260     3.040     4.490
     5.370     6.180     7.610     9.730    11.960    13.800    15.240    16.460
    17.440    17.940    17.970    17.740    17.420    16.980    16.370    15.660
    14.920    14.100    13.120    12.200    11.680    11.680    12.000    12.360
    12.710    13.220    13.970    14.890    15.860    16.740    17.350    17.570
    17.360    16.840    16.010    14.780    13.120    11.110     8.860     6.370
     3.670      .890    -1.870    -4.530    -6.970    -8.930   -10.240   -11.120
   -11.930   -12.780   -13.450   -13.810   -14.050   -14.320   -14.350   -13.620
   -12.040   -10.150    -8.640    -7.680    -6.940    -6.170    -5.560    -5.420
    -5.580    -5.560    -5.100    -4.510    -4.280    -4.590    -5.320    -6.400
    -7.850    -9.550   -11.270   -13.000   -14.860   -16.820   -18.490   -19.510
   -19.840   -19.560   -18.600   -16.950   -14.910   -12.970   -11.310    -9.790
    -8.290    -6.940    -5.880    -4.980    -3.980    -2.680    -1.150      .330
     1.420     1.940     1.980     1.710     1.060     -.050    -1.440    -2.690
    -3.540    -4.010    -4.130    -3.730    -2.790    -1.640     -.620      .320
     1.440     2.710     3.810     4.500     4.980     5.520     6.200     6.870
     7.380     7.780     8.340     9.400    11.000    12.700    13.730    13.580
    12.260    10.210     7.930     5.910     4.480     3.670     3.230     2.930
     2.790     2.910     3.180     3.290     3.100     2.750     2.500     2.540
     2.930     3.630     4.470     5.180     5.490     5.290     4.640     3.760
     2.890     1.990      .780    -1.030    -3.300    -5.490    -7.120    -8.070
    -8.530    -8.640    -8.430    -7.930    -7.250    -6.560    -6.090    -6.080
    -6.550    -7.220    -7.660    -7.730    -7.590    -7.380    -6.920    -5.980
    -4.670    -3.460    -2.750    -2.540    -2.640    -2.950    -3.430    -3.880
    -3.900    -3.230    -1.870     -.070     1.860     3.570     4.730     5.270
     5.370     5.320     5.270     5.260     5.270     5.330     5.380     5.290
     4.920     4.290     3.440     2.410     1.220     -.030    -1.220    -2.320
    -3.340    -4.250    -4.840    -4.940    -4.550    -3.830    -3.010    -2.190
    -1.440     -.910     -.680     -.620     -.380      .220     1.090     1.930
     2.600     3.040     3.060     2.330      .820    -1.040    -2.770    -4.280
    -5.860    -7.580    -9.140   -10.180   -10.700   -10.890   -10.770   -10.130
    -8.790    -6.920    -4.830    -2.790     -.900      .820     2.320     3.560
     4.510     5.120     5.270     4.850     3.910     2.630     1.200     -.340
    -1.950    -3.510    -4.780    -5.660    -6.140    -6.220    -5.880    -5.190
    -4.290    -3.220    -1.850     -.190     1.470     2.890     4.230     5.970
     8.230    10.570    12.470    13.870    14.970    15.700    15.810    15.250
    14.290    13.020    11.250     8.930     6.470     4.420     2.820     1.310
     -.300    -1.760    -2.750    -3.300    -3.520    -3.260    -2.240     -.500
     1.520     3.360     4.890     6.120     6.890     7.040     6.640     5.890
     4.900     3.740     2.610     1.750     1.140      .460     -.530    -1.740
    -3.070    -4.710    -6.880    -9.360   -11.590   -13.250   -14.540   -15.610
   -16.090   -15.470   -13.790   -11.720    -9.790    -7.990    -6.190    -4.560
    -3.460    -2.890    -2.560    -2.380    -2.570    -3.230    -4.060    -4.760
    -5.350    -6.120    -7.170    -8.320    -9.320   -10.030   -10.410   -10.510
   -10.390    -9.970    -9.010    -7.330    -5.120    -2.870     -.910      .720
     2.090     3.130     3.900     4.680     5.720     6.950     8.040     8.800
     9.290     9.680    10.090    10.570    10.970    10.940    10.220     8.990
     7.700     6.580     5.470     4.270     3.170     2.410     1.900     1.440
     1.050      .860      .770      .630      .570      .920     1.690     2.560
     3.320     4.200     5.450     6.970     8.360     9.370    10.030    10.380
    10.450    10.350    10.270    10.250    10.090     9.610     8.820     7.850
     6.800     5.710     4.640     3.720     3.050     2.620     2.270     1.810
     1.260      .860      .810      .950      .860      .380     -.250     -.620
     -.600     -.340      .020      .360      .570      .660      .800     1.140
     1.510     1.600     1.390     1.200     1.250     1.380     1.340     1.120
      .880      .690      .610      .710      .960     1.130      .980      .730
      .870     1.470     2.080     2.290     2.270     2.480     2.980     3.370
     3.360     3.090     2.810     2.560     2.300     2.190     2.460     3.040
     3.690     4.230     4.740     5.230     5.590     5.700     5.510     5.060
     4.480     4.040     4.010     4.330     4.630     4.730     4.940     5.550
     6.320     6.720     6.600     6.370     6.260     6.090     5.630     5.160
     5.050     5.190     5.190     4.940     4.700     4.640     4.600     4.380
     4.100     3.880     3.640     3.210     2.620     1.990     1.220      .220
     -.810    -1.460    -1.700    -1.890    -2.310    -2.810    -3.120    -3.300
    -3.640    -4.230    -4.890    -5.390    -5.720    -5.940    -6.120    -6.330
    -6.630    -6.980    -7.240    -7.380    -7.500    -7.730    -8.060    -8.450
    -8.800    -8.930    -8.510    -7.440    -5.990    -4.600    -3.440    -2.410
    -1.450     -.680     -.160      .280      .860     1.550     2.170     2.580
     2.770     2.740     2.480     2.110     1.940     2.210     2.780     3.190
     3.120     2.600     1.860     1.060      .330     -.140     -.230     -.060
      .100      .250      .600     1.080     1.260      .880      .320      .080
      .160      .160     -.120     -.520    -1.000    -1.630    -2.190    -2.100
    -1.150      .140     1.080     1.430     1.290      .600     -.570    -1.610
    -1.740     -.860      .400     1.500     2.440     3.220     3.530     3.180
     2.480     1.710      .640    -1.000    -2.810    -3.930    -4.110    -3.790
    -3.350    -2.530    -1.070      .690     2.120     3.080     3.870     4.590
     4.980     4.870     4.410     3.880     3.340     2.720     2.000     1.210
      .290     -.650    -1.360    -1.670    -1.740    -1.900    -2.240    -2.610
    -2.910    -3.320    -4.060    -5.120    -6.180    -6.960    -7.380    -7.630
    -7.980    -8.560    -9.140    -9.400    -9.210    -8.850    -8.590    -8.410
    -8.090    -7.570    -7.070    -6.730    -6.530    -6.430    -6.610    -7.160
    -7.880    -8.420    -8.650    -8.730    -8.910    -9.210    -9.520    -9.770
    -9.920   -10.010   -10.120   -10.330   -10.670   -10.990   -11.190   -11.300
   -11.380   -11.370   -11.090   -10.530    -9.950    -9.630    -9.580    -9.650
    -9.740    -9.850    -9.960    -9.970    -9.790    -9.450    -9.020    -8.550
    -8.100    -7.690    -7.370    -7.040    -6.610    -6.070    -5.520    -5.100
    -4.800    -4.480    -4.060    -3.630    -3.350    -3.210    -3.080    -2.870
    -2.700    -2.630    -2.570    -2.380    -2.160    -2.100    -2.130    -1.790
     -.720      .860     2.360     3.380     4.020     4.640     5.330     5.900
     6.200     6.340     6.610     7.090     7.540     7.630     7.270     6.610
     5.880     5.140     4.290     3.360     2.570     2.110     1.900     1.640
     1.100      .320     -.320     -.490     -.070      .780     1.800     2.870
     3.980     5.040     5.830     6.170     6.230     6.290     6.480     6.700
     6.840     6.940     7.010     6.860     6.340     5.560     4.730     3.900
     3.020     2.260     1.830     1.640     1.350      .920      .760     1.190
     1.920     2.400     2.620     3.080     4.020     5.080     5.760     6.030
     6.170     6.350     6.460     6.360     6.130     5.980     5.990     6.030
     5.850     5.410     5.110     5.360     6.100     6.660     6.510     5.820
     5.180     4.820     4.510     4.160     4.060     4.420     4.940     5.140
     4.950     4.580     4.160     3.630     3.050     2.610     2.390     2.140
     1.660      .990      .280     -.370     -.910    -1.250    -1.410    -1.480
    -1.490    -1.230     -.640      .060      .600     1.060     1.680     2.520
     3.340     4.020     4.610     5.090     5.380     5.590     5.970     6.500
     6.750     6.470     6.120     6.390     7.290     8.120     8.370     8.330
     8.600     9.370    10.370    11.320    12.170    13.010    13.760    14.230
    14.280    13.900    13.180    12.230    11.090     9.720     8.150     6.470
     4.760     2.970     1.070     -.810    -2.440    -3.710    -4.640    -5.290
    -5.650    -5.700    -5.520    -5.260    -4.950    -4.420    -3.490    -2.140
     -.620      .750     1.760     2.380     2.730     2.950     3.140     3.300
     3.300     3.020     2.460     1.750     1.030      .310     -.560    -1.710
    -3.070    -4.380    -5.490    -6.420    -7.280    -7.950    -8.300    -8.360
    -8.410    -8.580    -8.650    -8.360    -7.810    -7.340    -7.130    -7.050
    -6.960    -6.850    -6.680    -6.310    -5.770    -5.370    -5.400    -5.750
    -6.150    -6.660    -7.590    -8.980   -10.460   -11.620   -12.450   -13.110
   -13.500   -13.320   -12.530   -11.530   -10.720   -10.110    -9.460    -8.640
    -7.790    -6.980    -6.140    -5.220    -4.370    -3.740    -3.250    -2.790
    -2.390    -2.230    -2.370    -2.590    -2.630    -2.420    -2.080    -1.730
    -1.430    -1.220    -1.110    -1.060     -.980     -.840     -.750     -.730
     -.730     -.550     -.060      .820     2.020     3.310     4.490     5.520
     6.540     7.630     8.630     9.250     9.310     8.920     8.370     7.930
     7.780