-1.910    -2.500    -3.100    -3.040    -2.100     -.650      .850     2.040
     2.490     1.850      .480     -.470     -.120     1.020     1.620     1.130
      .220     -.370     -.760    -1.230    -1.290     -.290     1.450     2.800
     3.380     3.820     4.380     4.000     1.730    -1.540    -3.510    -2.890
     -.720     1.140     1.990     2.400     2.640     2.000      .020    -2.310
    -3.310    -2.500    -1.070     -.270      .080      .970     2.230     2.320
      .210    -2.960    -4.870    -4.530    -3.090    -2.080    -1.380      .270
     3.020     5.200     5.090     2.910      .220    -2.040    -4.180    -6.160
    -6.800    -5.060    -1.620     1.800     4.180     5.530     5.650     3.900
      .680    -2.070    -2.610    -1.310      .100      .700      .880      .920
      .340     -.760    -1.080      .490     3.190     5.080     5.070     3.570
     1.370    -1.220    -3.690    -4.800    -3.520     -.430     2.360     2.990
     1.450     -.610    -1.520     -.990     -.040      .230     -.310     -.990
    -1.250     -.980     -.190     1.020     2.140     2.200      .850     -.930
    -1.520     -.170     2.460     5.080     6.690     6.870     5.600     3.490
     1.600      .800      .890      .700     -.790    -3.120    -4.460    -3.080
      .900     5.400     8.130     8.250     6.320     3.230     -.290    -3.210
    -4.500    -4.280    -4.100    -5.120    -6.560    -6.490    -3.960      .260
     4.730     8.220     9.540     7.840     3.860      .180     -.820      .880
     3.270     4.320     3.230      .140    -4.160    -7.940    -9.000    -6.400
    -1.360     3.750     7.250     8.810     8.880     8.020     6.420     3.600
    -1.100    -7.150   -12.090   -13.210   -10.070    -4.670      .830     5.690
     9.540    11.070     9.160     4.910     1.010    -1.040    -2.080    -3.330
    -4.390    -3.910    -1.520     1.720     4.600     6.520     7.030     5.580
     2.250    -1.630    -4.040    -3.790    -1.470     1.110     2.600     3.170
     3.990     5.400     6.230     5.150     2.400     -.430    -2.060    -2.210
     -.670     3.060     8.490    13.140    14.160    10.980     5.560      .280
    -3.810    -6.510    -7.350    -6.020    -3.210     -.020     3.290     6.890
     9.550     8.420     1.840    -8.170   -17.240   -22.450   -24.050   -23.190
   -19.340   -11.330     -.410     9.170    13.690    13.290    11.060     8.920
     5.570    -1.000    -9.550   -15.300   -13.720    -4.500     8.540    20.610
    28.660    31.400    28.620    21.460    13.140     7.740     7.350    10.500
    13.870    15.270    15.010    14.590    14.910    15.700    15.990    14.670
    11.090     5.630     -.470    -5.910    -9.880   -11.520    -9.850    -5.220
     -.600      .040    -4.720   -12.380   -19.010   -22.380   -22.180   -18.700
   -13.120    -8.540    -8.490   -13.550   -20.480   -25.070   -25.210   -21.020
   -13.760    -5.730      .250     3.030     4.380     6.760    10.160    12.690
    13.930    15.710    19.000    21.910    22.170    20.340    18.870    18.560
    17.700    14.990    12.070    12.070    16.270    22.730    28.020    29.610
    26.790    19.960    10.150     -.360    -7.630    -7.940    -1.220     7.650
    12.080     8.870     -.030   -10.220   -18.160   -22.220   -22.490   -20.950
   -20.580   -22.500   -24.050   -21.300   -13.580    -4.300     2.890     6.960
     7.920     4.670    -3.330   -12.900   -18.430   -16.710    -8.850     2.880
    17.520    33.050    44.070    45.390    38.240    29.780    25.110    21.940
    14.900     3.630    -6.260    -9.610    -6.430     -.060     6.640    11.730
    13.030     9.160     1.330    -7.570   -16.180   -25.450   -36.170   -46.600
   -53.060   -52.000   -41.950   -24.770    -5.900     7.860    12.280     7.940
    -1.190   -10.510   -16.510   -17.680   -15.300   -12.250    -9.430    -4.040
     6.700    20.270    29.610    30.140    24.710    20.460    21.930    28.100
    34.470    36.470    31.540    20.940    10.080     5.270     8.490    15.360
    18.810    14.590     3.720    -9.310   -19.680   -24.520   -23.520   -18.260
   -11.030    -4.340    -1.250    -4.700   -15.300   -29.330   -40.130   -42.550
   -36.320   -25.260   -13.360    -2.440     6.640    11.570     9.180    -1.360
   -16.350   -29.100   -33.870   -28.820   -16.290     -.920    13.150    23.930
    30.750    32.560    28.050    17.870     5.660    -4.490   -11.230   -15.770
   -19.000   -19.840   -16.410    -8.030     3.890    15.950    23.830    24.450
    17.760     6.000    -8.440   -23.610   -36.880   -45.230   -47.640   -46.150
   -44.000   -43.220   -43.840   -43.410   -36.710   -18.900     7.900    32.250
    41.210    31.410    11.190    -7.770   -18.490   -19.200   -10.900     2.400
    13.850    18.670    18.640    18.950    20.890    21.010    17.120    10.880
     2.720   -11.680   -35.580   -63.890   -85.650   -93.270   -86.250   -67.150
   -39.590   -11.680     4.640     3.500    -7.470   -13.980    -8.890     4.330
    19.930    35.580    48.950    55.270    53.360    50.040    52.770    58.710
    56.030    36.390     2.730   -35.090   -68.010   -90.370  -100.430  -101.980
  -103.030  -109.270  -119.470  -129.430  -138.510  -149.580  -163.340  -175.950
  -181.950  -177.220  -159.640  -129.990   -93.010   -55.030   -19.110    15.910
    50.900    83.250   109.540   129.480   144.720   154.260   153.510   139.330
   115.190    90.290    73.090    65.410    62.550    58.720    52.100    44.960
    39.950    37.350    35.700    34.070    33.380    36.100    44.440    58.160
    74.050    87.870    96.670    99.490    96.840    90.890    84.920    80.380
    74.350    61.700    40.000    10.920   -23.250   -61.960  -103.920  -144.550
  -177.870  -200.500  -213.060  -218.980  -223.240  -230.340  -240.500  -248.160
  -246.900  -236.300  -221.270  -204.250  -181.240  -147.930  -107.860   -71.190
   -45.410   -29.840   -20.040   -15.380   -19.930   -35.790   -57.090   -71.630
   -69.110   -47.950   -15.460    17.480    41.630    51.870    47.650    33.090
    15.810     3.780     2.000    12.900    39.450    84.940   145.760   204.420
   235.050   221.110   168.650   100.540    37.600   -13.190   -53.880   -84.680
  -101.350  -101.080   -86.550   -62.800   -32.040     6.870    54.120   105.500
   153.890   193.860   224.680   248.920   269.450   288.550   308.650   332.080
   359.110   385.790   403.000   398.650   364.510   303.020   224.410   134.390
    29.550   -87.370  -189.560  -234.750  -198.030   -92.740    43.240   173.940
   273.690   321.880   308.950   252.030   191.980   164.670   175.570   204.240
   228.620   241.670   249.990   263.030   282.510   297.980   293.260   261.280
   212.290   164.590   128.070    99.540    72.460    45.210    18.120   -12.260
   -50.460   -94.150  -133.190  -158.950  -173.620  -188.600  -213.290  -246.340
  -278.990  -306.180  -332.470  -365.780  -406.290  -443.310  -463.820  -463.490
  -449.300  -432.180  -417.840  -404.180  -385.970  -360.220  -327.220  -289.190
  -250.190  -216.270  -191.910  -175.650  -162.020  -148.390  -136.400  -124.650
  -104.150   -65.630    -9.330    56.980   128.580   205.840   283.870   346.060
   373.580   361.070   319.900   267.030   213.470   162.610   114.760    69.990
    28.760    -6.730   -31.120   -38.770   -30.200   -15.130    -6.970   -13.210
   -31.410   -53.830   -73.570   -85.570   -85.030   -69.480   -43.120   -16.160
     2.020     8.550     5.740    -3.050   -14.640   -24.900   -29.630   -27.030
   -17.900    -3.610    14.780    35.790    57.580    78.590    96.450   106.330
   102.900    85.430    59.170    30.570     2.640   -23.920   -47.030   -62.940
   -68.800   -64.090   -50.720   -34.080   -22.580   -23.030   -35.430   -53.720
   -71.400   -84.100   -87.690   -78.260   -56.480   -29.080    -3.760    15.820
    28.460    32.040    25.910    15.320    10.110    18.900    46.620    95.490
   162.960   237.420   301.360   342.880   363.130   370.710   370.940   363.250
   346.380   321.500   289.580   249.770   202.990   155.240   114.290    82.810
    57.170    34.800    21.470    27.610    55.950    95.460   129.530   148.170
   149.370   132.170    95.550    44.580   -10.040   -63.500  -122.770  -195.050
  -273.210  -339.080  -380.810  -401.310  -409.560  -410.590  -406.790  -403.380
  -406.350  -416.180  -427.500  -434.970  -437.470  -437.040  -436.200  -436.630
  -437.730  -434.920  -419.850  -384.230  -325.320  -248.890  -165.450   -81.240
     7.230   105.800   207.860   291.090   334.980   341.870   335.780   339.260
   355.590   374.630   390.050   404.420   420.350   434.260   440.550   436.940
   423.790   402.590   377.210   352.550   328.020   296.050   251.790   201.930
   158.160   123.110    89.550    54.040    23.000      .710   -21.990   -59.200
  -112.810  -171.420  -225.120  -273.310  -316.770  -350.840  -372.120  -386.310
  -402.620  -422.620  -440.730  -454.270  -466.910  -482.040  -498.840  -516.600
  -536.130  -551.560  -545.220  -498.560  -410.030  -298.130  -184.620   -77.270
    28.850   135.040   227.250   282.390   287.050   250.480   199.570   161.100
   147.700   158.460   188.230   232.460   284.090   332.340   369.840   399.580
   430.240   463.510   489.920   499.010   490.120   470.410   444.790   412.850
   374.440   332.650   289.380   242.510   190.610   137.770    90.070    49.220
    13.810   -14.410   -30.460   -33.630   -30.990   -30.610   -33.930   -37.350
   -39.140   -40.780   -41.870   -38.440   -28.580   -17.390   -13.290   -19.520
   -31.150   -40.780   -45.840   -49.760   -57.090   -69.300   -85.870  -107.880
  -137.940  -175.500  -214.170  -246.000  -268.100  -283.280  -294.930  -304.060
  -311.970  -322.170  -337.190  -355.060  -371.500  -384.670  -395.360  -403.550
  -407.830  -407.890  -404.430  -395.720  -377.230  -346.450  -306.540  -263.250
  -219.040  -171.890  -119.390   -62.910    -7.490    41.290    80.100   107.310
   120.270   115.320    92.890    61.540    33.280    13.070    -4.470   -26.440
   -52.030   -73.800   -86.060   -88.790   -84.430   -75.080   -62.980   -50.390
   -37.500   -22.480    -3.780    19.850    51.550    94.450   146.330   199.190
   246.340   286.930   321.420   346.480   358.750   361.520   362.610   366.050
   369.820   371.160   369.270   362.560   348.380   327.600   304.670   280.240
   247.880   202.330   147.640    92.720    41.130    -8.740   -54.550   -88.000
  -104.620  -110.520  -115.910  -124.750  -134.160  -141.270  -145.970  -147.860
  -144.650  -135.090  -120.840  -104.070   -84.780   -61.970   -36.350   -10.660
    12.030    29.410    39.750    41.760    35.180    21.470     3.580   -15.520
   -34.770   -55.320   -77.840   -99.600  -115.050  -119.940  -114.170  -100.120
   -79.750   -54.850   -29.300    -7.590    11.230    37.080    82.580   150.200
   224.660   279.950   297.850   281.770   251.850   225.820   206.040   184.990
   158.750   130.640   103.870    78.090    55.320    43.840    50.670    71.990
    94.850   108.000   108.230    98.190    82.450    66.180    53.290    43.870
    35.560    28.000    22.890    19.190    12.520     2.050    -6.350    -8.680
   -11.940   -28.210   -59.710   -95.310  -123.550  -143.950  -162.730  -181.980
  -197.260  -202.010  -189.410  -153.080   -94.080   -28.010    22.200    45.170
    50.050    54.440    66.460    80.330    83.720    64.690    16.400   -55.220
  -127.690  -173.840  -182.600  -165.920  -144.070  -128.260  -119.010  -114.310
  -112.160  -107.390   -93.610   -69.940   -42.520   -18.540    -2.190     4.110
     -.390   -11.490   -20.610   -22.390   -19.720   -19.030   -22.360   -27.070
   -31.280   -35.460   -38.830   -38.130   -31.800   -23.010   -16.770   -15.440
   -18.550   -25.590   -36.660   -50.960   -66.230   -80.100   -91.050   -97.970
   -99.680   -95.540   -86.150   -73.410   -59.960   -48.390   -40.300   -35.830
   -33.750   -32.210   -29.840   -25.800   -19.170    -9.030     4.500    19.710
    34.200    46.100    54.080    57.090    54.920    48.990    41.400    33.160
    23.920    13.580     3.410    -4.600    -8.780    -8.000    -1.940     8.340
    20.910    34.730    50.190    67.620    85.710   101.930   113.770   119.050
   116.220   105.750    90.930    76.130    64.400    57.200    55.750    60.820
    71.260    84.450    98.730   113.970   128.930   139.540   141.150   132.290
   115.060    92.780    68.580    45.560    26.430    12.000     1.050    -7.830
   -15.070   -20.980   -26.450   -31.980   -37.080   -41.550   -46.430   -52.450
   -58.490   -63.290   -67.980   -74.970   -84.470   -94.370  -103.740  -113.960
  -125.480  -135.630  -141.580  -143.350  -141.920  -135.840  -123.110  -105.740
   -89.450   -77.840   -69.290   -60.350   -50.160   -40.390   -32.300   -25.560
   -18.890   -10.670      .290    13.640    27.700    41.210    54.200    66.330
    76.060    82.060    84.330    82.650    75.650    63.250    48.520    34.980
    22.930    10.940      .110    -6.580    -9.140   -11.330   -15.470   -19.260
   -19.920   -18.510   -17.820   -17.680   -15.580   -11.160    -7.010    -5.000
    -4.260    -3.320    -1.920      .190     4.220    10.900    19.270    28.030
    37.000    45.990    53.620    58.590    61.780    65.470    70.570    75.790
    79.490    81.460    82.420    82.750    82.100    80.020    76.700    73.230
    71.220    72.020    76.010    82.840    91.890   102.170   112.070   119.930
   125.090   127.920   128.540   126.210   120.460   112.400   104.030    96.370
    88.850    80.860    73.170    67.360    64.270    63.450    63.900    64.620
    64.400    61.690    55.260    45.210    33.010    20.550     9.080    -1.050
    -9.800   -16.810   -21.630   -24.410   -26.050   -27.570   -29.460   -31.590
   -33.530   -34.990   -36.070   -37.390   -39.600   -42.720   -46.160   -49.520
   -53.070   -57.020   -60.810   -63.650   -65.530   -67.260   -69.400   -71.650
   -73.460   -74.770   -75.890   -76.920   -77.810   -78.690   -79.850   -81.210
   -82.180   -82.090   -80.600   -77.720   -73.560   -68.340   -62.670   -57.530
   -53.560   -50.500   -47.470   -43.890   -39.800   -35.170   -29.610   -23.230
   -17.380   -13.580   -11.760   -10.320    -8.000    -4.980    -1.940     1.160
     4.800     8.820    12.420    15.190    17.690    20.550    23.510    25.690
    26.590    26.470    25.580    23.430    19.480    14.350     9.530     5.820
     2.710     -.180    -1.730     -.580     2.370     4.160     2.490    -2.550
    -9.630   -17.920   -26.840   -35.030   -40.860   -43.490   -42.520   -37.010
   -26.380   -12.440      .800    10.190    15.840    20.070    24.530    29.000
    32.420    34.310    35.060    35.340    35.690    36.360    37.310    38.050
    37.760    35.650    31.560    26.070    20.090    14.190     8.590     3.380
    -1.470    -6.190   -10.890   -15.150   -18.310   -20.230   -21.040   -20.250
   -16.650    -9.820    -1.060     7.710    15.520    22.150    26.660    27.420
    23.890    17.650    10.890     4.450    -2.170    -9.470   -17.440   -26.240
   -36.430   -48.040   -59.860   -70.200   -77.930   -82.530   -83.230   -79.030
   -69.870   -57.460   -44.380   -32.350   -21.580   -11.730    -3.140     3.090
     6.010     5.810     3.730     1.310     -.500    -1.570    -2.010    -1.940
    -1.590    -1.450    -2.010    -3.390    -5.660    -9.250   -14.630   -21.650
   -29.430   -37.030   -43.680   -48.560   -50.820   -50.310   -47.840   -44.400
   -40.220   -34.850   -27.900   -19.230    -8.650     4.040    18.560    33.870
    48.360    60.130    67.300    68.610    64.180    55.550    44.880    34.010
    24.170    15.840     8.630     1.470    -6.570   -15.520   -24.580   -32.550
   -37.930   -38.990   -34.670   -25.830   -15.270    -5.840     1.520     7.650
    13.550    19.400    25.190    31.560    39.230    48.140    57.810    68.370
    80.650    94.800   109.510   122.830   133.150   139.110   138.990   131.710
   118.380   102.430    87.270    74.040    61.630    48.680    35.140    22.160
    11.040     2.480    -3.350    -6.290    -6.240    -3.650      .040     2.910
     3.490     1.170    -4.120   -12.260   -22.540   -33.600   -44.050   -53.240
   -61.100   -67.430   -71.630   -73.130   -71.630   -67.130   -60.300   -52.840
   -46.980   -44.000   -43.750   -45.780   -50.310   -57.400   -65.790   -73.640
   -80.360   -86.640   -92.200   -94.750   -92.220   -85.300   -76.750   -68.330
   -59.610   -49.870   -39.950   -31.520   -25.630   -22.730   -23.330   -27.620
   -34.480   -41.910   -48.400   -53.380   -56.450   -57.200   -55.860   -53.450
   -50.710   -47.440   -43.160   -37.960   -32.260   -26.430   -20.930   -16.590
   -13.930   -12.410   -10.960    -8.950    -6.470    -3.600     -.270     3.340
     6.600     8.860     9.750     9.130     7.260     5.040     3.610     3.520
     4.490     6.180     8.680    11.970    15.460    18.500    20.960    22.990
    24.450    25.140    25.620    27.010    30.030    34.340    39.220    44.120
    48.670    52.180    53.930    53.690    51.880    49.240    46.540    44.520
    43.630    43.910    45.090    47.070    49.770    52.760    55.270    56.930
    58.220    59.790    61.670    63.260    64.090    63.960    62.560    59.460
    54.690    48.890    42.640    36.070    29.260    22.560    16.160     9.710
     2.810    -4.260   -10.850   -16.900   -23.140   -30.330   -38.890   -49.190
   -61.470   -74.980   -87.800   -97.940  -104.550  -107.740  -107.540  -103.900
   -97.560   -90.360   -84.250   -80.310   -78.570   -78.450   -79.090   -79.720
   -80.020   -80.030   -79.680   -78.550   -76.440   -73.800   -71.170   -68.390
   -64.880   -60.690   -56.650   -53.330   -50.150   -46.150   -41.030   -35.060
   -27.890   -18.260    -5.360     9.890    25.270    38.730    49.120    55.770
    58.190    56.550    52.210    47.290    43.610    42.000    42.290    43.650
    45.030    45.550    44.780    42.650    39.360    35.500    31.980    29.710
    29.300    30.930    34.550    39.870    46.330    53.270    60.290    67.160
    73.720    79.760    85.160    89.800    93.460    96.040    97.830    99.390
   101.030   102.610   103.890   104.630   104.290   101.950    96.860    89.080
    79.330    68.320    56.690    45.270    34.870    25.560    16.490     6.880
    -3.010   -12.110   -19.650   -25.700   -30.640   -34.660   -37.860   -40.650
   -43.610   -47.140   -51.250   -55.630   -59.600   -62.380   -63.500   -63.060
   -61.480   -59.120   -56.370   -53.950   -52.670   -52.880   -54.390   -57.010
   -60.670   -65.070   -69.550   -73.640   -77.290   -80.380   -82.430   -83.140
   -82.770   -81.530   -78.830   -74.080   -67.970   -62.130   -57.370   -52.820
   -47.200   -40.310   -32.650   -24.380   -15.240    -5.560     3.690    11.760
    18.600    24.320    28.700    31.550    33.210    34.500    36.020    37.870
    39.760    41.290    42.230    42.550    42.350    41.610    40.260    38.380
    36.480    35.400    35.920    38.320    42.000    45.810    48.780    50.690
    51.770    52.150    51.710    50.600    49.410    48.600    47.920    46.770
    44.850    42.320    39.180    34.950    29.270    22.590    15.910     9.950
     4.620     -.490    -5.340    -9.510   -12.690   -14.990   -16.470   -16.940
   -16.340   -15.260   -14.560   -14.570   -14.940   -15.210   -15.350   -15.450
   -15.530   -15.650   -16.020   -16.660   -17.220   -17.390   -17.500   -18.340
   -20.510   -24.150   -29.210   -35.650   -43.120   -50.790   -57.730   -63.340
   -67.400   -69.730   -70.200   -68.890   -66.300   -63.140   -59.950   -56.820
   -53.500   -49.650   -44.970   -39.240   -32.400   -24.840   -17.520   -11.500
    -7.320    -4.990    -4.450    -5.650    -8.200   -11.260   -14.200   -16.740
   -18.420   -18.460   -16.630   -13.830   -11.120    -8.460    -5.080    -1.150
     2.210     4.620     7.370    11.720    17.370    23.280    29.490    36.910
    45.390    53.370    59.900    65.950    72.950    80.730    87.620    92.350
    94.940    95.780    94.780    91.780    87.330    82.400    77.410    71.850
    65.080    57.250    49.440    42.860    38.090    35.100    33.720    33.910
    35.480    37.980    40.880    43.790    46.370    48.320    49.570    50.380
    50.910    50.820    49.610    47.200    44.020    40.390    36.380    32.110
    28.030    24.550    21.760    19.490    17.630    16.180    15.050    14.120
    13.320    12.790    12.840    13.820    15.870    18.700    21.780    24.910
    28.310    32.120    35.990    39.410    42.250    44.630    46.450    47.310
    46.960    45.480    43.020    39.630    35.690    31.860    28.530    25.480
    22.290    18.940    15.670    12.460     9.100     5.710     2.720      .200
    -2.520    -6.110   -10.570   -15.510   -20.980   -27.450   -34.990   -42.720
   -49.620   -55.440   -60.580   -65.050   -67.990   -68.330   -65.780   -61.110
   -55.410   -49.560   -44.180   -39.770   -36.550   -34.330   -32.780   -31.960
   -32.350   -34.130   -36.620   -38.670   -39.440   -38.710   -36.560   -33.150
   -29.150   -25.770   -23.890   -23.280   -23.050   -22.780   -22.740   -22.740
   -21.840   -19.500   -16.600   -14.670   -14.180   -14.170   -13.750   -12.990
   -12.200   -10.930    -8.310    -4.290      .160     4.220     7.880    11.510
    15.130    18.320    20.530    21.190    19.840    16.500    11.900     7.050
     2.610    -1.140    -4.000    -5.890    -7.100    -8.190    -9.420   -10.520
   -11.250   -11.750   -12.150   -12.080   -10.900    -8.390    -4.920     -.980
     3.230     7.590    11.700    15.080    17.520    19.090    19.680    18.910
    16.640    13.430    10.220     7.570     5.410     3.510     1.990     1.080
      .620      .120     -.740    -1.720    -2.550    -3.340    -4.420    -5.860
    -7.410    -8.920   -10.560   -12.570   -14.860   -17.160   -19.210   -20.890
   -21.970   -22.230   -21.630   -20.480   -19.180   -17.970   -16.850   -15.800
   -14.990   -14.570   -14.430   -14.200   -13.680   -13.040   -12.630   -12.560
   -12.750   -13.170   -13.890   -14.640   -14.740   -13.720   -11.780    -9.580
    -7.430    -5.170    -2.700     -.360     1.350     2.180     2.170     1.470
      .360     -.680    -1.190    -1.050     -.420      .540     1.690     2.740
     3.380     3.490     3.220     2.680     1.880      .970      .320      .240
      .650     1.300     1.990     2.550     2.770     2.500     1.840      .920
     -.280    -1.730    -2.960    -3.290    -2.550    -1.330     -.340      .190
      .270     -.350    -2.020    -4.720    -8.000   -11.500   -15.160   -18.880
   -22.320   -25.080   -27.090   -28.460   -29.200   -29.250   -28.860   -28.580
   -28.870   -29.790   -31.060   -32.420   -33.710   -34.900   -36.180   -37.780
   -39.650   -41.050   -41.080   -39.710   -37.980   -36.930   -36.500   -35.850
   -34.680   -33.490   -32.600   -31.660   -30.580   -30.240   -31.440   -33.470
   -34.600   -34.030   -32.540   -30.920   -28.920   -26.000   -22.390   -18.510
   -14.050    -8.580    -2.690     2.450     6.670    10.770    15.000    18.580
    21.100    23.450    26.690    30.700    34.620    38.160    41.670    44.950
    47.110    47.580    46.700    45.150    43.380    41.720    40.530    39.970
    39.790    39.770    39.940    40.260    40.310    39.710    38.740    38.040
    37.860    37.790    37.300    36.260    34.910    33.590    32.480    31.280
    29.340    26.270    22.550    19.100    16.240    13.450    10.300     7.080
     4.130      .990    -3.330    -9.120   -15.660   -22.230   -28.860   -35.840
   -42.660   -48.090   -51.170   -51.930   -51.070   -49.270   -46.890   -44.180
   -41.430   -38.860   -36.500   -34.220   -31.940   -29.740   -27.910   -26.800
   -26.710   -27.670   -29.340   -31.180   -32.810   -34.120   -35.120   -35.590
   -35.290   -34.320   -32.980   -31.240   -28.530   -24.420   -19.240   -13.930
    -9.200    -5.220    -2.080     -.050      .790     1.010     1.400     2.420
     4.150     6.620     9.770    13.210    16.400    19.150    21.630    23.780
    25.160    25.560    25.370    25.150    24.890    24.220    23.140    22.090
    21.400    20.890    20.340    19.910    19.880    20.240    20.710    21.180
    21.900    23.270    25.460    28.300    31.410    34.430    37.140    39.490
    41.310    42.220    41.860    40.220    37.630    34.480    31.120    27.880
    24.940    22.220    19.330    16.040    12.490     9.040     6.010     3.460
     1.170    -1.290    -4.120    -7.020    -9.450   -11.290   -13.020   -15.010
   -16.920   -18.120   -18.450   -18.130   -17.200   -15.520   -13.400   -11.570
   -10.480    -9.870    -9.430    -9.510   -10.700   -13.030   -15.920   -18.810
   -21.670   -24.630   -27.720   -30.960   -34.310   -37.450   -39.730   -40.520
   -39.620   -37.300   -34.030   -30.380   -26.830   -23.580   -20.510   -17.470
   -14.500   -11.690    -8.920    -6.020    -2.970      .110     3.090     5.800
     8.030     9.740    11.340    13.450    16.160    18.940    21.230    23.210
    25.560    28.560    31.760    34.560    36.930    39.270    41.590    43.360
    44.170    44.260    44.170    44.110    43.920    43.650    43.640    44.070
    44.660    44.980    44.830    44.170    42.970    41.340    39.650    38.220
    37.050    35.850    34.400    32.590    30.270    27.350    23.960    20.370
    16.700    12.990     9.280     5.630     1.990    -1.520    -4.310    -5.760
    -5.880    -5.420    -5.060    -4.960    -5.040    -5.320    -5.850    -6.560
    -7.460    -8.730   -10.310   -11.810   -12.900   -13.780   -14.820   -16.010
   -17.150   -18.510   -20.710   -24.000   -27.940   -32.060   -36.170   -40.060
   -43.090   -44.550   -44.260   -42.690   -40.470   -38.190   -36.410   -35.450
   -35.140   -34.770   -33.630   -31.360   -27.970   -23.650   -18.760   -13.780
    -9.170    -5.050    -1.270     2.170     4.830     6.080     5.790     4.550
     3.130     1.880      .680     -.420     -.950     -.450     1.100     3.350
     5.920     8.570    11.150    13.550    15.760    17.810    19.630    21.260
    22.900    24.640    26.180    27.040    27.130    26.700    26.030    25.210
    24.450    24.140    24.460    25.300    26.670    28.890    32.070    35.560
    38.350    40.010    40.780    40.980    40.580    39.600    38.420    37.460
    36.740    35.930    34.740    33.000    30.580    27.530    24.140    20.720
    17.210    13.340     9.120     4.890      .870    -3.050    -6.940   -10.610
   -13.710   -16.270   -18.610   -21.110   -23.990   -27.210   -30.430   -33.230
   -35.420   -37.170   -38.530   -39.190   -38.920   -38.100   -37.330   -36.650
   -35.520   -33.770   -31.990   -30.680   -29.620   -28.340   -26.940   -25.820
   -24.940   -23.900   -22.790   -22.180   -22.190   -22.050   -21.080   -19.590
   -18.330   -17.340   -16.000   -13.880   -11.200    -8.370    -5.620    -3.190
    -1.390     -.250      .530     1.110     1.340     1.050      .550      .330
      .540     1.100     1.920     3.040     4.300     5.490     6.640     7.990
     9.640    11.400    13.060    14.650    16.280    17.940    19.500    20.990
    22.480    24.020    25.530    27.000    28.360    29.550    30.560    31.590
    32.860    34.260    35.350    35.700    35.220    34.080    32.400    30.180
    27.440    24.390    21.370    18.530    15.700    12.540     9.010     5.530
     2.580      .110    -2.440    -5.400    -8.420   -11.030   -13.330   -15.750
   -18.340   -20.800   -23.200   -26.020   -29.220   -32.060   -34.260   -36.700
   -40.240   -44.220   -47.080   -48.410   -49.210   -50.190   -50.750   -50.300
   -49.490   -49.180   -49.000   -47.820   -45.470   -42.930   -40.730   -38.420
   -35.670   -32.980   -30.780   -28.630   -26.080   -23.470   -21.470   -19.920
   -18.220   -16.320   -14.730   -13.310   -11.110    -7.490    -2.760     2.330
     7.470    12.550    17.170    20.770    23.060    24.110    24.140    23.530
    22.900    22.740    23.170    24.040    25.270    26.780    28.290    29.510
    30.450    31.300    31.980    32.320    32.470    32.900    33.740    34.680
    35.430    36.120    36.840    37.410    37.750    38.240    39.160    40.090
    40.370    40.050    39.750    39.680    39.340    38.310    36.730    34.690
    31.700    27.310    21.940    16.490    11.320     6.150      .900    -3.890
    -7.810   -11.090   -14.250   -17.350   -19.970   -21.890   -23.410   -24.940
   -26.700   -28.590   -30.480   -32.310   -33.990   -35.310   -36.000   -36.070
   -35.950   -36.180   -36.910   -37.890   -38.850   -39.870   -41.160   -42.780
   -44.610   -46.440   -47.950   -48.760   -48.670   -47.870   -46.740   -45.520
   -44.280   -43.170   -42.390   -41.880   -41.340   -40.460   -39.080   -37.120
   -34.550   -31.460   -28.090   -24.520   -20.700   -16.740   -13.070   -10.010
    -7.410    -4.860    -2.210      .430     3.060     5.920     9.140    12.560
    15.920    19.060    21.930    24.470    26.740    28.990    31.400    33.800
    35.890    37.630    39.390    41.470    43.790    46.030    48.020    49.830
    51.480    52.720    53.300    53.190    52.620    51.810    50.830    49.690
    48.520    47.510    46.680    45.800    44.570    42.860    40.770    38.570
    36.500    34.570    32.580    30.330    27.830    25.220    22.580    19.870
    16.990    13.810    10.160     5.910     1.210    -3.600    -8.400   -13.460
   -18.910   -24.310   -29.010   -32.940   -36.590   -40.200   -43.190   -44.910
   -45.480   -45.650   -45.860   -45.810   -45.150   -44.010   -42.780   -41.650
   -40.610   -39.860   -39.720   -40.150   -40.580   -40.320   -39.080   -36.890
   -33.970   -30.630   -27.310   -24.390   -21.900   -19.540   -16.970   -14.080
   -10.970    -7.800    -4.710    -1.810      .840     3.360     5.860     8.370
    10.720    12.730    14.370    15.750    16.980    18.130    19.370    21.010
    23.340    26.360    29.740    32.990    35.740    37.760    39.020    39.550
    39.370    38.460    36.880    34.900    32.850    30.960    29.280    27.720
    26.150    24.390    22.280    19.900    17.540    15.410    13.490    11.610
     9.730     7.920     6.220     4.650     3.310     2.350     1.800     1.590
     1.660     1.870     1.910     1.450      .530     -.430    -1.050    -1.380
    -1.650    -1.840    -1.770    -1.380     -.810     -.170      .450      .860
      .840      .350     -.450    -1.590    -3.320    -5.630    -8.040   -10.120
   -12.030   -14.320   -17.080   -19.870   -22.310   -24.510   -26.680   -28.620
   -29.900   -30.350   -30.190   -29.670   -28.850   -27.810   -26.820   -26.190
   -26.120   -26.630   -27.610   -28.820   -29.950   -30.710   -31.030   -30.900
   -30.240   -29.010   -27.320   -25.420   -23.560   -21.880   -20.480   -19.280
   -18.050   -16.620   -15.120   -13.850   -12.690   -11.110    -8.770    -6.090
    -3.750    -1.800      .410     3.240     6.220     8.670    10.590    12.420
    14.170    15.310    15.670    15.840    16.430    17.260    17.700    17.620
    17.460    17.550    17.810    18.290    19.440    21.560    24.050    25.830
    26.150    24.950    22.390    18.610    14.090     9.720     6.240     3.790
     2.160     1.420     1.880     3.490     5.540     7.180     7.990     8.000
     7.250     5.660     3.310      .570    -2.140    -4.680    -7.030    -9.010
   -10.280   -10.640   -10.370   -10.040   -10.010   -10.240   -10.620   -11.290
   -12.470   -14.130   -15.910   -17.460   -18.690   -19.580   -19.980   -19.720
   -18.880   -17.630   -15.950   -13.670   -10.800    -7.680    -4.630    -1.690
     1.150     3.710     5.700     7.000     7.730     8.030     8.010     7.800
     7.600     7.590     8.010     9.070    10.720    12.500    13.970    15.210
    16.540    17.770    18.110    17.030    15.020    13.110    11.910    11.310
    11.060    11.210    11.910    13.140    14.840    16.870    18.920    20.550
    21.590    22.180    22.410    22.170    21.500    20.830    20.620    20.880
    21.290    21.650    21.880    21.730    20.910    19.510    17.960    16.490
    14.880    13.080    11.440    10.350     9.740     9.290     8.900     8.600
     8.200     7.410     6.320     5.280     4.350     3.260     1.960      .790
     -.150    -1.250    -2.830    -4.600    -6.120    -7.520    -9.170   -10.890
   -12.020   -12.560   -13.410   -15.310   -17.990   -20.780   -23.580   -26.790
   -30.360   -33.580   -35.860   -37.160   -37.660   -37.290   -36.020   -34.240
   -32.590   -31.420   -30.600   -29.800   -28.790   -27.540   -26.000   -24.060
   -21.570   -18.560   -15.240   -11.850    -8.430    -5.010    -1.940      .340
     1.740     2.650     3.500     4.380     5.220     6.180     7.480     8.980
    10.300    11.280    12.230    13.500    15.100    16.890    18.790    20.770
    22.760    24.660    26.510    28.370    30.250    32.160    34.200    36.470
    38.840    41.040    42.930    44.600    46.220    47.760    49.040    49.740
    49.520    48.200    45.890    42.920    39.580    35.920    31.910    27.700
    23.530    19.540    15.790    12.380     9.470     7.020     4.760     2.440
      .000    -2.640    -5.690    -9.320   -13.270   -17.040   -20.350   -23.330
   -26.050   -28.240   -29.640   -30.580   -31.740   -33.530   -35.730   -37.990
   -40.220   -42.490   -44.740   -46.750   -48.460   -49.930   -51.210   -52.250
   -53.010   -53.530   -53.730   -53.500   -52.730   -51.420   -49.520   -46.980
   -43.930   -40.750   -37.700   -34.730   -31.640   -28.430   -25.310   -22.400
   -19.600   -16.720   -13.670   -10.460    -7.160    -3.880     -.670     2.460
     5.550     8.620    11.590    14.340    16.800    18.870    20.470    21.650
    22.610    23.700    25.120    26.960    29.190    31.790    34.810    38.210
    41.840    45.420    48.640    51.230    53.020    53.930    53.980    53.300
    52.170    50.920    49.800    48.900    48.210    47.700    47.280    46.610
    45.290    43.220    40.700    38.040    35.150    31.730    27.800    23.860
    20.290    16.910    13.360     9.720     6.480     3.880     1.680     -.430
    -2.490    -4.410    -6.310    -8.240   -10.050   -11.520   -12.820   -14.370
   -16.360   -18.670   -21.220   -24.020   -26.970   -29.800   -32.500   -35.390
   -38.610   -41.790   -44.460   -46.610   -48.630   -50.690   -52.540   -53.880
   -54.710   -55.080   -54.840   -53.720   -51.830   -49.600   -47.450   -45.380
   -43.070   -40.450   -37.810   -35.540   -33.630   -31.660   -29.320   -26.720
   -24.130   -21.470   -18.400   -14.930   -11.550    -8.750    -6.460    -4.210
    -1.770      .670     2.820     4.670     6.290     7.460     7.800     7.320
     6.580     6.170     6.190     6.260     6.190     6.150     6.400     6.910
     7.590     8.520     9.830    11.470    13.290    15.370    17.920    20.920
    24.090    27.280    30.590    33.970    37.050    39.380    40.840    41.420
    41.060    39.790    37.990    36.080    34.120    31.930    29.710    27.900
    26.640    25.430    23.720    21.460    18.920    16.200    13.170     9.870
     6.510     3.330      .420    -2.140    -4.330    -6.210    -7.970    -9.730
   -11.490   -13.300   -15.330   -17.730   -20.390   -23.130   -25.840   -28.440
   -30.830   -32.810   -34.320   -35.500   -36.630   -37.810   -38.950   -39.740
   -39.930   -39.400   -38.170   -36.330   -34.020   -31.470   -28.910   -26.430
   -23.960   -21.510   -19.260   -17.270   -15.400   -13.430   -11.410    -9.480
    -7.520    -5.200    -2.430      .450     3.150     5.800     8.670    11.590
    14.090    16.070    17.950    20.040    22.040    23.420    24.060    24.310
    24.490    24.540    24.360    24.070    23.940    24.130    24.680    25.600
    26.700    27.600    28.020    28.060    28.040    27.940    27.320    25.960
    24.210    22.630    21.390    20.290    19.290    18.640    18.460    18.470
    18.160    17.340    16.090    14.540    12.740    10.770     8.760     6.760
     4.750     2.840     1.330      .330     -.420    -1.330    -2.540    -3.820
    -4.910    -5.780    -6.510    -7.130    -7.610    -7.990    -8.290    -8.530
    -8.760    -9.050    -9.410    -9.710    -9.850    -9.940   -10.180   -10.550
   -10.850   -10.920   -10.940   -11.180   -11.700   -12.400   -13.250   -14.400
   -15.910   -17.550   -18.930   -19.840   -20.280   -20.220   -19.550   -18.230
   -16.470   -14.560   -12.680   -10.850    -9.140    -7.650    -6.380    -5.230
    -4.190    -3.330    -2.690    -2.030    -1.070      .230     1.610     2.860
     3.930     4.940     5.900     6.810     7.730     8.780     9.960    11.180
    12.340    13.430    14.390    15.120    15.540    15.730    15.820    15.890
    15.900    15.790    15.530    15.130    14.730    14.500    14.530    14.670
    14.610    14.180    13.510    12.820    12.160    11.420    10.600     9.980
     9.710     9.560     9.040     7.920     6.510     5.270     4.260     3.040
     1.270     -.940    -3.240    -5.470    -7.770   -10.190   -12.620   -15.050
   -17.580   -20.170   -22.510   -24.370   -25.730   -26.680   -27.180   -27.230
   -27.010   -26.600   -25.860   -24.760   -23.710   -23.170   -22.880   -22.130
   -20.620   -18.750   -16.850   -14.650   -11.980    -9.370    -7.480    -6.210
    -4.850    -3.210    -1.790    -1.000     -.560     -.060      .520      .990
     1.430     2.100     3.010     3.920     4.770     5.770     7.010     8.360
     9.640    10.780    11.810    12.800    13.820    14.870    15.740    16.180
    16.260    16.300    16.480    16.620    16.420    15.780    14.790    13.540
    12.060    10.400     8.630     6.700     4.600     2.530      .790     -.500
    -1.480    -2.300    -2.970    -3.500    -4.070    -4.910    -5.940    -6.750
    -7.080    -7.040    -6.880    -6.520    -5.720    -4.560    -3.600    -3.280
    -3.460    -3.680    -3.820    -4.200    -5.100    -6.280    -7.220    -7.640
    -7.610    -7.260    -6.580    -5.620    -4.590    -3.790    -3.260    -2.800
    -2.190    -1.490    -1.050    -1.230    -2.060    -3.150    -4.050    -4.570
    -4.830    -5.010    -5.070    -4.940    -4.660    -4.420    -4.330    -4.350
    -4.400    -4.360    -4.110    -3.540    -2.690    -1.810    -1.220     -.990
     -.940     -.850     -.660     -.440     -.220      .070      .440      .800
     1.090     1.290     1.390     1.240      .690     -.130     -.900    -1.420
    -1.760    -2.140    -2.640    -3.210    -3.780    -4.280    -4.610    -4.670
    -4.600    -4.670    -5.090    -5.780    -6.570    -7.320    -7.930    -8.260
    -8.200    -7.860    -7.440    -7.070    -6.720    -6.380    -6.120    -5.990
    -5.940    -5.910    -5.870    -5.830    -5.780    -5.700    -5.630    -5.520
    -5.200    -4.540    -3.540    -2.270     -.730     1.020     2.770     4.170
     5.020     5.340     5.250     4.870     4.310     3.710     3.220     2.890
     2.750     2.840     3.160     3.540     3.820     3.970     4.100     4.450
     5.180     6.300     7.580     8.790     9.920    11.210    12.840    14.770
    16.880    19.230    21.870    24.560    27.040    29.350    31.790    34.360
    36.690    38.480    39.810    40.790    41.160    40.570    39.160    37.470
    35.910    34.500    33.200    32.040    31.010    29.940    28.740    27.560
    26.500    25.370    23.940    22.300    20.740    19.390    18.130    16.850
    15.550    14.220    12.880    11.680    10.820    10.190     9.460     8.500
     7.470     6.470     5.250     3.520     1.320    -1.060    -3.480    -5.970
    -8.380   -10.390   -11.820   -12.840   -13.700   -14.470   -15.180   -15.970
   -16.950   -18.100   -19.290   -20.510   -21.720   -22.690   -23.120   -22.970
   -22.430   -21.710   -20.810   -19.630   -18.270   -17.020   -16.120   -15.620
   -15.370   -15.130   -14.840   -14.570   -14.410   -14.190   -13.680   -12.830
   -11.870   -11.020   -10.280    -9.500    -8.640    -7.860    -7.240    -6.740
    -6.390    -6.330    -6.650    -7.160    -7.510    -7.510    -7.210    -6.660
    -5.820    -4.620    -3.150    -1.680     -.420      .660     1.690     2.820
     4.090     5.430     6.790     8.150     9.580    11.080    12.500    13.680
    14.570    15.290    15.830    16.030    15.730    15.080    14.360    13.640
    12.730    11.480    10.120     8.960     8.080     7.240     6.230     5.100
     3.940     2.740     1.460      .260     -.640    -1.240    -1.920    -2.950
    -4.220    -5.400    -6.420    -7.560    -8.980   -10.440   -11.630   -12.580
   -13.640   -14.890   -16.030   -16.810   -17.430   -18.210   -19.130   -19.840
   -20.200   -20.520   -21.080   -21.830   -22.500   -23.000   -23.410   -23.730
   -23.920   -24.080   -24.390   -24.810   -25.020   -24.810   -24.210   -23.280
   -21.980   -20.360   -18.700   -17.300   -16.080   -14.880   -13.830   -13.210
   -13.050   -13.030   -12.960   -12.920   -12.750   -11.960   -10.240    -7.960
    -5.840    -4.180    -2.790    -1.490     -.320      .620     1.300     1.710
     1.840     1.870     2.040     2.430     2.930     3.660     4.990     6.910
     8.760     9.790     9.910     9.650     9.440     9.280     9.100     9.120
     9.590    10.470    11.380    11.940    12.000    11.650    11.100    10.500
     9.910     9.310     8.770     8.470     8.550     9.040     9.920    11.100
    12.430    13.700    14.690    15.270    15.380    15.020    14.300    13.430
    12.540    11.670    10.770     9.720     8.390     6.710     4.790     2.820
      .920     -.980    -2.850    -4.440    -5.460    -5.880    -5.790    -5.320
    -4.600    -3.990    -3.940    -4.600    -5.780    -7.180    -8.630   -10.040
   -11.240   -12.120   -12.730   -13.200   -13.610   -13.970   -14.290   -14.610
   -14.920   -15.250   -15.740   -16.500   -17.360   -17.890   -17.730   -16.860
   -15.420   -13.610   -11.600    -9.570    -7.670    -5.940    -4.290    -2.740
    -1.340     -.170      .800     1.660     2.470     3.170     3.700     3.960
     3.950     3.690     3.310     2.950     2.740     2.680     2.680     2.690
     2.820     3.190     3.780     4.540     5.520     6.830     8.410    10.010
    11.380    12.430    13.260    14.000    14.790    15.700    16.700    17.600
    18.260    18.740    19.150    19.480    19.540    19.240    18.630    17.890
    17.160    16.540    16.030    15.530    14.930    14.210    13.460    12.770
    12.080    11.310    10.480     9.700     9.010     8.300     7.420     6.480
     5.810     5.670     5.900     5.950     5.330     4.050     2.390      .580
    -1.290    -3.000    -4.210    -4.790    -5.040    -5.370    -5.850    -6.260
    -6.450    -6.660    -7.210    -8.220    -9.520   -10.860   -11.960   -12.480
   -12.120   -10.950    -9.590    -8.880    -9.130    -9.960   -10.810   -11.450
   -11.870   -11.990   -11.830   -11.840   -12.570   -13.970   -15.240   -15.950
   -16.540   -17.570   -18.620   -18.710   -17.640   -16.280   -15.460   -14.990
   -14.280   -13.280   -12.410   -11.710   -10.610    -8.630    -6.090    -3.820
    -2.480    -2.010    -1.880    -1.490     -.690      .370     1.560     3.020
     4.870     6.820     8.500     9.820    11.040    12.340    13.740    15.280
    17.070    19.090    21.070    22.850    24.400    25.690    26.600    27.210
    27.920    29.010    30.280    31.270    31.760    31.830    31.490    30.740
    29.750    29.000    28.900    29.550    30.830    32.390    33.530    33.330
    31.330    27.910    23.960    20.080    16.380    12.900     9.900     7.550
     5.660     3.740     1.420    -1.300    -4.110    -6.780    -9.230   -11.550
   -13.850   -16.190   -18.540   -20.640   -22.090   -22.620   -22.440   -22.120
   -22.190   -22.760   -23.670   -24.730   -25.760   -26.510   -26.780   -26.720
   -26.590   -26.400   -25.880   -24.900   -23.740   -22.770   -22.120   -21.700
   -21.510   -21.650   -21.990   -22.130   -21.690   -20.650   -19.260   -17.740
   -16.060   -14.110   -11.930    -9.720    -7.680    -5.890    -4.320    -2.980
    -2.050    -1.640    -1.640    -1.710    -1.570    -1.080     -.170     1.230
     3.060     4.970     6.520     7.480     7.990     8.260     8.360     8.290
     8.070     7.900     7.990     8.480     9.350    10.450    11.570    12.710
    14.000    15.450    16.760    17.570    17.840    17.840    17.710    17.400
    16.880    16.330    15.890    15.420    14.600    13.270    11.520     9.570
     7.560     5.610     3.820     2.140      .470    -1.230    -2.750    -3.880
    -4.620    -5.100    -5.420    -5.490    -5.180    -4.560    -3.890    -3.480
    -3.390    -3.480    -3.650    -4.060    -4.920    -6.180    -7.480    -8.500
    -9.220    -9.820   -10.370   -10.860   -11.230   -11.540   -11.900   -12.370
   -12.920   -13.350   -13.430   -13.060   -12.300   -11.260    -9.960    -8.550
    -7.350    -6.490    -5.660    -4.560    -3.350    -2.390    -1.660     -.740
      .410     1.230     1.300     1.040     1.140     1.760     2.600     3.530
     4.660     5.770     6.400     6.560     6.810     7.480     8.190     8.350
     7.910     7.140     6.140     4.880     3.640     2.980     3.180     4.010
     5.060     6.060     6.820     7.210     7.340     7.420     7.530     7.520
     7.270     6.810     6.350     6.130     6.370     7.110     8.030     8.630
     8.630     8.220     7.760     7.450     7.280     7.170     6.920     6.290
     5.190     3.780     2.240      .510    -1.620    -4.150    -6.800    -9.260
   -11.390   -13.160   -14.470   -15.110   -14.850   -13.710   -12.070   -10.500
    -9.470    -9.200    -9.850   -11.400   -13.350   -14.690   -14.530   -12.820
   -10.170    -7.180    -4.240    -1.970    -1.250    -2.580    -5.420    -8.610
   -11.270   -13.060   -13.820   -13.360   -11.960   -10.510    -9.970   -10.530
   -11.610   -12.530   -12.980   -12.950   -12.380   -11.130    -9.290    -7.360
    -5.950    -5.400    -5.720    -6.800    -8.430   -10.170   -11.310   -11.360
   -10.410    -8.960    -7.410    -5.850    -4.400    -3.360    -2.940    -2.980
    -3.160    -3.360    -3.730    -4.280    -4.830    -5.040    -4.580    -3.150
     -.600     2.890     6.890    10.840    14.110    15.970    15.900    14.020
    11.130     8.100     5.350     2.850      .750     -.540     -.580      .700
     2.940     5.590     8.110    10.130    11.460    11.960    11.500    10.080
     8.050     6.070     4.830     4.720     5.840     7.960    10.630    13.280
    15.430    16.790    17.130    16.310    14.470    12.140     9.860     8.000
     6.690     6.010     5.940     6.130     6.060     5.400     4.200     2.760
     1.400      .480      .250      .730     1.690     2.810     3.860     4.640
     4.900     4.470     3.430     2.030      .440    -1.290    -3.140    -4.940
    -6.350    -7.070    -7.070    -6.710    -6.530    -6.830    -7.580    -8.680
   -10.170   -12.060   -14.090   -15.750   -16.700   -16.840   -16.160   -14.680
   -12.590   -10.380    -8.500    -7.090    -6.060    -5.390    -5.220    -5.550
    -6.020    -6.230    -6.070    -5.670    -5.170    -4.600    -3.910    -3.120
    -2.200    -1.040      .520     2.550     4.910     7.350     9.580    11.460
    13.160    14.980    17.030    19.140    20.960    22.310    23.310    24.210
    25.170    26.140    26.950    27.440    27.530    27.290    26.930    26.560
    26.070    25.200    23.870    22.280    20.730    19.260    17.630    15.690
    13.560    11.560    10.000     8.990     8.600     8.810     9.390     9.860
     9.720     8.810     7.360     5.620     3.580     1.190    -1.350    -3.600
    -5.390    -6.950    -8.490    -9.880   -10.810   -11.200   -11.190   -10.910
   -10.520   -10.370   -10.760   -11.620   -12.590   -13.490   -14.330   -14.810
   -14.290   -12.740   -11.080   -10.310   -10.340   -10.370   -10.240   -10.650
   -12.000   -13.630   -14.800   -15.680   -16.940   -18.580   -19.880   -20.420
   -20.540   -20.680   -20.820   -20.750   -20.490   -20.090   -19.310   -17.830
   -15.720   -13.410   -11.290    -9.480    -7.950    -6.560    -5.130    -3.500
    -1.620      .460     2.680     4.990     7.310     9.660    12.160    14.760
    17.120    18.850    19.920    20.680    21.470    22.420    23.520    24.800
    26.210    27.550    28.650    29.440    29.930    30.050    29.860    29.580
    29.460    29.510    29.660    29.920    30.420    31.150    31.830    32.140
    31.730    30.370    28.000    24.910    21.630    18.570    15.810    13.360
    11.320     9.770     8.550     7.430     6.340     5.280     4.040     2.280
     -.150    -3.040    -6.020    -8.820   -11.200   -12.900   -13.750   -13.810
   -13.390   -12.960   -13.000   -13.860   -15.540   -17.750   -20.110   -22.470
   -24.770   -26.930   -28.760   -30.150   -31.150   -31.940   -32.690   -33.510
   -34.300   -34.840   -35.060   -35.140   -35.310   -35.380   -34.980   -34.040
   -32.970   -32.260   -31.960   -31.790   -31.450   -30.890   -30.110   -29.060
   -27.710   -26.040   -24.020   -21.680   -19.170   -16.680   -14.290   -12.040
    -9.990    -8.260    -6.830    -5.560    -4.290    -3.000    -1.600      .080
     2.170     4.520     6.810     8.800    10.460    11.820    12.840    13.430
    13.640    13.700    13.960    14.640    15.750    17.030    18.240    19.300
    20.270    21.270    22.320    23.400    24.500    25.580    26.600    27.520
    28.350    29.080    29.680    30.110    30.300    30.070    29.250    27.960
    26.580    25.380    24.210    22.740    20.980    19.350    18.160    17.280
    16.490    15.800    15.380    15.200    14.980    14.600    14.190    13.780
    13.140    12.120    11.000    10.090     9.260     8.090     6.520     5.020
     3.970     3.010     1.570     -.460    -2.680    -4.830    -7.060    -9.500
   -11.970   -14.290   -16.540   -18.940   -21.460   -23.930   -26.310   -28.720
   -31.050   -32.930   -34.140   -34.760   -34.940   -34.620   -33.810   -32.790
   -31.910   -31.290   -30.770   -30.180   -29.580   -29.060   -28.650   -28.260
   -27.730   -26.840   -25.530   -24.080   -22.900   -22.100   -21.410   -20.590
   -19.650   -18.690   -17.610   -16.200   -14.400   -12.320    -9.950    -7.270
    -4.400    -1.670      .720     2.740     4.350     5.460     6.240     7.130
     8.440    10.100    11.830    13.630    15.680    17.900    19.900    21.350
    22.270    22.820    23.000    22.760    22.230    21.580    20.910    20.260
    19.760    19.580    19.640    19.730    19.790    19.930    20.210    20.410
    20.210    19.490    18.330    16.890    15.290    13.680    12.180    10.780
     9.420     8.030     6.540     4.860     2.920      .760    -1.440    -3.510
    -5.330    -6.750    -7.610    -7.950    -8.020    -8.120    -8.430    -9.000
    -9.810   -10.820   -11.940   -13.010   -13.910   -14.520   -14.780   -14.770
   -14.710   -14.640   -14.370   -13.790   -13.160   -12.900   -13.150   -13.620
   -14.010   -14.210   -14.160   -13.600   -12.360   -10.630    -8.730    -6.770
    -4.690    -2.600     -.970     -.180     -.110     -.380     -.760    -1.210
    -1.520    -1.350     -.510      .790     2.170     3.400     4.490     5.400
     6.010     6.320     6.500     6.760     7.120     7.540     8.100     8.910
     9.910    10.840    11.520    11.980    12.220    12.180    11.820    11.350
    11.020    10.840    10.590    10.080     9.260     8.180     6.890     5.510
     4.120     2.720     1.220     -.390    -1.990    -3.390    -4.490    -5.240
    -5.760    -6.270    -6.960    -7.720    -8.300    -8.690    -9.180    -9.860
   -10.460   -10.740   -10.900   -11.320   -11.980   -12.480   -12.610   -12.700
   -13.190   -14.050   -14.930   -15.600   -16.140   -16.610   -16.790   -16.400
   -15.330   -13.700   -11.740    -9.640    -7.510    -5.420    -3.470    -1.810
     -.530      .470     1.490     2.800     4.410     6.070     7.480     8.460
     8.980     9.120     9.040     8.900     8.870     9.000     9.240     9.510
     9.760    10.010    10.340    10.850    11.530    12.290    12.980    13.530
    14.020    14.540    15.080    15.540    15.910    16.300    16.750    17.080
    17.030    16.520    15.750    14.810    13.580    11.980    10.240     8.770
     7.670     6.660     5.370     3.760     2.010      .240    -1.540    -3.250
    -4.720    -5.790    -6.440    -6.630    -6.370    -5.770    -5.090    -4.610
    -4.450    -4.630    -5.210    -6.220    -7.570    -9.080   -10.540   -11.820
   -12.830   -13.520   -13.940   -14.210   -14.420   -14.650   -14.980   -15.410
   -15.820   -16.050   -16.130   -16.190   -16.150   -15.770   -14.940   -13.850
   -12.760   -11.680   -10.520    -9.420    -8.670    -8.360    -8.290    -8.190
    -7.920    -7.490    -6.890    -6.150    -5.370    -4.650    -4.050    -3.590
    -3.340    -3.260    -3.230    -3.070    -2.730    -2.180    -1.440     -.520
      .500     1.590     2.820     4.260     5.730     7.020     8.070     9.060
    10.070    11.060    12.000    13.030    14.270    15.590    16.800    17.790
    18.580    19.170    19.520    19.620    19.460    19.030    18.350    17.580
    16.880    16.270    15.640    14.960    14.320    13.730    13.080    12.300
    11.480    10.670     9.780     8.770     7.830     7.130     6.620     6.030
     5.230     4.430     3.860     3.530     3.230     2.800     2.250     1.710
     1.280      .930      .480     -.230    -1.180    -2.190    -3.130    -4.020
    -4.990    -6.010    -6.860    -7.340    -7.490    -7.570    -7.760    -7.990
    -8.110    -8.080    -8.080    -8.270    -8.600    -8.860    -8.900    -8.710
    -8.330    -7.820    -7.230    -6.630    -6.060    -5.460    -4.730    -3.850
    -2.850    -1.820     -.850      .030      .850     1.650     2.430     3.170
     3.980     4.910     5.820     6.430     6.820     7.500     8.810    10.480
    11.910    12.910    13.710    14.400    14.720    14.530    14.130    13.860
    13.640    13.270    12.960    13.100    13.660    14.190    14.470    14.710
    15.000    14.980    14.300    13.100    11.760    10.390     8.880     7.330
     6.100     5.270     4.580     3.760     2.860     2.060     1.360      .660
     -.060     -.800    -1.610    -2.490    -3.330    -3.940    -4.300    -4.520
    -4.700    -4.950    -5.340    -5.850    -6.370    -6.800    -7.170    -7.590
    -7.990    -8.260    -8.440    -8.630    -8.810    -8.810    -8.570    -8.190
    -7.700    -6.960    -5.980    -5.190    -5.020    -5.330    -5.550    -5.410
    -5.190    -5.230    -5.380    -5.300    -5.020    -4.840    -4.760    -4.390
    -3.600    -2.790    -2.450    -2.520    -2.480    -2.070    -1.540    -1.250
    -1.180    -1.050     -.680     -.120      .520     1.150     1.740     2.280
     2.900     3.700     4.550     5.090     5.140     4.980     5.110     5.620
     6.030     5.920     5.410     5.050     5.050     5.030     4.590     3.860
     3.390     3.480     3.950     4.460     4.880     5.180     5.280     5.050
     4.400     3.370     2.030      .460    -1.210    -2.890    -4.510    -5.950
    -6.880    -6.970    -6.060    -4.370    -2.310     -.310     1.210     1.910
     1.690      .680     -.750    -2.270    -3.690    -4.910    -5.740    -6.040
    -5.800    -5.210    -4.460    -3.570    -2.460    -1.250     -.330      .040
     -.050     -.290     -.450     -.590     -.800    -1.000    -1.050     -.890
     -.610     -.270      .180      .800     1.520     2.220     2.790     3.300
     3.860     4.390     4.650     4.450     3.810     2.880     1.830      .810
     -.050     -.700    -1.250    -1.890    -2.690    -3.610    -4.530    -5.420
    -6.290    -7.130    -7.940    -8.730    -9.560   -10.490   -11.540   -12.690
   -13.910   -15.100   -16.080   -16.730   -17.050   -17.170   -17.220   -17.270
   -17.300   -17.310   -17.370   -17.520   -17.770   -17.970   -17.990   -17.850
   -17.700   -17.600   -17.410   -16.900   -16.090   -15.260   -14.580   -13.940
   -13.160   -12.290   -11.610   -11.200   -10.850   -10.330    -9.580    -8.720
    -7.790    -6.810    -5.820    -4.920    -4.120    -3.440    -2.880    -2.420
    -1.920    -1.230     -.390      .400     1.040     1.620     2.260     2.930
     3.420     3.650     3.720     3.810     4.010     4.270     4.550     4.830
     5.080     5.170     4.980     4.520     3.940     3.320     2.690     2.080
     1.600     1.330     1.260     1.350     1.640     2.140     2.720     3.190
     3.500     3.780     4.210     4.760     5.280     5.610     5.670     5.550
     5.440     5.410     5.240     4.720     4.030     3.670     3.820     4.140
     4.230     4.110     4.010     3.860     3.440     2.820     2.430     2.480
     2.730     2.940     3.200     3.660     4.240     4.720     5.080     5.340
     5.410     5.210     5.000     5.140     5.630     6.090     6.240     6.130
     5.950     5.840     5.790     5.700     5.370     4.730     4.120     3.920
     3.990     3.740     2.870     1.790     1.000      .450     -.090     -.370
      .080     1.070     1.770     1.680     1.300     1.270     1.520     1.520
     1.080      .530      .130     -.240     -.600     -.710     -.300      .470
     1.240     1.840     2.370     2.940     3.530     4.070     4.610     5.190
     5.780     6.250     6.510     6.620     6.750     7.060     7.470     7.720
     7.580     7.090     6.520     6.150     6.070     6.130     6.090     5.840
     5.510     5.280     5.160     5.010     4.770     4.620     4.710     4.880
     4.790     4.280     3.530     2.830     2.350     2.080     1.960     1.850
     1.570     1.040      .390     -.110     -.300     -.180      .230      .980
     2.020     3.190     4.320     5.360     6.330     7.270     8.210     9.200
    10.270    11.440    12.630    13.730    14.670    15.400    15.840    15.920
    15.590    14.910    14.070    13.180    12.190    10.980     9.670     8.540
     7.730     6.990     5.990     4.790     3.680     2.780     1.820      .600
     -.660    -1.630    -2.290    -2.860    -3.430    -3.850    -4.090    -4.330
    -4.720    -5.140    -5.470    -5.870    -6.620    -7.670    -8.700    -9.480
   -10.170   -11.000   -11.960   -12.840   -13.600   -14.420   -15.380   -16.310
   -16.910   -17.050   -16.860   -16.530   -16.120   -15.640   -15.190   -14.940
   -14.970   -15.110   -15.150   -14.970   -14.630   -14.270   -13.900   -13.450
   -12.850   -12.110   -11.290   -10.360    -9.280    -8.100    -7.080    -6.490
    -6.320    -6.260    -6.000    -5.570    -5.100    -4.610    -3.930    -3.050
    -2.200    -1.520     -.890     -.090      .930     2.010     3.020     4.010
     5.000     5.920     6.560     6.810     6.730     6.530     6.400     6.350
     6.230     5.990     5.780     5.770     5.930     6.080     6.110     6.110
     6.100     5.910     5.430     4.720     3.970     3.360     2.990     2.890