-2.170     -.510     1.350     2.010     1.440      .750      .540      .540
      .470      .630     1.250     1.960     2.220     1.980     1.510      .940
      .250     -.250     -.080      .940     2.370     3.540     4.000     3.510
     2.070      .090    -1.540    -1.940     -.950      .870     2.700     3.930
     4.260     3.570     2.030      .200    -1.060    -1.130     -.030     1.690
     3.330     4.440     4.650     3.750     2.010      .410     -.060      .740
     2.040     3.110     3.890     4.340     3.990     2.580      .890      .200
      .850     2.030     2.920     3.430     3.520     2.770     1.130     -.310
     -.340      .920     2.320     3.250     4.030     4.640     4.290     2.730
     1.210     1.150     2.310     3.280     3.420     3.420     3.720     3.650
     2.650     1.540     1.530     2.470     2.950     2.210     1.070      .680
     1.070     1.420     1.450     1.840     3.110     4.710     5.450     4.890
     3.780     3.010     2.610     1.960     1.030      .620     1.330     2.620
     3.490     3.780     4.130     4.710     4.750     3.790     2.590     2.390
     3.260     4.070     3.940     3.220     2.770     2.890     3.170     3.240
     3.080     2.800     2.540     2.480     2.820     3.620     4.580     5.270
     5.460     5.300     5.210     5.410     5.520     5.030     3.990     3.060
     2.590     2.170     1.560     1.530     3.010     5.380     6.750     6.170
     4.640     3.470     2.540     1.120     -.390     -.700      .450     1.840
     2.510     2.810     3.360     3.810     3.480     2.490     1.550     1.020
      .960     1.680     3.230     4.710     5.080     4.530     4.270     4.660
     4.830     4.270     3.700     3.730     3.560     1.990     -.470    -1.760
     -.550     2.420     5.340     7.150     7.940     8.050     7.420     5.820
     3.530     1.560     1.020     2.260     4.590     6.940     8.780    10.100
    10.840    10.540     8.800     5.940     3.070     1.560     2.180     4.410
     6.690     7.400     6.220     4.190     2.630     1.760      .770     -.790
    -2.040    -1.770     -.220      .720     -.160    -1.550    -1.070     1.500
     3.650     3.370     1.800     1.560     3.100     4.330     3.830     2.810
     3.110     4.530     5.240     4.390     2.910     1.820      .740    -1.230
    -3.750    -5.150    -3.960     -.220     4.720     9.370    12.720    14.110
    13.110    10.050     6.420     3.860     2.680     1.900      .950      .560
     1.440     2.900     3.800     4.290     5.290     6.150     4.510     -.540
    -6.500    -9.690    -9.170    -6.970    -4.690    -1.650     3.140     8.180
    10.210     7.350      .830    -6.210   -10.950   -12.020    -9.770    -5.810
    -2.040      .550     2.120     3.170     3.980     4.870     6.190     7.540
     7.690     5.990     3.560     2.120     1.730      .960     -.650    -1.330
      .730     4.470     6.630     5.160     1.440    -1.370    -1.250     1.490
     5.270     8.540    10.330    10.100     7.790     3.840    -1.040    -5.990
    -9.880   -11.230    -8.890    -3.250     3.260     7.460     7.560     4.220
     -.350    -3.950    -5.460    -5.360    -5.720    -8.770   -14.490   -19.730
   -20.860   -17.440   -12.350    -8.260    -5.050    -1.490     1.790     2.530
     -.250    -4.790    -8.240    -8.770    -6.160    -1.680     2.370     3.730
     1.880    -1.850    -5.840    -9.380   -11.900   -12.300   -10.180    -7.040
    -5.340    -6.140    -8.720   -11.940   -15.030   -16.830   -15.900   -11.940
    -6.480    -1.540     1.700     2.620      .640    -3.820    -8.450   -10.210
    -7.890    -3.140     1.080     2.550      .940    -2.260    -4.630    -4.410
    -1.780     1.420     3.670     4.940     5.740     5.560     3.050    -2.390
    -9.580   -16.180   -19.980   -19.920   -16.790   -13.070   -11.390   -12.380
   -14.390   -15.570   -15.360   -13.390    -8.380      .000     8.590    12.590
    10.530     5.570     1.050    -3.130    -8.300   -13.150   -15.200   -15.200
   -16.770   -21.200   -25.430   -26.280   -24.280   -21.440   -17.330   -10.210
    -1.440     4.320     3.840    -1.380    -7.150   -10.280    -9.620    -5.350
     1.010     6.230     6.960     2.360    -5.250   -12.580   -17.640   -19.710
   -18.010   -11.630    -1.340     9.270    15.380    14.030     5.910    -5.630
   -16.390   -22.750   -22.910   -17.980   -11.470    -6.760    -4.850    -4.390
    -3.730    -2.370     -.760      .940     3.840     9.500    17.110    21.790
    17.990     6.290    -5.480   -10.450   -10.490   -12.460   -17.530   -19.420
   -14.440    -8.110    -7.650   -11.800   -13.380   -10.420    -8.330   -10.430
   -12.310    -8.830    -2.610     -.760    -5.150   -10.840   -13.970   -16.890
   -23.660   -33.590   -42.320   -47.670   -51.290   -54.470   -55.670   -53.510
   -49.980   -47.880   -46.270   -41.630   -34.080   -28.950   -29.960   -33.410
   -32.620   -26.770   -21.410   -20.230   -20.740   -19.780   -19.200   -22.120
   -26.400   -26.940   -24.190   -25.520   -35.880   -50.550   -59.880   -59.890
   -55.390   -53.390   -55.890   -59.730   -61.280   -59.590   -55.650   -50.260
   -43.240   -34.180   -22.890    -9.410     5.270    18.540    27.840    34.350
    43.410    58.860    77.380    90.840    94.510    90.750    83.940    74.410
    59.200    36.870     9.020   -21.900   -53.480   -82.200  -104.400  -119.760
  -132.300  -146.240  -161.460  -173.970  -180.460  -181.470  -180.410  -180.240
  -181.140  -180.340  -173.690  -158.200  -134.590  -107.680   -83.410   -64.350
   -48.240   -31.260   -12.010     8.430    28.530    45.750    54.570    48.670
    26.570    -7.000   -46.240   -87.770  -127.250  -156.490  -168.870  -167.120
  -161.290  -158.620  -158.370  -156.690  -152.020  -143.440  -127.570  -100.980
   -64.520   -22.390    22.130    67.930   114.290   160.590   206.770   250.880
   286.540   306.990   312.170   307.590   293.910   262.840   208.290   139.490
    76.840    33.710     6.720   -14.550   -32.710   -40.520   -30.900    -5.020
    28.870    61.670    89.040   113.160   138.890   166.610   189.940   202.660
   206.410   207.960   210.020   209.560   205.510   202.590   205.190   212.040
   220.290   230.470   242.660   251.090   248.170   232.610   208.720   179.350
   144.830   107.820    72.350    37.150    -3.850   -51.870   -99.590  -139.510
  -171.090  -196.120  -212.200  -216.010  -210.110  -201.130  -192.520  -183.340
  -172.350  -158.640  -138.920  -109.700   -72.960   -35.780    -2.990    26.340
    53.540    74.650    82.310    71.770    43.810     3.570   -41.980   -86.740
  -127.190  -161.570  -188.370  -207.160  -220.220  -230.430  -237.140  -236.750
  -228.260  -215.440  -201.950  -186.720  -166.820  -143.250  -121.140  -104.560
   -92.740   -80.960   -64.170   -40.410   -12.040    17.460    48.890    87.550
   135.470   185.000   224.010   247.630   261.340   271.790   278.100   274.630
   260.100   240.360   222.960   211.620   205.940   203.920   203.590   203.850
   205.090   208.330   213.370   218.760   224.330   232.370   244.750   259.330
   271.300   278.240   282.280   286.280   289.380   288.000   280.930   271.370
   263.660   259.080   255.540   250.300   242.540   233.910   226.980   222.690
   219.150   213.700   206.120   198.620   192.490   186.410   178.890   170.720
   163.240   156.000   148.150   141.360   138.410   138.700   137.770   132.250
   123.410   114.460   106.360    97.750    87.850    77.380    67.190    57.620
    48.830    40.490    31.340    20.430     8.840    -1.360    -9.800   -18.300
   -28.160   -38.250   -46.230   -50.840   -52.430   -52.420   -52.920   -56.080
   -62.690   -71.130   -78.310   -81.640   -80.600   -76.930   -73.650   -72.980
   -74.770   -77.390   -80.510   -86.190   -96.620  -111.660  -129.350  -147.940
  -166.410  -183.380  -197.020  -206.080  -210.380  -210.230  -206.430  -201.130
  -197.440  -197.400  -200.730  -206.140  -213.430  -223.410  -236.020  -249.660
  -262.730  -274.900  -286.340  -296.520  -304.810  -311.940  -319.480  -327.600
  -334.290  -337.480  -337.200  -335.060  -332.330  -329.500  -327.000  -324.910
  -321.600  -314.210  -301.610  -286.260  -271.830  -259.050  -245.540  -230.300
  -217.000  -210.600  -211.080  -212.520  -209.390  -201.760  -193.050  -184.730
  -175.830  -166.270  -157.150  -147.820  -136.140  -122.240  -108.820   -96.630
   -83.310   -68.500   -55.830   -46.910   -37.690   -25.230   -13.500    -6.010
     3.290    22.080    43.900    51.910    41.610    28.940    29.120    36.560
    35.310    22.990    12.520    12.900    20.450    29.520    40.860    55.660
    70.370    82.890    97.360   117.320   139.410   159.100   178.240   200.900
   225.400   246.700   264.270   280.880   294.930   300.720   296.420   285.620
   270.750   251.210   229.310   211.280   199.390   188.890   176.260   165.220
   159.750   156.120   148.060   136.650   128.170   123.500   117.250   107.780
   100.560    99.100    99.160    96.220    93.370    96.240   103.910   111.140
   117.560   127.940   143.350   158.240   168.310   176.250   187.150   201.620
   215.940   226.120   228.840   221.370   204.660   185.570   172.140   165.870
   160.470   148.600   128.140   102.100    74.220    45.810    15.890   -16.620
   -51.230   -86.620  -122.420  -158.870  -194.430  -225.700  -250.590  -270.100
  -285.790  -297.520  -305.590  -312.960  -322.140  -331.240  -336.620  -339.010
  -342.470  -347.020  -346.980  -338.990  -327.370  -318.190  -311.070  -301.220
  -287.550  -274.330  -264.840  -257.750  -250.650  -243.500  -236.770  -228.630
  -216.750  -201.670  -186.320  -172.770  -160.950  -150.550  -142.480  -137.900
  -136.970  -139.180  -144.320  -152.030  -160.680  -167.890  -172.460  -174.970
  -176.240  -175.990  -173.750  -170.110  -165.800  -159.890  -150.640  -138.050
  -124.110  -110.220   -95.820   -80.280   -64.280   -48.390   -31.800   -13.770
     5.350    26.050    50.720    80.210   110.920   138.040   160.880   181.530
   198.630   206.580   202.190   188.980   173.350   159.160   147.760   140.440
   138.170   140.420   146.550   156.790   170.300   184.420   198.420   215.620
   238.070   261.080   277.520   286.840   294.770   304.290   312.210   316.200
   319.400   324.720   329.210   328.440   323.580   319.440   317.650   316.460
   315.890   317.860   321.390   322.630   320.660   318.760   318.500   316.630
   310.040   300.420   291.300   282.880   272.950   261.210   249.700   239.870
   231.810   225.720   221.820   218.780   214.500   208.840   203.600   199.580
   195.570   190.730   186.440   184.250   183.210   180.640   175.290   168.530
   162.090   155.580   147.370   137.290   126.990   117.350   107.290    96.220
    86.010    78.460    72.160    64.730    57.630    54.100    51.420    40.930
    18.860    -7.580   -29.680   -49.420   -76.010  -111.570  -147.080  -174.310
  -195.610  -217.940  -242.360  -265.210  -286.740  -311.610  -340.860  -369.430
  -393.050  -412.530  -429.140  -440.330  -443.900  -442.540  -439.720  -433.370
  -418.890  -397.610  -376.470  -358.900  -341.570  -322.320  -305.240  -293.080
  -279.460  -256.230  -227.240  -206.890  -202.310  -203.130  -193.720  -172.810
  -155.860  -158.200  -179.130  -202.720  -211.830  -201.090  -177.930  -152.100
  -125.120   -92.850   -58.250   -34.980   -32.350   -40.700   -41.430   -31.520
   -27.480   -40.450   -57.790   -59.210   -44.700   -33.760   -38.620   -51.620
   -61.820   -70.940   -84.330   -96.530   -98.740   -96.050  -103.450  -123.660
  -140.960  -141.910  -132.530  -127.690  -130.250  -129.780  -118.860  -101.220
   -83.590   -67.790   -53.700   -43.900   -40.480   -40.380   -38.320   -32.570
   -24.720   -15.390    -3.430    11.190    26.820    42.520    58.740    75.510
    91.890   107.790   124.330   141.600   157.790   171.360   182.350   190.990
   196.590   198.470   196.630   190.880   180.920   167.840   154.420   142.720
   132.490   122.810   114.250   108.040   103.810    99.720    95.100    91.320
    89.930    91.030    94.100    99.180   106.250   114.170   121.230   126.710
   131.300   135.900   140.530   144.340   146.670   147.810   149.000   151.440
   155.170   158.950   161.440   162.500   163.310   165.030   167.880   171.480
   175.610   180.190   184.570   187.350   187.280   184.270   179.240   173.130
   166.240   158.410   149.360   138.850   127.030   114.830   103.540    93.540
    83.830    73.330    61.990    50.040    36.810    21.380     4.070   -13.700
   -31.000   -47.900   -64.510   -80.820   -97.280  -114.080  -129.750  -142.230
  -151.970  -161.780  -172.750  -182.210  -187.740  -191.120  -195.610  -200.650
  -202.510  -200.130  -196.990  -195.950  -195.240  -191.190  -183.280  -174.290
  -166.510  -159.890  -153.450  -146.910  -140.570  -134.890  -130.100  -125.910
  -121.570  -116.590  -111.170  -105.860  -101.220   -98.280   -98.350  -101.490
  -105.960  -110.210  -114.980  -122.270  -132.540  -144.240  -155.740  -166.500
  -176.310  -184.820  -192.200  -199.160  -205.690  -210.900  -214.390  -216.960
  -218.990  -219.160  -215.540  -207.630  -196.380  -182.970  -168.310  -153.380
  -139.100  -125.520  -112.310   -99.870   -89.320   -80.930   -73.420   -65.450
   -57.060   -49.050   -41.350   -33.100   -24.220   -15.990    -9.390    -3.550
     3.300    11.720    20.560    28.620    35.930    43.090    50.280    57.330
    64.500    72.190    80.180    87.770    94.610   100.770   106.190   110.740
   114.990   119.930   125.680   131.030   134.520   135.650   134.680   132.100
   128.810   126.490   126.560   128.910   132.300   136.230   141.720   149.900
   160.330   171.360   181.670   191.040   199.720   207.700   214.610   220.110
   223.810   225.070   223.230   218.080   210.190   200.630   190.490   180.540
   171.030   161.900   153.270   145.660   139.820   135.930   133.430   131.600
   130.290   129.830   130.300   131.370   132.610   133.850   134.990   136.000
   137.110   138.690   140.630   142.240   142.910   142.640   141.720   140.200
   138.060   135.530   132.630   128.850   123.840   118.280   113.330   109.410
   105.910   102.260    98.510    94.990    91.880    89.310    87.110    84.490
    80.480    75.120    69.390    63.730    57.080    48.230    37.660    27.240
    17.990     9.250      .190    -8.360   -14.680   -18.370   -21.230   -25.460
   -31.340   -37.550   -43.370   -49.870   -58.390   -68.620   -78.890   -88.050
   -96.140  -103.470  -109.760  -114.690  -118.450  -121.180  -122.580  -122.620
  -122.130  -121.880  -121.280  -118.890  -114.200  -108.380  -102.850   -97.780
   -92.520   -86.920   -81.860   -78.360   -76.680   -76.350   -76.690   -77.260
   -78.030   -79.470   -81.890   -84.770   -86.920   -87.690   -87.900   -88.930
   -91.180   -93.670   -95.490   -96.880   -98.380   -99.630   -99.850   -99.370
   -99.600  -101.160  -103.130  -104.630  -106.390  -109.620  -113.830  -116.970
  -117.700  -116.350  -113.540  -109.000  -102.680   -95.870   -90.230   -85.880
   -81.690   -77.050   -72.440   -68.150   -63.470   -57.710   -51.090   -44.190
   -37.070   -29.540   -21.990   -15.150    -9.210    -3.690     1.660     6.560
    10.790    14.460    17.550    19.690    20.920    22.070    23.940    26.190
    27.860    28.740    29.640    31.270    33.540    36.060    38.770    41.600
    44.110    45.770    46.400    46.160    45.170    43.660    42.020    40.490
    38.870    37.010    35.440    34.940    35.630    36.850    38.270    40.330
    43.470    47.460    51.860    56.930    63.330    70.950    78.620    85.180
    90.430    94.670    97.700    98.940    98.420    97.180    96.330    96.000
    95.390    93.550    90.020    84.940    78.920    72.750    66.970    61.510
    56.070    50.700    45.960    42.300    39.690    37.900    36.790    36.080
    35.310    34.140    32.550    30.490    27.800    24.730    22.180    20.860
    20.550    20.450    20.340    20.670    21.730    23.190    24.490    25.340
    25.690    25.570    25.030    24.030    22.390    20.070    17.370    14.510
    11.090     6.620     1.260    -4.610   -11.340   -19.630   -28.940   -37.560
   -44.830   -52.090   -60.650   -69.540   -76.810   -82.360   -87.840   -93.750
   -98.410  -100.410  -100.550  -100.480  -100.510   -99.860   -98.440   -96.880
   -95.390   -93.640   -91.580   -89.330   -86.270   -81.470   -75.320   -69.530
   -65.130   -61.330   -57.170   -53.310   -51.240   -51.160   -51.700   -51.700
   -51.180   -50.520   -49.590   -48.180   -46.660   -45.570   -44.920   -44.250
   -43.130   -41.370   -38.950   -36.220   -33.890   -32.500   -31.900   -31.720
   -32.230   -34.110   -37.300   -40.670   -43.210   -45.130   -47.240   -49.480
   -50.800   -50.530   -49.150   -47.590   -46.100   -44.360   -42.440   -40.890
   -40.110   -39.770   -39.290   -38.480   -37.620   -37.020   -36.670   -36.310
   -35.780   -35.230   -34.880   -34.790   -34.810   -34.810   -34.880   -35.150
   -35.550   -35.730   -35.280   -33.940   -31.610   -28.270   -23.890   -18.460
   -12.120    -5.180     1.990     9.320    17.020    25.100    32.780    38.910
    42.980    45.530    47.160    47.610    46.130    42.620    37.890    32.830
    27.780    23.060    19.330    17.130    16.300    16.390    17.460    19.850
    23.450    27.470    31.310    34.940    38.590    42.220    45.650    48.730
    51.270    53.070    54.130    54.460    53.500    50.390    45.070    38.950
    33.730    29.860    26.680    23.960    22.550    23.320    25.950    29.310
    32.710    36.240    40.000    43.720    47.250    50.960    55.270    59.990
    64.360    67.850    70.570    72.800    74.320    74.520    73.080    70.380
    66.980    63.060    58.500    53.390    48.110    43.040    38.320    34.150
    30.920    28.780    27.240    25.560    23.430    21.090    18.690    15.970
    12.570     8.580     4.570     1.060    -1.880    -4.590    -7.400   -10.270
   -12.770   -14.440   -15.200   -15.360   -15.150   -14.520   -13.330   -11.610
    -9.580    -7.450    -5.400    -3.630    -2.350    -1.630    -1.440    -1.740
    -2.490    -3.520    -4.670    -5.890    -7.230    -8.620    -9.880   -10.870
   -11.580   -11.940   -11.760   -11.160   -10.610   -10.610   -11.150   -11.900
   -12.700   -13.780   -15.520   -18.160   -21.610   -25.460   -29.150   -32.430
   -35.420   -38.250   -40.620   -42.090   -42.820   -43.380   -44.000   -44.290
   -43.860   -42.870   -41.520   -39.450   -36.150   -31.750   -26.980   -22.310
   -17.710   -13.130    -8.830    -4.990    -1.550     1.350     3.220     3.800
     3.530     3.010     2.350     1.280     -.260    -2.150    -4.560    -7.750
   -11.460   -15.010   -18.180   -21.500   -25.410   -29.560   -33.220   -36.150
   -38.540   -40.370   -41.320   -41.320   -40.740   -39.930   -38.850   -37.300
   -35.330   -33.220   -31.170   -29.090   -26.700   -23.750   -20.250   -16.570
   -13.060    -9.700    -6.300    -3.010     -.410     1.090     1.750     2.170
     2.670     3.270     4.070     5.300     7.100     9.390    12.120    15.320
    18.930    22.750    26.650    30.680    34.910    39.210    43.410    47.420
    51.000    53.620    54.760    54.580    53.920    53.500    53.090    51.770
    48.990    45.050    40.670    36.320    32.090    28.150    24.840    22.430
    20.980    20.520    21.080    22.530    24.410    26.340    28.240    30.150
    32.000    33.740    35.650    38.070    40.920    43.720    46.060    47.890
    49.110    49.410    48.570    46.750    44.410    41.940    39.640    37.660
    35.730    33.270    29.950    26.070    22.060    17.810    12.770     6.850
      .680    -5.160   -10.700   -16.280   -21.830   -26.740   -30.470   -33.030
   -34.840   -36.010   -36.120   -34.650   -31.870   -28.770   -26.090   -23.500
   -20.380   -17.070   -14.630   -13.300   -11.870    -9.300    -6.210    -4.150
    -3.370    -2.540     -.750     1.240     2.190     2.080     1.880     1.930
     1.440     -.170    -2.500    -4.900    -7.440   -10.570   -14.040   -16.870
   -18.520   -19.480   -20.550   -21.760   -22.610   -23.070   -23.810   -25.110
   -26.110   -25.520   -23.000   -19.390   -15.650   -12.040    -8.380    -4.800
    -1.730      .570     2.160     3.090     3.460     3.450     3.310     3.070
     2.560     1.710      .620     -.740    -2.450    -4.300    -5.660    -6.110
    -5.720    -4.760    -3.220    -1.020     1.590     4.230     6.870     9.770
    12.990    16.240    19.400    22.720    26.350    29.970    33.080    35.520
    37.350    38.500    39.050    39.490    40.310    41.310    41.860    41.750
    41.400    41.000    40.130    38.530    36.670    35.080    33.610    31.750
    29.750    28.500    28.270    28.270    27.740    26.930    26.590    26.850
    27.180    27.230    27.190    27.300    27.420    27.280    26.800    26.110
    25.260    24.230    22.980    21.450    19.740    18.250    17.520    17.620
    17.990    18.030    17.690    17.330    17.100    16.800    16.290    15.770
    15.490    15.440    15.380    15.070    14.340    13.010    10.820     7.660
     3.730     -.560    -4.840    -9.020   -13.150   -17.240   -21.130   -24.650
   -27.780   -30.660   -33.380   -35.970   -38.510   -41.160   -44.060   -47.260
   -50.650   -54.090   -57.470   -60.800   -64.230   -67.900   -71.750   -75.560
   -79.100   -82.290   -85.080   -87.320   -88.800   -89.280   -88.530   -86.410
   -83.060   -79.060   -75.130   -71.750   -68.880   -66.280   -63.790   -61.470
   -59.400   -57.630   -56.160   -55.000   -54.170   -53.760   -53.850   -54.410
   -55.240   -56.090   -56.730   -57.040   -57.080   -57.060   -57.170   -57.350
   -57.310   -56.880   -56.100   -55.110   -53.970   -52.740   -51.510   -50.310
   -49.010   -47.370   -45.210   -42.480   -39.240   -35.720   -32.080   -28.250
   -24.000   -19.280   -14.380    -9.570    -4.670      .650     6.330    11.880
    16.900    21.510    25.980    30.340    34.530    38.620    42.660    46.430
    49.540    51.980    54.050    55.960    57.610    58.810    59.580    60.120
    60.530    60.740    60.690    60.400    59.930    59.440    59.010    58.690
    58.500    58.530    58.850    59.340    59.760    60.060    60.470    61.180
    61.990    62.560    62.780    62.880    63.040    63.200    63.230    63.180
    63.210    63.360    63.600    63.950    64.550    65.540    66.940    68.760
    70.860    72.920    74.400    74.820    73.970    72.030    69.360    66.320
    63.210    60.230    57.430    54.660    51.710    48.520    45.060    41.100
    36.210    30.310    23.900    17.510    11.070     4.140    -3.250   -10.590
   -17.700   -25.060   -32.940   -40.740   -47.770   -54.230   -60.760   -67.110
   -72.310   -76.030   -79.020   -81.670   -83.230   -82.970   -81.440   -79.780
   -78.240   -76.320   -74.180   -72.600   -71.600   -70.210   -68.090   -66.340
   -66.010   -66.500   -66.540   -65.970   -65.730   -66.110   -66.380   -66.110
   -65.850   -66.090   -66.240   -65.480   -64.020   -62.720   -61.950   -61.330
   -60.730   -60.540   -61.000   -61.850   -62.720   -63.640   -64.670   -65.560
   -66.010   -66.140   -66.360   -66.690   -66.640   -65.670   -63.860   -61.790
   -59.880   -57.830   -55.020   -51.280   -47.150   -43.090   -38.960   -34.490
   -30.080   -26.460   -23.590   -20.520   -16.630   -12.340    -8.240    -4.030
      .970     6.560    11.770    16.200    20.490    25.300    30.390    35.240
    39.930    45.030    50.650    56.270    61.470    66.400    71.520    76.830
    81.760    85.640    88.380    90.490    92.460    94.130    95.050    95.280
    95.460    96.000    96.580    96.750    96.730    97.140    98.140    99.280
   100.140   100.630   100.600    99.620    97.460    94.530    91.620    89.200
    87.250    85.660    84.410    83.520    82.810    82.000    80.890    79.450
    77.750    75.830    73.680    71.340    68.980    66.820    64.940    63.320
    61.950    61.030    60.700    60.880    61.260    61.490    61.400    60.920
    60.050    58.790    57.080    54.790    51.790    48.140    44.160    40.140
    35.950    31.280    26.050    20.600    15.280    10.050     4.720     -.710
    -6.010   -11.090   -16.090   -20.990   -25.550   -29.570   -33.140   -36.510
   -39.880   -43.410   -47.130   -50.670   -53.540   -55.790   -58.160   -61.100
   -64.110   -66.480   -68.370   -70.520   -73.010   -75.120   -76.520   -77.820
   -79.540   -81.140   -81.850   -81.830   -81.910   -82.320   -82.290   -81.270
   -79.750   -78.630   -78.210   -78.150   -78.100   -78.110   -78.360   -78.970
   -80.010   -81.590   -83.630   -85.830   -87.910   -89.900   -92.040   -94.410
   -96.740   -98.600   -99.810  -100.570  -101.260  -101.950  -102.140  -101.080
   -98.310   -94.130   -89.360   -84.660   -80.150   -75.750   -71.560   -67.790
   -64.360   -61.040   -57.960   -55.470   -53.350   -50.720   -47.030   -42.790
   -38.880   -35.350   -31.510   -27.070   -22.550   -18.360   -14.180    -9.490
    -4.480      .200     4.250     8.050    11.990    15.990    19.630    22.630
    25.040    27.100    29.060    30.970    32.690    34.220    35.840    37.860
    40.330    43.060    45.910    48.840    51.760    54.560    57.390    60.570
    64.160    67.870    71.560    75.530    80.150    85.150    89.840    93.810
    97.190   100.110   102.290   103.410   103.650   103.410   102.830   101.700
    99.990    98.090    96.450    95.190    94.120    92.960    91.490    89.730
    87.920    86.380    85.000    83.260    80.790    77.800    74.850    72.100
    69.300    66.280    63.290    60.700    58.540    56.560    54.570    52.590
    50.620    48.580    46.450    44.400    42.610    41.120    39.850    38.680
    37.500    36.130    34.370    32.080    29.280    26.060    22.510    18.710
    14.790    10.790     6.580     1.930    -3.120    -8.220   -13.070   -17.730
   -22.520   -27.420   -32.040   -36.090   -39.710   -43.220   -46.620   -49.620
   -52.080   -54.200   -56.190   -57.940   -59.170   -59.880   -60.400   -61.090
   -62.020   -62.980   -63.840   -64.660   -65.520   -66.340   -66.930   -67.240
   -67.320   -67.100   -66.340   -64.860   -62.850   -60.690   -58.610   -56.620
   -54.770   -53.270   -52.240   -51.530   -50.960   -50.530   -50.380   -50.530
   -50.830   -51.120   -51.400   -51.720   -52.090   -52.470   -52.900   -53.420
   -53.950   -54.310   -54.430   -54.410   -54.340   -54.140   -53.630   -52.800
   -51.750   -50.520   -49.040   -47.270   -45.320   -43.210   -40.780   -37.860
   -34.510   -30.910   -27.150   -23.160   -18.910   -14.450    -9.870    -5.230
     -.580     4.080     8.770    13.580    18.430    23.030    27.140    30.700
    33.820    36.600    39.030    41.160    43.000    44.570    45.800    46.700
    47.330    47.750    47.990    48.050    47.930    47.630    47.190    46.690
    46.200    45.710    45.220    44.800    44.540    44.400    44.270    44.150
    44.170    44.320    44.390    44.160    43.720    43.350    43.220    43.240
    43.340    43.540    43.800    44.060    44.360    44.920    45.850    46.920
    47.850    48.630    49.360    50.000    50.310    50.120    49.500    48.580
    47.420    46.000    44.230    42.030    39.430    36.640    33.700    30.290
    26.170    21.610    17.200    12.980     8.290     2.710    -3.300    -8.950
   -14.070   -18.980   -23.760   -28.060   -31.680   -34.730   -37.180   -38.830
   -39.790   -40.440   -40.840   -40.780   -40.430   -40.340   -40.520   -40.120
   -38.630   -36.840   -35.750   -35.060   -33.720   -31.690   -30.120   -29.600
   -29.420   -29.030   -29.150   -30.560   -32.660   -34.250   -35.310   -36.820
   -39.030   -41.050   -42.370   -43.730   -45.910   -48.500   -50.540   -51.880
   -53.120   -54.490   -55.620   -56.330   -57.050   -58.180   -59.520   -60.640
   -61.450   -62.100   -62.640   -62.830   -62.360   -61.080   -59.090   -56.660
   -54.010   -51.200   -48.190   -45.120   -42.240   -39.740   -37.540   -35.490
   -33.420   -31.180   -28.710   -26.110   -23.550   -21.010   -18.280   -15.350
   -12.580   -10.260    -8.250    -6.170    -3.910    -1.670      .440     2.640
     5.100     7.730    10.260    12.590    14.910    17.360    19.840    21.980
    23.570    24.760    25.890    27.150    28.500    30.030    31.980    34.510
    37.370    40.170    42.820    45.480    48.180    50.680    52.890    55.070
    57.540    60.380    63.520    66.960    70.670    74.410    77.950    81.280
    84.620    87.970    91.050    93.660    95.930    98.150   100.420   102.680
   104.830   106.780   108.250   108.840   108.260   106.590   104.100   100.990
    97.260    92.900    88.020    82.750    77.070    70.970    64.770    59.020
    54.080    49.830    45.930    42.340    39.230    36.590    34.120    31.540
    28.870    26.350    24.020    21.730    19.280    16.610    13.780    10.870
     8.050     5.470     3.130      .830    -1.610    -4.170    -6.700    -9.100
   -11.490   -13.990   -16.550   -18.950   -21.090   -23.090   -25.050   -26.830
   -28.250   -29.400   -30.640   -32.130   -33.710   -35.170   -36.540   -38.020
   -39.620   -41.270   -43.080   -45.220   -47.490   -49.260   -50.180   -50.670
   -51.460   -52.770   -54.180   -55.310   -56.390   -57.900   -59.810   -61.570
   -62.760   -63.510   -64.240   -65.120   -65.980   -66.560   -66.830   -66.910
   -66.890   -66.690   -66.130   -65.110   -63.800   -62.400   -60.920   -59.180
   -57.110   -54.980   -53.090   -51.450   -49.780   -47.990   -46.260   -44.830
   -43.690   -42.580   -41.290   -39.730   -37.980   -36.290   -34.850   -33.670
   -32.610   -31.660   -30.940   -30.450   -29.880   -29.040   -28.120   -27.470
   -27.110   -26.770   -26.270   -25.760   -25.360   -24.930   -24.270   -23.360
   -22.350   -21.280   -20.040   -18.490   -16.550   -14.270   -11.870    -9.670
    -7.740    -5.890    -3.910    -1.920     -.170     1.380     3.040     5.030
     7.230     9.420    11.490    13.400    15.030    16.290    17.280    18.210
    19.130    19.990    20.770    21.570    22.390    23.170    23.860    24.560
    25.320    25.980    26.380    26.560    26.850    27.530    28.500    29.430
    30.160    30.860    31.800    33.000    34.200    35.240    36.180    37.130
    38.060    38.920    39.710    40.330    40.570    40.390    40.120    40.150
    40.480    40.770    40.910    41.120    41.600    42.190    42.610    42.750
    42.590    42.040    41.150    40.210    39.420    38.530    37.020    34.850
    32.480    30.320    28.180    25.620    22.570    19.380    16.390    13.590
    10.830     8.050     5.270     2.530     -.120    -2.620    -4.960    -7.180
    -9.310   -11.230   -12.810   -14.060   -15.160   -16.180   -16.990   -17.390
   -17.440   -17.430   -17.570   -17.820   -18.050   -18.290   -18.600   -18.880
   -18.930   -18.740   -18.520   -18.390   -18.190   -17.740   -17.060   -16.350
   -15.780   -15.450   -15.380   -15.490   -15.610   -15.600   -15.480   -15.360
   -15.250   -15.080   -14.850   -14.610   -14.450   -14.410   -14.610   -15.150
   -15.930   -16.720   -17.340   -17.740   -18.050   -18.430   -18.930   -19.440
   -19.690   -19.480   -18.850   -18.050   -17.310   -16.680   -16.060   -15.240
   -14.030   -12.530   -11.040    -9.880    -9.010    -8.090    -6.870    -5.410
    -3.860    -2.220     -.380     1.630     3.670     5.710     7.790     9.870
    11.790    13.470    14.950    16.280    17.450    18.430    19.280    20.130
    20.990    21.770    22.440    22.960    23.240    23.130    22.630    21.860
    20.950    19.950    18.910    17.990    17.320    16.860    16.490    16.190
    16.060    16.140    16.290    16.360    16.310    16.240    16.200    16.140
    16.030    15.880    15.680    15.400    15.060    14.750    14.470    14.190
    13.870    13.550    13.280    12.960    12.490    11.910    11.360    10.870
    10.370     9.810     9.170     8.350     7.140     5.500     3.710     1.970
      .150    -1.970    -4.250    -6.340    -8.060    -9.640   -11.160   -12.450
   -13.350   -14.140   -15.070   -15.960   -16.380   -16.320   -16.200   -16.120
   -15.710   -14.740   -13.540   -12.520   -11.620   -10.620    -9.710    -9.270
    -9.220    -9.080    -8.760    -8.720    -9.170    -9.680    -9.850    -9.920
   -10.380   -11.160   -11.840   -12.390   -13.240   -14.530   -15.830   -16.710
   -17.360   -18.210   -19.360   -20.560   -21.710   -23.010   -24.690   -26.670
   -28.670   -30.390   -31.780   -32.890   -33.710   -34.060   -33.820   -33.120
   -32.200   -31.050   -29.390   -27.190   -24.930   -23.130   -21.850   -20.670
   -19.260   -17.650   -16.120   -14.890   -14.110   -13.730   -13.510   -13.240
   -13.020   -13.070   -13.390   -13.720   -13.840   -13.880   -14.030   -14.200
   -14.170   -13.820   -13.240   -12.520   -11.720   -10.880    -9.940    -8.770
    -7.350    -5.920    -4.650    -3.420    -1.960     -.290     1.310     2.690
     3.980     5.240     6.360     7.250     8.060     9.020    10.150    11.290
    12.380    13.580    15.020    16.640    18.250    19.650    20.830    21.890
    22.950    23.960    24.830    25.540    26.270    27.110    27.890    28.400
    28.740    29.190    29.740    30.040    29.890    29.580    29.550    29.890
    30.370    30.820    31.330    31.940    32.470    32.760    32.940    33.170
    33.380    33.340    33.000    32.640    32.410    32.140    31.590    30.770
    29.920    29.200    28.530    27.830    27.150    26.530    25.980    25.530
    25.300    25.280    25.290    25.190    24.970    24.680    24.180    23.410
    22.510    21.730    20.990    19.940    18.470    16.880    15.420    13.980
    12.250    10.190     8.080     6.120     4.300     2.620     1.130     -.110
    -1.150    -1.980    -2.600    -3.050    -3.450    -3.850    -4.220    -4.520
    -4.840    -5.200    -5.480    -5.600    -5.660    -5.790    -5.860    -5.630
    -5.030    -4.260    -3.550    -3.020    -2.630    -2.310    -1.960    -1.580
    -1.320    -1.360    -1.710    -2.130    -2.510    -3.040    -3.910    -5.010
    -6.050    -6.910    -7.770    -8.770    -9.890   -11.050   -12.260   -13.490
   -14.640   -15.690   -16.750   -17.850   -18.760   -19.220   -19.250   -19.150
   -19.080   -18.940   -18.610   -18.200   -17.930   -17.840   -17.800   -17.800
   -17.920   -18.170   -18.430   -18.570   -18.660   -18.810   -19.020   -19.160
   -19.160   -19.110   -19.090   -19.080   -18.980   -18.800   -18.610   -18.470
   -18.360   -18.260   -18.170   -18.060   -17.890   -17.760   -17.880   -18.330
   -18.920   -19.360   -19.660   -20.050   -20.630   -21.180   -21.460   -21.510
   -21.510   -21.500   -21.370   -20.980   -20.320   -19.410   -18.230   -16.830
   -15.350   -13.820   -12.150   -10.270    -8.330    -6.530    -4.860    -3.110
    -1.100     1.100     3.320     5.450     7.480     9.470    11.470    13.480
    15.450    17.260    18.810    20.040    20.910    21.340    21.320    20.980
    20.500    19.920    19.150    18.220    17.380    16.870    16.630    16.310
    15.700    14.900    14.160    13.590    13.110    12.640    12.200    11.780
    11.380    11.030    10.840    10.800    10.820    10.820    10.900    11.130
    11.480    11.860    12.240    12.690    13.110    13.380    13.520    13.680
    13.850    13.770    13.240    12.400    11.550    10.730     9.850     8.940
     8.180     7.560     6.800     5.690     4.460     3.410     2.530     1.560
      .440     -.620    -1.470    -2.290    -3.310    -4.510    -5.760    -7.030
    -8.420    -9.920   -11.380   -12.740   -14.090   -15.530   -17.020   -18.390
   -19.510   -20.380   -21.130   -21.890   -22.670   -23.330   -23.700   -23.760
   -23.670   -23.500   -23.180   -22.640   -22.000   -21.390   -20.800   -20.070
   -19.180   -18.350   -17.780   -17.460   -17.230   -16.970   -16.730   -16.500
   -16.210   -15.800   -15.280   -14.730   -14.180   -13.610   -12.940   -12.080
   -11.080   -10.130    -9.390    -8.820    -8.260    -7.630    -7.050    -6.590
    -6.150    -5.560    -4.800    -3.950    -3.050    -2.130    -1.300     -.730
     -.410     -.130      .250      .630      .830      .860      .900     1.160
     1.710     2.520     3.500     4.630     5.890     7.320     8.950    10.840
    13.040    15.460    17.810    19.800    21.410    22.910    24.520    26.080
    27.300    28.050    28.480    28.720    28.810    28.660    28.220    27.470
    26.390    25.110    23.800    22.590    21.510    20.560    19.730    18.940
    18.130    17.390    16.910    16.730    16.690    16.580    16.440    16.400
    16.510    16.700    16.820    16.720    16.300    15.690    15.230    15.090
    15.110    15.010    14.840    14.890    15.250    15.740    16.210    16.730
    17.260    17.580    17.540    17.270    17.010    16.720    16.210    15.430
    14.450    13.290    11.830    10.040     8.030     5.940     3.830     1.670
     -.590    -2.900    -5.040    -6.760    -8.040    -9.240   -10.650   -12.100
   -13.160   -13.730   -14.130   -14.710   -15.500   -16.440   -17.430   -18.310
   -18.910   -19.350   -19.970   -20.780   -21.310   -21.380   -21.480   -22.140
   -22.980   -23.250   -23.000   -23.030   -23.660   -24.210   -24.080   -23.730
   -23.920   -24.510   -24.730   -24.330   -23.950   -24.050   -24.370   -24.470
   -24.510   -24.940   -25.890   -27.050   -28.230   -29.580   -31.250   -33.220
   -35.260   -37.080   -38.470   -39.350   -39.830   -39.880   -39.240   -37.620
   -35.150   -32.410   -29.870   -27.560   -25.300   -23.090   -21.170   -19.660
   -18.350   -16.910   -15.260   -13.610   -12.150   -10.790    -9.280    -7.590
    -6.010    -4.860    -4.070    -3.260    -2.210    -1.060      .000     1.040
     2.270     3.710     5.170     6.470     7.700     9.010    10.430    11.830
    13.100    14.230    15.320    16.570    18.010    19.480    20.700    21.580
    22.370    23.390    24.710    26.140    27.540    28.890    30.220    31.440
    32.530    33.630    34.830    36.040    37.020    37.650    38.070    38.520
    39.060    39.600    40.030    40.420    40.920    41.570    42.310    43.050
    43.770    44.440    45.010    45.450    45.760    45.910    45.830    45.470
    44.800    43.830    42.510    40.910    39.270    37.900    36.840    35.860
    34.800    33.810    33.130    32.680    32.090    31.070    29.680    28.300
    27.280    26.590    25.900    24.860    23.450    21.890    20.400    18.960
    17.490    15.980    14.500    13.050    11.620    10.240     8.990     7.820
     6.630     5.370     4.130     2.980     1.900      .880     -.030     -.730
    -1.200    -1.600    -2.120    -2.850    -3.690    -4.550    -5.400    -6.370
    -7.520    -8.730    -9.820   -10.780   -11.720   -12.770   -13.960   -15.270
   -16.720   -18.260   -19.760   -21.170   -22.540   -23.960   -25.410   -26.790
   -27.930   -28.720   -29.180   -29.430   -29.650   -29.840   -29.920   -29.920
   -30.040   -30.380   -30.790   -30.990   -30.970   -30.860   -30.770   -30.680
   -30.600   -30.640   -30.770   -30.750   -30.460   -29.980   -29.560   -29.260
   -28.950   -28.480   -27.820   -27.050   -26.290   -25.590   -24.870   -23.940
   -22.750   -21.440   -20.190   -19.030   -17.830   -16.640   -15.670   -15.040
   -14.520   -13.830   -12.990   -12.320   -11.940   -11.590   -10.910    -9.960
    -9.210    -8.940    -8.960    -8.820    -8.370    -7.780    -7.290    -6.940
    -6.630    -6.280    -5.860    -5.440    -5.130    -5.060    -5.100    -4.970
    -4.640    -4.390    -4.470    -4.680    -4.560    -4.030    -3.470    -3.210
    -3.140    -2.980    -2.710    -2.510    -2.510    -2.540    -2.420    -2.110
    -1.700    -1.230     -.700     -.100      .440      .720      .550     -.030
     -.760    -1.480    -2.300    -3.330    -4.410    -5.240    -5.720    -6.000
    -6.190    -6.330    -6.550    -7.030    -7.610    -7.920    -7.780    -7.500
    -7.460    -7.660    -7.810    -7.780    -7.700    -7.770    -8.030    -8.460
    -8.920    -9.160    -9.090    -8.960    -9.040    -9.200    -9.030    -8.480
    -7.960    -7.900    -8.180    -8.440    -8.530    -8.610    -8.750    -8.860
    -8.810    -8.640    -8.430    -8.180    -7.780    -7.110    -6.200    -5.260
    -4.600    -4.260    -3.970    -3.410    -2.610    -1.760     -.860      .320
     1.860     3.570     5.210     6.760     8.300     9.730    10.950    12.000
    13.000    13.910    14.610    15.110    15.560    16.000    16.270    16.230
    15.960    15.600    15.130    14.470    13.630    12.770    12.030    11.370
    10.680     9.910     9.140     8.430     7.730     6.920     6.040     5.320
     5.010     5.110     5.480     6.040     6.860     7.940     9.100    10.130
    11.010    11.940    12.980    14.000    14.930    15.870    16.980    18.170
    19.270    20.240    21.210    22.140    22.760    22.780    22.210    21.210
    19.830    18.100    16.190    14.380    12.750    11.120     9.370     7.700
     6.370     5.300     4.230     3.110     2.110     1.320      .610     -.170
     -.930    -1.500    -1.870    -2.230    -2.670    -3.170    -3.720    -4.360
    -5.110    -5.850    -6.450    -6.860    -7.140    -7.260    -7.190    -6.960
    -6.720    -6.620    -6.730    -6.980    -7.350    -7.840    -8.490    -9.310
   -10.260   -11.300   -12.430   -13.640   -14.910   -16.220   -17.530   -18.800
   -20.010   -21.210   -22.490   -23.830   -25.080   -26.080   -26.780   -27.220
   -27.320   -26.960   -26.230   -25.460   -24.830   -24.210   -23.430   -22.580
   -21.820   -21.040   -19.890   -18.220   -16.300   -14.410   -12.610   -10.820
    -9.120    -7.680    -6.470    -5.300    -4.100    -3.040    -2.170    -1.350
     -.440      .530     1.380     1.970     2.230     2.120     1.590      .700
     -.430    -1.550    -2.440    -2.930    -3.040    -2.950    -2.760    -2.410
    -1.850    -1.160     -.450      .280     1.150     2.170     3.310     4.570
     6.020     7.550     8.890     9.810    10.370    10.860    11.520    12.380
    13.390    14.530    15.780    17.160    18.640    20.170    21.710    23.270
    24.850    26.390    27.740    28.870    29.880    30.910    31.900    32.600
    32.930    33.020    33.070    33.050    32.700    31.950    30.990    30.140
    29.490    28.900    28.240    27.540    26.910    26.390    25.960    25.610
    25.450    25.580    25.910    26.190    26.270    26.300    26.460    26.650
    26.570    26.110    25.530    25.060    24.670    24.200    23.770    23.610
    23.640    23.480    23.000    22.390    21.750    20.830    19.390    17.630
    16.000    14.660    13.430    12.160    10.790     9.280     7.530     5.550
     3.500     1.510     -.390    -2.150    -3.620    -4.660    -5.180    -5.110
    -4.440    -3.430    -2.460    -1.690    -1.080     -.610     -.400     -.460
     -.630    -1.030    -1.940    -3.290    -4.360    -4.660    -4.590    -4.850
    -5.400    -5.630    -5.530    -5.920    -7.270    -8.930   -10.010   -10.600
   -11.420   -12.710   -13.930   -14.730   -15.410   -16.330   -17.350   -18.110
   -18.660   -19.350   -20.330   -21.450   -22.720   -24.300   -26.140   -27.790
   -28.800   -29.100   -28.920   -28.340   -27.270   -25.760   -24.190   -22.950
   -22.100   -21.380   -20.630   -19.980   -19.630   -19.580   -19.660   -19.740
   -19.890   -20.180   -20.610   -21.100   -21.650   -22.190   -22.640   -22.870
   -22.990   -23.200   -23.640   -24.130   -24.420   -24.470   -24.510   -24.690
   -24.850   -24.690   -24.150   -23.400   -22.630   -21.900   -21.210   -20.630
   -20.160   -19.690   -19.100   -18.440   -17.830   -17.220   -16.470   -15.550
   -14.600   -13.690   -12.720   -11.620   -10.420    -9.130    -7.700    -6.120
    -4.560    -3.190    -1.970     -.690      .750     2.280     3.850     5.510
     7.220     8.850    10.200    11.210    11.930    12.410    12.720    12.980
    13.430    14.190    15.170    16.110    16.850    17.490    18.300    19.470
    20.940    22.560    24.300    26.160    28.000    29.560    30.710    31.690
    32.780    34.000    35.050    35.710    36.010    36.120    36.060    35.740
    35.070    34.080    32.910    31.820    30.990    30.400    29.850    29.200
    28.600    28.320    28.420    28.730    28.980    29.000    28.710    28.050
    27.090    26.000    24.920    23.900    22.960    22.280    21.990    21.900
    21.610    20.900    19.940    19.120    18.680    18.580    18.660    18.850
    19.100    19.330    19.300    18.810    17.780    16.290    14.450    12.280
     9.820     7.220     4.710     2.380      .160    -1.960    -3.810    -5.200
    -6.380    -7.880   -10.030   -12.560   -14.910   -16.760   -18.240   -19.600
   -20.940   -22.110   -22.830   -22.990   -22.900   -23.160   -24.110   -25.450
   -26.720   -28.010   -29.820   -32.140   -34.260   -35.660   -36.720   -38.010
   -39.370   -40.170   -40.350   -40.430   -40.550   -40.230   -39.310   -38.320
   -37.720   -37.160   -36.160   -35.040   -34.470   -34.370   -33.940   -32.890
   -31.810   -31.250   -30.950   -30.320   -29.350   -28.500   -28.050   -27.840
   -27.620   -27.340   -26.980   -26.470   -25.700   -24.680   -23.480   -22.250
   -21.130   -20.220   -19.470   -18.740   -17.910   -17.020   -16.230   -15.600
   -14.930   -13.960   -12.700   -11.510   -10.680   -10.020    -9.030    -7.550
    -5.900    -4.490    -3.330    -2.220    -1.130     -.150      .810     1.910
     3.160     4.360     5.410     6.390     7.400     8.460     9.530    10.620
    11.790    13.170    14.830    16.660    18.280    19.360    19.870    19.990
    19.810    19.300    18.660    18.360    18.730    19.630    20.740    21.950
    23.190    24.020    23.790    22.380    20.400    18.620    17.250    16.100
    15.180    14.730    14.770    14.930    14.810    14.380    13.860    13.310
    12.690    12.190    12.110    12.490    13.030    13.520    14.070    14.780
    15.500    16.000    16.280    16.470    16.500    16.200    15.560    14.780
    13.970    13.040    11.910    10.640     9.380     8.110     6.780     5.390
     4.020     2.660     1.260     -.210    -1.680    -3.070    -4.300    -5.300
    -6.070    -6.730    -7.380    -8.030    -8.650    -9.310   -10.080   -10.910
   -11.660   -12.280   -12.830   -13.310   -13.600   -13.560   -13.220   -12.780
   -12.420   -12.230   -12.240   -12.450   -12.760   -13.020   -13.180   -13.310
   -13.450   -13.450   -13.200   -12.840   -12.640   -12.710   -12.900   -13.130
   -13.480   -14.110   -14.940   -15.680   -16.100   -16.130   -15.840   -15.380
   -14.960   -14.810   -14.950   -15.180   -15.250   -15.080   -14.690   -14.060
   -13.170   -12.070   -10.850    -9.540    -8.200    -7.020    -6.140    -5.520
    -4.910    -4.230    -3.660    -3.370    -3.220    -2.920    -2.310    -1.520
     -.660      .260     1.330     2.580     3.970     5.420     6.840     8.110
     9.110     9.850    10.470    11.080    11.750    12.510    13.430    14.510
    15.640    16.730    17.840    19.120    20.560    21.980    23.250    24.470
    25.820    27.310    28.780    30.050    31.040    31.770    32.300    32.710
    33.050    33.250    33.270    33.130    32.900    32.580    32.100    31.430
    30.650    29.830    28.960    28.020    27.060    26.210    25.490    24.860
    24.260    23.630    22.920    22.050    20.960    19.700    18.340    16.970
    15.650    14.380    13.110    11.720    10.250     8.810     7.550     6.500
     5.620     4.780     3.880     2.890     1.880      .940      .060     -.920
    -2.110    -3.420    -4.640    -5.720    -6.780    -7.920    -9.060   -10.060
   -10.820   -11.350   -11.700   -11.970   -12.200   -12.360   -12.410   -12.530
   -12.910   -13.480   -13.940   -14.240   -14.770   -15.840   -17.210   -18.340
   -19.180   -20.180   -21.460   -22.550   -23.060   -23.340   -23.990   -25.030
   -26.000   -26.760   -27.680   -29.020   -30.420   -31.380   -31.810   -31.930
   -31.820   -31.360   -30.510   -29.460   -28.390   -27.350   -26.350   -25.380
   -24.450   -23.570   -22.720   -21.800   -20.730   -19.580   -18.610   -18.030
   -17.710   -17.370   -16.880   -16.310   -15.690   -14.930   -14.010   -13.120
   -12.350   -11.670   -11.030   -10.560   -10.330   -10.190    -9.870    -9.330
    -8.760    -8.260    -7.760    -7.110    -6.380    -5.720    -5.160    -4.600
    -3.820    -2.680    -1.210      .420     2.060     3.710     5.400     7.030
     8.360     9.350    10.240    11.240    12.220    12.950    13.550    14.430
    15.760    17.230    18.440    19.310    20.070    20.780    21.280    21.490
    21.560    21.750    22.250    23.140    24.410    25.850    27.180    28.260
    29.220    30.090    30.690    30.750    30.320    29.680    29.020    28.230
    27.170    25.950    24.780    23.670    22.500    21.240    20.000    18.860
    17.840    16.970    16.360    15.940    15.490    14.850    14.120    13.480
    12.890    12.130    11.180    10.260     9.440     8.560     7.490     6.350
     5.380     4.550     3.660     2.600     1.580      .780      .130     -.620
    -1.530    -2.490    -3.380    -4.220    -5.110    -6.080    -7.090    -8.120
    -9.240   -10.460   -11.720   -12.960   -14.140   -15.250   -16.230   -17.060
   -17.810   -18.510   -19.070   -19.370   -19.470   -19.630   -19.900   -20.040
   -19.840   -19.450   -19.180   -19.030   -18.750   -18.220   -17.640   -17.220
   -16.830   -16.230   -15.430   -14.660   -14.010   -13.360   -12.670   -12.020
   -11.440   -10.750    -9.770    -8.550    -7.310    -6.190    -5.150    -4.070
    -2.960    -1.990    -1.300     -.910     -.660     -.370      .010      .410
      .830     1.350     2.030     2.790     3.470     4.050     4.630     5.280
     5.930     6.460     6.810     7.040     7.200     7.360     7.560     7.920
     8.480     9.190     9.950    10.690    11.410    12.150    12.920    13.610
    14.130    14.490    14.860    15.380    15.940    16.260    16.240    16.090
    16.020    15.940    15.630    15.120    14.690    14.530    14.510    14.460
    14.430    14.560    14.810    14.990    15.020    15.000    15.020    15.040
    14.980    14.810    14.560    14.300    14.060    13.880    13.700    13.400
    12.910    12.290    11.670    11.140    10.680    10.210     9.710     9.210
     8.780     8.450     8.120     7.580     6.750     5.690     4.540     3.400
     2.320     1.340      .500     -.180     -.690    -1.030    -1.270    -1.440
    -1.490    -1.410    -1.310    -1.380    -1.710    -2.130    -2.460    -2.770
    -3.260    -3.980    -4.690    -5.210    -5.590    -6.060    -6.680    -7.300
    -7.870    -8.520    -9.410   -10.470   -11.530   -12.470   -13.330   -14.180
   -15.010   -15.790   -16.520   -17.200   -17.840   -18.510   -19.170   -19.690
   -19.940   -20.000   -20.120   -20.390   -20.650   -20.790   -20.940   -21.280
   -21.710   -22.000   -22.080   -22.070   -22.000   -21.680   -21.110   -20.570
   -20.280   -20.110   -19.810   -19.380   -19.050   -18.910   -18.770   -18.500
   -18.210   -18.090   -18.090   -17.960   -17.620   -17.190   -16.800   -16.450
   -16.050   -15.600   -15.220   -14.920   -14.610   -14.180   -13.660   -13.160
   -12.690   -12.170   -11.520   -10.770    -9.920    -8.910    -7.790    -6.740
    -5.920    -5.230    -4.420    -3.390    -2.260    -1.190     -.190      .780
     1.720     2.570     3.320     3.960     4.520     5.050     5.590     6.110
     6.490     6.730     6.930     7.190     7.490     7.750     8.000     8.370
     8.920     9.580    10.260    10.940    11.640    12.260    12.740    13.090
    13.430    13.800    14.130    14.240    14.060    13.630    13.030    12.360
    11.660    10.930    10.130     9.260     8.440     7.740     7.080     6.310
     5.460     4.720     4.220     3.870     3.480     3.000     2.500     2.030
     1.590     1.170      .740      .200     -.490    -1.270    -2.070    -2.950
    -3.960    -4.910    -5.540    -5.850    -6.090    -6.400    -6.630    -6.570
    -6.270    -6.040    -5.990    -5.970    -5.780    -5.380    -4.890    -4.420
    -4.040    -3.740    -3.470    -3.200    -2.960    -2.740    -2.530    -2.290
    -2.050    -1.820    -1.510    -1.030     -.430      .080      .450      .780
     1.080     1.250     1.300     1.470     1.950     2.510     2.750     2.620
     2.530     2.830     3.390     3.880     4.190     4.580     5.190     5.890
     6.490     7.020     7.640     8.400     9.180     9.940    10.740    11.580
    12.350    12.920    13.330    13.740    14.200    14.560    14.640    14.380
    13.920    13.440    13.040    12.690    12.370    12.140    12.020    11.990
    11.980    11.930    11.860    11.810    11.720    11.430    10.860    10.090
     9.350     8.780     8.310     7.780     7.200     6.710     6.370     6.110
     5.820     5.550     5.330     5.120     4.790     4.380     4.020     3.730
     3.430     3.000     2.490     1.950     1.400      .800      .150     -.580
    -1.500    -2.670    -3.970    -5.210    -6.360    -7.590    -9.010   -10.490
   -11.810   -12.760   -13.340   -13.660   -13.910   -14.160   -14.250   -13.950
   -13.320   -12.680   -12.280   -11.940   -11.370   -10.590    -9.990    -9.770
    -9.720    -9.540    -9.260    -9.070    -8.970    -8.770    -8.380    -7.960
    -7.730    -7.750    -7.880    -7.940    -7.740    -7.230    -6.660    -6.420
    -6.700    -7.210    -7.530    -7.510    -7.350    -7.250    -7.180    -7.040
    -6.860    -6.700    -6.490    -6.060    -5.390    -4.710    -4.170    -3.620
    -2.800    -1.700     -.650      .060      .520     1.020     1.670     2.260
     2.620     2.820     3.060     3.440     3.880     4.290     4.680     5.010
     5.220     5.300     5.340     5.420     5.460     5.370     5.200     5.060
     4.930     4.730     4.410     4.120     3.970     3.870     3.680     3.400
     3.160     3.030     2.880     2.610     2.310     2.140     2.160     2.250
     2.310     2.360     2.430     2.530     2.580     2.530     2.390     2.140
     1.820     1.460     1.110      .770      .430      .060     -.340     -.720
    -1.010    -1.190    -1.300    -1.450    -1.720    -2.090    -2.460    -2.660
    -2.610    -2.390    -2.160    -2.000    -1.820    -1.490    -1.080     -.750
     -.570     -.420     -.220     -.090     -.130     -.250     -.330     -.420
     -.630     -.850     -.870     -.710     -.600     -.580     -.380      .160
      .760     1.080     1.180     1.450     2.000     2.620     3.190     3.830
     4.520     4.960     4.980     4.890     5.110     5.620     6.070     6.290
     6.460     6.770     7.180     7.580     8.000     8.500     8.960     9.220
     9.260     9.150     8.920     8.590     8.160     7.650     7.110     6.610
     6.250     6.010     5.780     5.540     5.450     5.690     6.110     6.450
     6.610     6.780     7.050     7.260     7.240     7.080     6.980     6.950
     6.830     6.520     6.150     5.850     5.520     5.020     4.470     4.070
     3.860     3.680     3.450     3.330     3.430     3.580     3.600     3.570
     3.620     3.670     3.520     3.120     2.670     2.280     1.820     1.100
      .150     -.800    -1.560    -2.000    -2.210    -2.450    -2.930    -3.540
    -3.930    -4.000    -4.130    -4.670    -5.430    -5.990    -6.300    -6.720
    -7.460    -8.330    -9.080    -9.810   -10.660   -11.520   -12.170   -12.620
   -13.130   -13.730   -14.260   -14.650   -15.020   -15.460   -15.840   -15.990
   -15.910   -15.710   -15.410   -14.970   -14.430   -13.900   -13.450   -13.110
   -12.890   -12.800   -12.780   -12.710   -12.530   -12.300   -12.060   -11.770
   -11.310   -10.650    -9.860    -9.030    -8.240    -7.480    -6.750    -6.060
    -5.430    -4.900    -4.430    -3.990    -3.510    -2.990    -2.420    -1.810
    -1.170     -.490      .210      .980     1.840     2.770     3.730     4.690
     5.710     6.820     7.930     8.940     9.870    10.840    11.950    13.080
    14.070    14.930    15.780    16.720    17.700    18.640    19.510    20.390
    21.350    22.360    23.380    24.280    24.990    25.580    26.170    26.800
    27.340    27.640    27.710    27.700    27.740    27.770    27.630    27.200
    26.530    25.780    25.010    24.160    23.080    21.840    20.660    19.740
    18.980    18.150    17.150    16.150    15.290    14.500    13.600    12.550
    11.540    10.750    10.230     9.860     9.530     9.080     8.420     7.620
     6.890     6.360     5.890     5.240     4.340     3.410     2.710     2.260
     1.890     1.480      .980      .390     -.370    -1.340    -2.430    -3.480
    -4.430    -5.420    -6.650    -8.130    -9.570   -10.670   -11.450   -12.290
   -13.490   -14.930   -16.220   -17.150   -17.940   -18.870   -19.930   -20.840
   -21.490   -22.080   -22.780   -23.490   -24.030   -24.500   -25.130   -25.800
   -26.070   -25.830   -25.560   -25.670   -25.890   -25.690   -25.100   -24.680
   -24.580   -24.330   -23.560   -22.690   -22.340   -22.380   -22.120   -21.340
   -20.560   -20.230   -20.120   -19.770   -19.120   -18.460   -17.950   -17.460
   -16.880   -16.240   -15.620   -15.050   -14.580   -14.180   -13.720   -13.070
   -12.290   -11.580   -11.060   -10.590   -10.000    -9.320    -8.640    -7.970
    -7.120    -5.930    -4.510    -3.180    -2.180    -1.350     -.350      .860
     2.010     2.900     3.650     4.450     5.230     5.760     6.080     6.440
     6.880     7.190     7.280     7.310     7.410     7.450     7.330     7.240
     7.410     7.770     8.020     8.050     7.930     7.770     7.480     7.010
     6.470     5.980     5.530     5.050     4.490     3.890     3.270     2.630
     1.990     1.400      .870      .440      .120     -.110     -.280     -.310
     -.090      .300      .500      .260     -.240     -.670     -.960    -1.370
    -2.010    -2.650    -3.050    -3.340    -3.790    -4.360    -4.720    -4.730
    -4.610    -4.640    -4.880    -5.190    -5.460    -5.680    -5.810    -5.810
    -5.720    -5.630    -5.520    -5.360    -5.220    -5.220    -5.330    -5.390
    -5.340    -5.300    -5.440    -5.640    -5.670    -5.430    -5.080    -4.800
    -4.570    -4.250    -3.800    -3.330    -2.910    -2.520    -2.050    -1.540
    -1.050     -.580     -.040      .680     1.510     2.320     3.050     3.790
     4.650     5.600     6.560     7.450     8.210     8.800     9.290     9.780
    10.270    10.610    10.730    10.800    10.980    11.150    10.990    10.450
     9.890     9.580     9.330     8.860     8.170     7.570     7.200     6.860
     6.360     5.810     5.430     5.280     5.200     5.080     4.880     4.630
     4.330     4.000     3.670     3.360     3.060     2.780     2.480     2.190
     1.960     1.870     1.840     1.740     1.520     1.380