-.350     -.220     -.150     -.240     -.250      .080      .650     1.030
      .980      .660      .440      .560      .980     1.490     1.810     1.810
     1.560     1.200      .760      .150     -.530     -.940     -.750     -.040
      .810     1.410     1.620     1.440      .940      .280     -.260     -.440
     -.200      .290      .840     1.430     2.120     2.820     3.120     2.700
     1.790     1.120     1.080     1.300     1.330     1.430     2.180     3.370
     3.880     3.020     1.450      .360      .080      .100      .250      .910
     2.110     3.110     3.300     2.960     2.660     2.460     2.180     2.140
     2.730     3.500     3.520     2.760     2.210     2.470     2.840     2.640
     2.430     3.070     4.140     4.330     3.410     2.580     2.540     2.360
     1.130     -.230     -.020     1.890     3.820     4.570     4.600     4.790
     4.900     4.110     2.570     1.370     1.180     1.550     1.640     1.310
     1.100     1.550     2.600     3.680     4.360     4.720     5.040     5.060
     4.140     2.360      .900      .960     2.280     3.520     3.830     3.460
     2.960     2.360     1.650     1.310     1.770     2.790     3.740     4.330
     4.640     4.670     4.430     4.230     4.420     4.650     4.200     2.960
     1.710     1.260     1.660     2.330     2.830     3.120     3.490     4.250
     5.250     5.840     5.460     4.440     3.560     3.060     2.360     1.220
      .520     1.220     3.110     4.810     5.270     4.450     2.990     1.590
      .810      .840     1.340     1.840     2.210     2.600     2.920     2.990
     3.110     3.730     4.440     4.030     2.140      .080     -.490      .540
     1.930     2.940     4.020     5.600     7.000     7.190     6.120     4.870
     4.350     4.410     4.130     3.140     2.160     2.300     3.920     6.180
     8.020     8.990     9.170     8.560     6.950     4.570     2.270     1.100
     1.520     3.160     4.980     5.960     5.740     4.840     3.980     3.340
     2.480     1.260      .330      .640     2.440     4.720     5.950     5.450
     4.090     3.320     3.340     2.930     1.500      .410     1.420     3.930
     5.310     4.180     2.080     1.160     1.340      .900     -.810    -2.420
    -2.450    -1.010      .680     1.810     2.630     4.020     6.530     9.560
    11.570    11.260     8.740     5.170     1.650    -1.190    -2.850    -3.030
    -2.040     -.390     1.870     4.740     7.090     7.180     4.780     1.700
     -.480    -2.140    -4.110    -5.210    -3.280     1.520     6.090     7.600
     6.270     4.040     1.840     -.760    -3.780    -6.100    -6.700    -5.750
    -4.080    -2.240     -.430     1.100     2.130     2.790     3.410     4.160
     4.900     5.310     4.790     2.680    -1.100    -5.330    -8.030    -7.860
    -5.010     -.740     3.550     6.450     6.730     4.300     1.100      .060
     2.430     6.370     8.830     8.520     6.580     4.390     1.780    -1.880
    -5.770    -7.840    -6.990    -4.230    -1.180     1.530     3.890     5.280
     4.860     2.920      .780    -1.030    -3.470    -7.350   -11.640   -14.040
   -13.190    -9.560    -4.770     -.660     1.290      .720     -.940    -1.590
     -.620      .400     -.460    -3.350    -6.600    -8.400    -8.500    -8.130
    -8.580    -9.570    -9.450    -7.230    -4.360    -3.590    -5.750    -8.740
   -10.070    -9.540    -8.610    -7.970    -7.010    -5.520    -4.390    -4.230
    -4.450    -4.280    -4.050    -4.530    -5.540    -5.980    -5.310    -4.330
    -4.200    -4.950    -5.740    -6.420    -7.950   -10.360   -11.100    -7.130
      .550     6.380     5.890      .880    -2.910    -2.920    -2.210    -4.370
    -8.820   -12.380   -13.590   -13.130   -11.410    -8.480    -5.760    -5.280
    -6.850    -7.780    -6.250    -3.140     -.250     1.830     3.180     3.400
     2.220      .040    -2.950    -7.260   -12.650   -17.260   -19.640   -20.560
   -21.320   -21.240   -19.000   -15.610   -13.520   -12.480    -9.040    -1.760
     5.560     7.710     4.070    -1.370    -5.110    -6.950    -8.020    -8.580
    -8.720    -9.250   -10.570   -11.750   -12.110   -12.520   -13.930   -15.090
   -13.740    -9.700    -5.190    -1.710     1.390     4.480     5.610     2.700
    -3.310    -9.010   -12.100   -13.230   -14.300   -15.690   -15.440   -10.770
    -1.320     8.720    13.160    10.210     5.120     3.950     5.730     4.360
    -1.930    -7.850    -9.470   -10.150   -13.980   -17.810   -16.000   -10.690
    -9.620   -13.560   -14.100    -6.800      .850      .360    -4.610    -3.660
     4.410     9.480     4.480    -5.670   -12.070   -13.210   -14.040   -17.520
   -21.850   -24.920   -27.610   -31.860   -37.560   -41.710   -40.430   -32.600
   -21.960   -14.510   -13.030   -15.490   -19.100   -23.080   -26.420   -26.030
   -20.740   -14.900   -14.360   -19.710   -26.800   -33.220   -39.570   -44.520
   -43.720   -36.270   -28.400   -27.590   -34.550   -43.980   -50.910   -53.490
   -51.130   -44.250   -36.060   -31.300   -31.640   -34.140   -34.620   -31.070
   -23.670   -13.980    -5.000      .130     1.410     2.590     6.930    13.020
    16.610    16.070    14.140    14.310    16.490    16.550     9.500    -6.570
   -28.060   -47.250   -57.810   -60.150   -60.950   -66.430   -76.400   -85.320
   -88.320   -85.050   -77.840   -68.410   -57.520   -47.060   -40.150   -38.460
   -40.540   -43.660   -46.640   -49.580   -51.180   -48.340   -39.770   -29.080
   -22.530   -23.360   -29.040   -34.750   -38.730   -43.770   -53.910   -70.540
   -91.740  -114.320  -135.390  -152.090  -161.340  -161.270  -153.220  -140.870
  -126.740  -110.210   -90.180   -68.780   -49.980   -33.860   -15.020    10.970
    40.380    63.830    76.780    84.690    96.320   113.730   131.120   141.770
   142.210   130.030   102.760    62.430    18.430   -18.980   -47.960   -73.860
   -97.610  -109.690   -98.950   -65.510   -21.530    20.300    56.230    89.940
   124.930   159.610   188.100   204.970   210.770   212.700   217.410   222.790
   219.540   202.360   176.610   152.140   134.000   122.380   118.210   122.700
   132.150   139.100   140.250   138.620   135.500   124.980   100.000    62.030
    21.730    -8.680   -22.700   -22.730   -19.220   -23.930   -39.440   -55.820
   -60.200   -48.340   -24.820     4.480    34.600    58.510    69.560    68.570
    63.860    62.410    65.020    70.350    77.440    81.700    75.020    54.960
    29.320     6.160   -17.600   -51.170   -95.310  -139.370  -172.670  -192.510
  -200.810  -199.590  -192.620  -185.640  -180.770  -174.020  -161.420  -144.280
  -125.110  -102.200   -73.100   -41.370   -14.510     3.650    14.330    18.490
    15.440     7.580     1.690     3.470    13.650    30.200    50.600    70.330
    83.470    88.040    88.170    87.640    83.900    72.410    55.260    40.840
    34.830    35.580    38.790    42.930    48.670    56.420    67.040    82.650
   103.820   127.520   149.960   170.620   191.270   211.990   230.400   244.520
   254.000   258.210   255.780   247.000   234.890   222.790   211.960   202.500
   195.250   191.230   189.940   189.480   188.210   185.580   182.030   179.050
   178.710   181.470   185.020   186.460   185.540   184.270   183.550   182.160
   179.240   175.560   171.580   166.340   159.670   153.520   149.120   144.350
   136.280   125.680   116.290   109.630   103.490    95.930    88.020    81.410
    75.390    68.590    61.920    57.270    54.390    51.380    48.020    45.950
    45.440    44.320    40.910    35.760    29.820    23.050    16.180    11.560
    10.320    10.120     7.960     4.060      .850    -1.550    -6.310   -16.180
   -30.740   -47.750   -65.780   -84.360  -102.510  -118.120  -129.010  -134.740
  -137.510  -140.590  -145.130  -149.460  -152.250  -155.160  -160.450  -167.270
  -173.020  -177.870  -184.820  -194.590  -203.840  -209.980  -214.790  -220.960
  -227.320  -230.620  -230.730  -230.630  -231.770  -232.710  -232.400  -231.490
  -229.740  -225.440  -218.800  -213.410  -212.140  -213.360  -213.450  -211.280
  -208.060  -203.980  -198.010  -190.680  -184.460  -180.950  -179.810  -180.870
  -185.060  -192.400  -200.540  -206.650  -209.530  -208.960  -204.400  -195.510
  -183.740  -171.670  -161.030  -152.020  -144.440  -138.170  -132.730  -127.220
  -121.230  -114.950  -108.310  -100.800   -92.490   -84.470   -77.760   -72.270
   -67.590   -64.340   -63.500   -64.400   -64.550   -62.240   -58.310   -54.100
   -48.470   -38.410   -23.160    -5.800    10.510    26.590    45.050    64.720
    80.460    89.830    97.270   108.580   123.260   135.580   143.010   148.930
   155.640   158.930   153.190   139.490   124.300   110.860    96.640    79.970
    64.770    55.580    51.240    47.410    43.940    45.400    54.080    66.390
    77.960    89.130   102.430   116.600   126.940   131.610   134.030   137.930
   142.670   145.580   146.710   148.690   152.840   158.450   165.550   174.920
   184.920   191.340   192.240   190.080   187.040   180.830   168.230   151.270
   135.940   125.370   117.740   110.840   104.600    97.740    85.720    65.140
    38.330    11.110   -12.850   -33.780   -53.250   -72.180   -90.320  -105.490
  -113.960  -113.870  -107.970  -101.030   -94.780   -87.830   -80.200   -74.960
   -74.280   -76.280   -77.540   -76.990   -75.950   -75.390   -75.000   -73.840
   -70.910   -65.730   -59.950   -57.350   -60.980   -70.570   -83.900   -99.960
  -118.900  -139.370  -158.070  -172.240  -181.190  -185.000  -183.620  -178.260
  -172.290  -169.110  -169.600  -172.510  -177.110  -183.900  -192.740  -201.790
  -209.040  -213.900  -216.590  -216.710  -213.730  -208.430  -202.600  -197.020
  -190.840  -183.050  -173.600  -162.460  -148.780  -132.010  -113.070   -93.270
   -72.620   -50.420   -27.350    -5.640    12.960    28.430    41.410    51.820
    59.030    62.520    61.840    56.290    45.350    29.890    12.780    -1.890
   -11.110   -14.970   -15.820   -14.990   -10.880    -1.420    12.530    27.720
    41.940    55.090    67.110    77.390    86.870    98.340   113.370   130.790
   149.500   170.420   193.520   214.990   230.380   239.280   243.910   244.330
   238.930   229.590   221.910   218.620   216.450   211.730   206.340   204.950
   208.300   212.830   216.020   219.010   223.420   228.580   232.600   234.440
   234.030   231.840   228.930   226.320   223.850   220.710   217.260   214.980
   214.280   213.790   212.570   211.410   210.930   210.190   208.460   206.960
   206.970   206.930   203.760   196.750   188.370   180.530   172.230   161.570
   148.800   136.030   124.620   114.520   105.660    98.470    92.760    87.090
    79.830    70.390    58.990    45.740    30.560    13.690    -3.910   -20.840
   -35.490   -46.470   -53.540   -58.390   -63.950   -72.120   -82.440   -93.490
  -105.020  -117.850  -131.910  -145.360  -155.940  -162.630  -165.700  -165.310
  -160.530  -150.100  -134.770  -118.440  -105.780   -98.650   -96.080   -97.350
  -102.960  -111.880  -120.560  -126.600  -131.250  -136.450  -141.730  -146.890
  -155.190  -169.980  -189.610  -209.440  -227.310  -242.530  -251.570  -251.400
  -246.280  -243.770  -243.250  -236.690  -222.570  -209.460  -201.610  -191.570
  -174.960  -162.380  -165.000  -175.600  -178.770  -175.760  -182.070  -199.860
  -210.890  -203.260  -188.880  -183.490  -182.570  -171.800  -153.090  -142.980
  -146.950  -150.850  -140.380  -117.130   -91.040   -67.260   -46.720   -32.430
   -27.140   -27.500   -25.960   -17.710    -3.490    12.370    24.670    30.480
    31.970    34.150    38.520    41.720    41.850    42.480    47.570    55.650
    62.600    67.810    73.420    78.930    81.140    79.160    75.870    73.630
    71.540    67.730    62.020    55.380    48.450    41.230    33.460    24.730
    15.410     7.210     1.730    -1.470    -4.090    -6.470    -7.110    -5.010
    -1.090     3.110     7.180    11.660    17.270    24.880    35.290    48.290
    62.530    77.040    92.180   108.210   123.710   136.460   145.570   151.660
   155.310   156.540   155.910   154.830   154.270   153.800   152.430   149.830
   146.240   141.870   137.070   132.710   129.720   128.220   127.520   126.920
   126.040   124.120   119.750   111.830   100.680    88.030    75.810    65.200
    56.670    50.370    45.900    42.060    37.230    30.640    22.860    15.150
     8.350     2.650    -1.950    -5.530    -8.540   -11.340   -13.690   -15.220
   -16.540   -19.020   -22.920   -26.730   -28.940   -29.860   -30.710   -31.410
   -30.710   -28.280   -25.370   -22.900   -20.290   -16.830   -13.340   -11.240
   -10.630   -10.430   -10.460   -12.000   -16.190   -22.680   -30.510   -39.460
   -49.810   -61.040   -71.460   -79.590   -85.350   -89.910   -94.470   -99.500
  -104.900  -110.700  -117.010  -123.360  -128.650  -132.290  -135.390  -139.960
  -146.760  -154.300  -160.580  -165.170  -169.080  -172.800  -175.440  -175.970
  -174.460  -171.750  -168.390  -164.440  -159.900  -154.720  -148.560  -140.950
  -131.740  -120.860  -108.150   -94.040   -80.560   -70.560   -65.240   -62.930
   -60.930   -58.150   -55.310   -53.130   -51.280   -49.370   -47.880   -47.460
   -47.850   -48.110   -47.720   -46.770   -45.210   -42.670   -39.110   -35.150
   -31.390   -27.660   -23.330   -18.030   -11.990    -5.540     1.230     8.380
    15.700    22.590    28.290    32.370    35.000    36.720    37.790    38.240
    38.340    38.800    40.230    42.620    45.740    49.610    54.420    59.980
    66.100    73.120    81.490    90.580    99.000   106.120   112.600   118.770
   123.400   125.160   124.560   123.450   122.520   120.860   117.920   114.720
   112.310   110.200   107.310   103.810   100.610    97.740    94.600    91.630
    90.360    91.520    94.200    97.400   101.240   106.110   111.700   117.580
   124.000   130.960   137.250   141.530   144.250   147.040   150.210   152.120
   151.290   148.120   143.830   138.820   132.900   126.540   120.830   116.280
   112.510   109.140   106.260   103.830   101.370    98.430    95.120    91.760
    88.420    85.100    82.000    79.130    75.840    71.350    65.640    59.670
    54.320    49.700    45.540    41.900    39.120    37.150    35.500    33.820
    32.090    30.140    27.480    23.870    19.670    15.450    11.270     6.960
     2.640    -1.260    -4.520    -7.150    -8.910    -9.500    -9.310    -9.400
   -10.520   -12.350   -14.110   -15.510   -16.660   -17.530   -18.030   -18.440
   -19.030   -19.390   -18.830   -17.670   -17.380   -19.050   -22.120   -25.240
   -28.070   -31.670   -37.090   -44.210   -51.900   -59.220   -65.980   -72.400
   -78.560   -84.110   -88.550   -91.730   -94.080   -96.150   -97.960   -98.960
   -98.740   -97.580   -96.200   -94.970   -93.670   -91.990   -90.250   -89.160
   -89.180   -90.000   -90.840   -91.180   -90.920   -90.150   -88.660   -85.860
   -81.320   -75.300   -68.890   -63.360   -59.360   -56.580   -54.210   -51.640
   -48.810   -45.900   -43.060   -40.300   -37.660   -35.340   -33.710   -33.020
   -32.980   -32.880   -32.220   -31.350   -30.970   -31.200   -31.420   -31.110
   -30.490   -30.030   -29.620   -28.630   -26.600   -23.650   -20.240   -16.860
   -13.940   -11.720   -10.150    -8.960    -7.920    -6.950    -6.010    -5.010
    -3.760    -1.940      .730     4.190     7.960    11.610    15.130    18.700
    22.230    25.620    29.280    33.830    39.140    44.270    48.630    52.730
    57.130    61.140    63.330    63.420    62.730    62.590    62.830    62.290
    60.490    58.030    55.640    53.200    50.080    46.030    41.530    37.230
    33.350    29.680    26.170    23.320    21.770    21.710    22.660    24.150
    26.230    29.130    32.700    36.220    39.020    40.930    42.160    42.870
    42.930    42.290    41.400    41.040    41.620    42.630    43.180    42.930
    42.400    41.970    41.150    39.190    36.260    33.340    31.070    29.150
    26.990    24.480    21.610    18.080    13.710     8.960     4.410     -.100
    -5.170   -10.810   -16.260   -21.060   -25.560   -30.030   -34.090   -37.230
   -39.470   -41.070   -41.830   -41.460   -40.300   -39.070   -37.970   -36.600
   -34.890   -33.490   -32.930   -32.880   -32.520   -31.460   -29.760   -27.490
   -24.630   -21.400   -18.430   -16.370   -15.570   -16.230   -18.500   -22.420
   -27.690   -33.790   -40.070   -45.930   -50.830   -54.490   -56.910   -58.340
   -59.160   -59.720   -60.110   -60.220   -59.860   -58.900   -57.270   -54.940
   -52.080   -49.400   -47.810   -47.790   -49.030   -50.830   -52.610   -54.040
   -54.800   -54.550   -53.340   -51.720   -50.300   -49.230   -48.300   -47.290
   -46.270   -45.320   -44.240   -42.630   -40.370   -37.790   -35.480   -33.680
   -32.200   -30.750   -29.400   -28.470   -28.130   -28.250   -28.750   -29.730
   -31.100   -32.300   -32.710   -32.350   -31.780   -31.240   -30.210   -27.990
   -24.620   -20.700   -16.600   -12.070    -6.990    -1.810     2.790     6.640
    10.060    13.180    15.620    16.870    16.760    15.360    12.690     8.890
     4.490      .340    -3.090    -5.890    -8.160    -9.700   -10.230    -9.870
    -8.980    -7.610    -5.370    -2.030     2.220     7.060    12.330    17.890
    23.340    28.250    32.390    35.640    37.810    38.760    38.540    37.180
    34.600    30.900    26.710    22.850    19.690    17.180    15.530    15.110
    15.880    17.170    18.620    20.680    23.870    27.890    31.940    35.800
    39.870    44.330    48.720    52.560    55.710    58.150    59.520    59.420
    57.740    54.600    50.090    44.420    38.030    31.550    25.610    20.820
    17.670    16.040    15.080    14.050    13.090    12.850    13.480    14.400
    15.160    16.000    17.210    18.520    19.390    19.730    19.890    20.130
    20.380    20.550    20.710    20.880    20.950    20.960    21.110    21.490
    21.980    22.530    23.300    24.290    25.100    25.210    24.550    23.430
    22.050    20.190    17.690    14.800    11.970     9.280     6.400     3.220
      .160    -2.290    -4.170    -5.950    -7.740    -9.090    -9.690    -9.950
   -10.530   -11.430   -12.040   -12.150   -12.290   -13.080   -14.480   -16.110
   -17.740   -19.250   -20.290   -20.670   -20.710   -20.940   -21.270   -21.200
   -20.710   -20.400   -20.620   -20.900   -20.660   -19.810   -18.620   -17.030
   -14.790   -12.000    -9.100    -6.450    -4.250    -2.740    -2.110    -2.250
    -2.920    -4.180    -6.190    -8.750   -11.380   -13.970   -16.850   -20.110
   -23.200   -25.700   -28.000   -30.780   -34.000   -36.960   -39.200   -40.980
   -42.470   -43.310   -43.020   -41.800   -40.160   -38.190   -35.470   -31.910
   -28.000   -24.210   -20.500   -16.780   -13.460   -10.990    -9.030    -6.690
    -3.740     -.810     1.450     3.180     4.730     5.970     6.470     6.300
     5.860     5.170     3.850     1.980      .320     -.610     -.980    -1.150
     -.980     -.040     1.590     3.540     5.680     8.160    10.740    12.730
    13.870    14.640    15.580    16.520    16.910    16.720    16.500    16.620
    16.780    16.460    15.580    14.440    13.170    11.630     9.860     8.250
     7.230     6.890     7.110     7.890     9.410    11.670    14.410    17.390
    20.700    24.420    28.330    31.930    34.950    37.520    39.960    42.340
    44.370    45.700    46.090    45.550    44.200    42.210    39.740    36.820
    33.380    29.440    25.220    21.120    17.430    14.150    11.200     8.530
     6.050     3.570      .970    -1.570    -3.820    -5.740    -7.370    -8.390
    -8.420    -7.560    -6.290    -4.710    -2.370      .770     3.860     6.130
     7.930    10.120    12.630    14.580    15.710    16.780    18.230    19.400
    19.470    18.680    17.740    16.640    14.870    12.450     9.930     7.390
     4.290      .510    -3.290    -6.500    -9.300   -12.060   -14.630   -16.730
   -18.550   -20.450   -22.240   -23.230   -23.140   -22.260   -20.970   -19.400
   -17.660   -16.050   -14.780   -13.710   -12.520   -10.940    -8.790    -6.020
    -2.820      .440     3.400     5.850     7.590     8.380     8.050     6.730
     4.830     2.860     1.070     -.640    -2.670    -5.160    -7.790   -10.060
   -11.770   -12.990   -13.680   -13.540   -12.520   -11.000    -9.240    -6.950
    -3.690      .400     4.510     7.960    10.720    13.190    15.610    17.890
    19.720    20.930    21.640    22.100    22.460    22.540    22.140    21.310
    20.400    19.540    18.510    17.020    15.300    13.890    13.090    12.590
    11.900    11.000    10.400    10.520    11.250    12.170    13.250    14.840
    17.050    19.340    21.050    22.140    23.110    24.200    25.000    25.070
    24.630    24.160    23.790    23.170    22.200    21.370    21.110    21.190
    20.920    20.020    18.880    18.010    17.390    16.670    15.700    14.790
    14.210    13.950    13.810    13.740    13.760    13.680    13.160    12.110
    10.690     9.000     6.860     4.090      .880    -2.340    -5.340    -8.160
   -10.920   -13.470   -15.570   -17.160   -18.410   -19.460   -20.320   -20.960
   -21.480   -22.070   -22.880   -23.890   -24.890   -25.800   -26.790   -28.090
   -29.730   -31.520   -33.240   -34.910   -36.590   -38.080   -39.060   -39.370
   -39.140   -38.600   -37.840   -36.870   -35.810   -34.970   -34.570   -34.570
   -34.780   -34.980   -35.130   -35.420   -36.100   -37.250   -38.680   -40.350
   -42.520   -45.440   -48.810   -51.930   -54.470   -56.740   -58.970   -60.830
   -61.910   -62.410   -62.840   -63.080   -62.440   -60.690   -58.400   -56.090
   -53.550   -50.430   -47.080   -44.180   -41.790   -39.390   -36.740   -34.120
   -31.620   -28.770   -25.350   -21.920   -19.090   -16.710   -14.170   -11.390
    -8.920    -7.150    -5.820    -4.490    -3.090    -1.720     -.340     1.150
     2.700     4.150     5.470     6.660     7.600     8.170     8.490     8.770
     9.070     9.260     9.380     9.670    10.210    10.800    11.380    12.240
    13.730    15.710    17.740    19.690    21.900    24.560    27.360    29.860
    32.180    34.740    37.650    40.390    42.530    44.180    45.690    47.130
    48.250    49.000    49.680    50.460    51.280    52.060    52.940    53.990
    55.020    55.810    56.490    57.410    58.620    59.770    60.480    60.580
    60.030    58.600    55.980    52.240    47.930    43.860    40.520    37.900
    35.570    33.070    30.090    26.590    22.760    18.920    15.240    11.710
     8.210     4.820     1.710    -1.050    -3.500    -5.660    -7.450    -8.770
    -9.650   -10.120   -10.250   -10.150    -9.890    -9.350    -8.380    -7.140
    -6.040    -5.190    -4.190    -2.870    -1.820    -1.700    -2.310    -2.920
    -3.490    -4.880    -7.580   -10.960   -14.180   -17.420   -21.420   -26.160
   -30.870   -35.240   -39.840   -44.960   -49.850   -53.610   -56.260   -58.320
   -59.800   -60.190   -59.540   -58.820   -58.840   -59.540   -60.280   -60.700
   -60.810   -60.630   -60.150   -59.540   -59.070   -58.890   -58.900   -58.900
   -58.630   -57.760   -56.040   -53.580   -50.650   -47.380   -43.710   -39.830
   -36.150   -32.940   -30.020   -27.180   -24.440   -21.960   -19.650   -17.240
   -14.660   -12.040    -9.500    -7.000    -4.560    -2.290     -.170     2.030
     4.440     6.920     9.250    11.420    13.560    15.710    17.800    19.900
    22.130    24.320    26.060    27.160    27.950    28.890    30.020    31.030
    31.730    32.250    32.720    33.110    33.500    34.170    35.280    36.550
    37.760    39.250    41.560    44.450    46.840    47.970    48.200    48.440
    49.050    49.710    50.280    51.110    52.510    54.240    55.910    57.450
    59.120    61.000    62.860    64.450    65.630    66.390    66.720    66.700
    66.480    66.200    65.950    65.770    65.750    66.040    66.660    67.290
    67.370    66.490    64.790    62.760    60.620    58.110    54.970    51.420
    47.930    44.600    41.210    37.650    34.120    30.710    27.180    23.380
    19.570    16.150    13.100    10.210     7.580     5.580     4.260     3.120
     1.860      .790      .330      .320      .130     -.440     -.980    -1.230
    -1.530    -2.350    -3.560    -4.720    -5.810    -7.360    -9.700   -12.450
   -14.930   -17.030   -19.240   -21.930   -24.840   -27.440   -29.520   -31.390
   -33.420   -35.710   -38.020   -40.150   -42.070   -43.960   -45.990   -48.210
   -50.500   -52.770   -55.110   -57.630   -60.300   -62.950   -65.500   -68.100
   -70.870   -73.680   -76.210   -78.290   -80.050   -81.680   -83.160   -84.270
   -84.810   -84.760   -84.170   -83.010   -81.150   -78.500   -75.020   -70.840
   -66.350   -62.240   -59.180   -57.350   -56.280   -55.280   -54.030   -52.630
   -51.150   -49.470   -47.590   -45.840   -44.570   -43.640   -42.580   -41.170
   -39.540   -37.740   -35.520   -32.810   -29.970   -27.250   -24.450   -21.270
   -18.010   -15.310   -13.320   -11.580    -9.680    -7.730    -5.930    -4.180
    -2.190      .060     2.490     5.080     7.790    10.400    12.870    15.460
    18.430    21.610    24.750    27.980    31.590    35.400    38.840    41.760
    44.600    47.510    49.900    51.170    51.670    52.170    52.850    53.110
    52.570    51.580    50.670    49.950    49.340    48.890    48.660    48.470
    48.200    48.080    48.360    48.880    49.190    49.160    49.140    49.500
    50.250    51.210    52.420    53.970    55.680    57.120    57.910    58.030
    57.730    57.260    56.720    56.090    55.330    54.450    53.490    52.500
    51.570    50.840    50.340    49.890    49.180    47.970    46.170    43.800
    40.900    37.640    34.250    30.840    27.310    23.660    20.160    17.040
    14.150    11.120     7.880     4.800     2.220      .050    -2.000    -3.920
    -5.490    -6.580    -7.280    -7.700    -7.910    -7.970    -7.980    -8.010
    -8.080    -8.240    -8.610    -9.290   -10.200   -11.250   -12.440   -13.850
   -15.620   -17.800   -20.250   -22.600   -24.540   -26.190   -27.990   -30.130
   -32.140   -33.420   -33.960   -34.380   -35.280   -36.730   -38.440   -40.180
   -41.890   -43.580   -45.230   -46.790   -48.150   -49.200   -49.960   -50.610
   -51.320   -52.080   -52.760   -53.340   -53.820   -54.190   -54.290   -54.020
   -53.320   -52.120   -50.470   -48.490   -46.300   -43.900   -41.250   -38.510
   -35.920   -33.470   -30.900   -28.050   -25.250   -22.900   -20.930   -18.870
   -16.510   -14.180   -12.220   -10.550    -8.840    -7.050    -5.420    -4.150
    -3.170    -2.370    -1.700    -1.190     -.820     -.630     -.580     -.450
     -.040      .520      .870      .970     1.230     1.930     2.790     3.380
     3.800     4.510     5.610     6.820     8.080     9.740    11.970    14.420
    16.740    19.070    21.630    24.200    26.390    28.250    30.140    32.050
    33.520    34.360    35.010    35.950    37.160    38.240    39.000    39.540
    40.040    40.610    41.250    41.790    41.970    41.710    41.270    40.890
    40.500    39.850    38.880    37.660    36.140    34.190    31.910    29.680
    27.600    25.390    22.770    19.870    17.060    14.470    11.890     9.180
     6.460     4.000     1.970      .440     -.590    -1.160    -1.400    -1.430
    -1.180     -.410      .900     2.450     3.840     4.860     5.620     6.210
     6.600     6.720     6.640     6.450     6.170     5.720     5.010     4.060
     2.800     1.150     -.940    -3.500    -6.630   -10.440   -14.830   -19.480
   -24.050   -28.240   -31.860   -34.900   -37.600   -40.210   -42.610   -44.430
   -45.520   -46.170   -46.720   -47.100   -47.190   -47.130   -47.220   -47.420
   -47.390   -47.020   -46.560   -46.160   -45.630   -44.810   -43.880   -43.040
   -42.200   -41.200   -40.100   -38.970   -37.510   -35.320   -32.630   -30.240
   -28.730   -27.950   -27.310   -26.560   -25.830   -25.270   -24.790   -24.260
   -23.700   -23.180   -22.690   -22.170   -21.620   -21.090   -20.510   -19.730
   -18.690   -17.560   -16.470   -15.300   -13.760   -11.740    -9.450    -7.110
    -4.810    -2.620     -.680      .980     2.590     4.440     6.470     8.420
    10.290    12.370    14.770    17.240    19.560    21.900    24.470    27.060
    29.330    31.310    33.360    35.540    37.620    39.580    41.770    44.280
    46.630    48.370    49.740    51.240    52.740    53.720    54.220    54.900
    56.010    56.880    56.820    56.240    56.100    56.510    56.590    55.720
    54.400    53.410    52.650    51.340    49.220    46.800    44.470    41.960
    38.960    36.010    34.100    33.610    34.050    34.750    35.490    36.320
    37.230    38.110    38.970    39.800    40.400    40.590    40.400    40.010
    39.530    39.050    38.720    38.540    38.150    37.130    35.580    34.010
    32.530    30.640    28.050    25.240    22.850    20.860    18.760    16.440
    14.300    12.520    10.750     8.820     7.150     6.050     5.060     3.400
     1.020    -1.430    -3.570    -5.690    -8.090   -10.540   -12.630   -14.400
   -16.120   -17.820   -19.330   -20.760   -22.480   -24.570   -26.710   -28.610
   -30.360   -32.180   -33.990   -35.610   -37.020   -38.350   -39.500   -40.310
   -40.880   -41.580   -42.480   -43.210   -43.490   -43.610   -43.960   -44.420
   -44.470   -43.960   -43.330   -43.040   -43.030   -42.980   -42.800   -42.650
   -42.590   -42.530   -42.490   -42.600   -42.910   -43.260   -43.470   -43.510
   -43.450   -43.420   -43.590   -43.980   -44.350   -44.350   -44.000   -43.680
   -43.660   -43.660   -43.270   -42.450   -41.460   -40.370   -38.980   -37.380
   -35.950   -34.850   -33.700   -32.040   -29.960   -27.860   -25.860   -23.680
   -21.180   -18.650   -16.400   -14.450   -12.610   -10.860    -9.340    -8.080
    -6.860    -5.480    -4.050    -2.900    -2.220    -1.790    -1.200     -.250
      .770     1.480     1.880     2.310     2.980     3.680     4.160     4.560
     5.190     6.030     6.690     7.050     7.480     8.340     9.480    10.490
    11.280    12.190    13.350    14.500    15.430    16.390    17.800    19.640
    21.470    22.900    23.950    24.840    25.640    26.370    27.030    27.510
    27.610    27.340    27.170    27.570    28.440    29.230    29.650    29.930
    30.390    30.870    31.070    31.040    31.080    31.170    30.970    30.300
    29.400    28.510    27.470    26.100    24.550    23.100    21.710    20.150
    18.480    16.990    15.730    14.370    12.790    11.400    10.560    10.020
     9.340     8.570     8.140     8.190     8.330     8.280     8.210     8.380
     8.680     8.830     8.750     8.520     8.170     7.670     7.060     6.380
     5.610     4.710     3.850     3.140     2.480     1.690      .790     -.110
    -1.060    -2.190    -3.370    -4.290    -5.010    -5.910    -7.130    -8.340
    -9.220    -9.950   -10.880   -11.910   -12.630   -12.920   -13.110   -13.450
   -13.830   -14.050   -14.230   -14.620   -15.190   -15.700   -16.000   -16.250
   -16.570   -16.920   -17.110   -17.130   -17.070   -16.960   -16.680   -16.120
   -15.330   -14.490   -13.620   -12.580   -11.310   -10.070    -9.190    -8.580
    -7.810    -6.650    -5.340    -4.260    -3.380    -2.430    -1.370     -.430
      .320     1.080     1.970     2.710     2.970     2.900     2.910     3.080
     3.110     2.800     2.450     2.440     2.750     3.030     3.080     2.970
     2.860     2.750     2.510     2.090     1.560     1.120      .930     1.100
     1.590     2.300     3.180     4.210     5.360     6.560     7.830     9.230
    10.700    12.070    13.230    14.230    15.140    15.880    16.340    16.530
    16.570    16.590    16.550    16.400    16.040    15.420    14.560    13.610
    12.730    11.950    11.220    10.500     9.740     8.890     7.910     6.930
     6.070     5.310     4.430     3.360     2.290     1.400      .630     -.090
     -.730    -1.190    -1.610    -2.160    -2.730    -3.020    -2.920    -2.670
    -2.460    -2.120    -1.420     -.480      .290      .690      .870     1.030
     1.240     1.380     1.290      .830      .010    -1.010    -2.080    -3.220
    -4.570    -6.090    -7.630    -9.130   -10.680   -12.240   -13.670   -14.910
   -16.040   -17.120   -17.990   -18.570   -19.000   -19.490   -19.990   -20.360
   -20.630   -20.980   -21.420   -21.780   -21.980   -22.120   -22.270   -22.370
   -22.320   -22.100   -21.700   -21.140   -20.520   -19.970   -19.410   -18.600
   -17.410   -16.100   -15.020   -14.260   -13.620   -13.020   -12.690   -12.890
   -13.590   -14.440   -15.160   -15.740   -16.420   -17.340   -18.360   -19.210
   -19.740   -20.030   -20.140   -20.060   -19.760   -19.270   -18.570   -17.490
   -15.960   -14.220   -12.560   -10.980    -9.260    -7.380    -5.590    -4.070
    -2.670    -1.240      .040      .950     1.570     2.150     2.740     3.180
     3.490     3.890     4.520     5.230     5.920     6.670     7.620     8.640
     9.570    10.390    11.170    11.890    12.530    13.210    13.990    14.730
    15.230    15.570    15.940    16.330    16.550    16.560    16.590    16.770
    16.940    16.990    17.060    17.350    17.890    18.620    19.490    20.430
    21.170    21.620    22.030    22.630    23.280    23.690    23.890    24.120
    24.360    24.370    24.110    23.930    23.980    23.910    23.480    22.920
    22.630    22.540    22.300    21.850    21.510    21.460    21.500    21.430
    21.360    21.370    21.330    21.100    20.800    20.620    20.480    20.100
    19.360    18.400    17.390    16.380    15.410    14.490    13.580    12.620
    11.650    10.800    10.170     9.750     9.490     9.440     9.660    10.040
    10.450    10.780    10.980    11.040    10.940    10.670    10.270     9.840
     9.500     9.350     9.330     9.220     8.920     8.460     7.970     7.440
     6.840     6.130     5.290     4.230     2.880     1.370     -.030    -1.170
    -2.130    -3.080    -4.110    -5.200    -6.280    -7.240    -8.040    -8.750
    -9.530   -10.380   -11.160   -11.710   -12.080   -12.330   -12.420   -12.280
   -11.950   -11.560   -11.160   -10.740   -10.350   -10.090    -9.900    -9.720
    -9.650    -9.880   -10.350   -10.790   -11.080   -11.420   -12.040   -12.860
   -13.710   -14.550   -15.390   -16.120   -16.690   -17.270   -18.060   -18.920
   -19.490   -19.670   -19.750   -19.960   -20.200   -20.290   -20.230   -20.120
   -19.940   -19.610   -19.180   -18.760   -18.450   -18.290   -18.300   -18.440
   -18.570   -18.610   -18.600   -18.570   -18.420   -18.060   -17.610   -17.190
   -16.650   -15.690   -14.320   -12.910   -11.740   -10.700    -9.590    -8.370
    -7.100    -5.750    -4.320    -3.000    -1.960    -1.120     -.270      .590
     1.290     1.830     2.380     2.960     3.300     3.230     2.990     2.880
     2.860     2.670     2.200     1.610     1.020      .450      .000     -.140
      .080      .430      .780     1.250     2.020     2.910     3.620     4.170
     4.850     5.830     7.000     8.140     9.200    10.210    11.120    11.880
    12.520    13.060    13.440    13.620    13.720    13.860    14.020    14.080
    14.010    13.940    13.890    13.710    13.270    12.610    11.910    11.160
    10.270     9.170     7.970     6.810     5.730     4.690     3.710     2.820
     2.050     1.340      .660      .030     -.500     -.900    -1.210    -1.500
    -1.830    -2.310    -2.980    -3.710    -4.270    -4.580    -4.740    -4.950
    -5.300    -5.700    -6.030    -6.280    -6.510    -6.790    -7.060    -7.220
    -7.230    -7.190    -7.190    -7.260    -7.360    -7.470    -7.570    -7.590
    -7.500    -7.450    -7.630    -8.030    -8.420    -8.680    -8.970    -9.450
   -10.000   -10.420   -10.810   -11.430   -12.230   -12.870   -13.270   -13.650
   -14.150   -14.450   -14.290   -13.890   -13.630   -13.420   -12.860   -11.910
   -11.070   -10.660   -10.440   -10.020    -9.450    -8.940    -8.480    -7.890
    -7.200    -6.660    -6.290    -5.850    -5.260    -4.800    -4.690    -4.770
    -4.660    -4.230    -3.620    -2.930    -2.110    -1.110      .040     1.290
     2.650     4.060     5.420     6.630     7.730     8.830    10.010    11.160
    12.150    12.850    13.310    13.650    13.970    14.240    14.340    14.110
    13.550    12.770    11.920    11.040    10.120     9.140     8.250     7.630
     7.370     7.400     7.660     8.200     9.040    10.110    11.250    12.360
    13.440    14.570    15.830    17.140    18.360    19.330    20.050    20.600
    20.970    21.070    20.900    20.620    20.380    20.100    19.710    19.240
    18.870    18.560    18.180    17.720    17.320    17.090    16.900    16.520
    15.820    14.750    13.430    12.120    11.060    10.180     9.150     7.770
     6.190     4.610     3.070     1.490     -.020    -1.200    -1.970    -2.420
    -2.660    -2.730    -2.630    -2.380    -2.100    -1.900    -1.850    -1.910
    -1.930    -1.890    -1.970    -2.400    -3.140    -3.880    -4.320    -4.410
    -4.490    -5.150    -6.730    -8.820   -10.460   -11.210   -11.640   -12.530
   -13.810   -14.750   -15.190   -15.710   -16.620   -17.440   -17.750   -17.930
   -18.410   -18.800   -18.570   -18.200   -18.870   -20.880   -23.160   -24.660
   -25.520   -26.460   -27.650   -28.650   -29.280   -29.810   -30.350   -30.620
   -30.330   -29.510   -28.310   -26.860   -25.230   -23.480   -21.540   -19.380
   -17.250   -15.540   -14.440   -13.750   -13.140   -12.430   -11.620   -10.950
   -10.650   -10.750   -10.970   -11.080   -11.260   -11.870   -12.830   -13.450
   -13.250   -12.530   -11.910   -11.490   -10.830    -9.650    -8.190    -6.780
    -5.430    -3.950    -2.390     -.950      .250     1.350     2.490     3.720
     4.930     6.060     7.120     8.170     9.210    10.250    11.310    12.470
    13.710    14.930    16.010    17.000    18.070    19.240    20.340    21.250
    22.020    22.760    23.430    24.030    24.730    25.650    26.610    27.290
    27.710    28.230    29.040    29.910    30.540    30.960    31.370    31.720
    31.900    31.950    32.100    32.280    32.180    31.690    31.080    30.620
    30.240    29.710    29.070    28.520    28.160    27.920    27.790    27.790
    27.780    27.590    27.300    27.180    27.280    27.300    27.010    26.550
    26.200    25.930    25.420    24.550    23.500    22.500    21.590    20.740
    19.960    19.250    18.500    17.600    16.530    15.440    14.460    13.700
    13.120    12.630    12.070    11.420    10.750    10.130     9.520     8.760
     7.790     6.680     5.550     4.440     3.260     2.000      .710     -.470
    -1.500    -2.490    -3.580    -4.790    -6.010    -7.200    -8.410    -9.640
   -10.750   -11.610   -12.270   -12.880   -13.470   -13.920   -14.180   -14.310
   -14.420   -14.570   -14.830   -15.300   -15.940   -16.630   -17.270   -17.950
   -18.670   -19.300   -19.690   -19.910   -20.140   -20.420   -20.670   -20.990
   -21.580   -22.490   -23.400   -23.960   -24.170   -24.240   -24.290   -24.300
   -24.240   -24.080   -23.730   -23.100   -22.260   -21.470   -20.830   -20.290
   -19.740   -19.260   -18.970   -18.860   -18.770   -18.600   -18.340   -18.030
   -17.680   -17.350   -17.100   -16.930   -16.720   -16.320   -15.790   -15.330
   -15.080   -14.980   -14.800   -14.430   -13.990   -13.600   -13.170   -12.600
   -12.010   -11.650   -11.460   -11.090   -10.340    -9.520    -9.100    -9.060
    -8.910    -8.310    -7.450    -6.760    -6.390    -6.170    -5.950    -5.720
    -5.550    -5.410    -5.190    -4.790    -4.240    -3.640    -3.150    -2.860
    -2.780    -2.800    -2.940    -3.260    -3.810    -4.470    -5.070    -5.560
    -6.080    -6.680    -7.220    -7.460    -7.390    -7.200    -7.070    -6.960
    -6.730    -6.380    -6.010    -5.640    -5.200    -4.680    -4.150    -3.670
    -3.220    -2.860    -2.770    -3.010    -3.420    -3.890    -4.480    -5.180
    -5.750    -5.980    -6.010    -6.190    -6.590    -6.920    -7.000    -7.000
    -7.120    -7.230    -7.110    -6.770    -6.500    -6.460    -6.500    -6.300
    -5.700    -4.820    -3.960    -3.320    -2.830    -2.240    -1.490     -.740
     -.090      .560     1.310     2.190     3.180     4.250     5.200     5.680
     5.740     5.930     6.670     7.550     7.810     7.300     6.610     6.280
     6.110     5.740     5.190     4.730     4.370     3.880     3.260     2.760
     2.490     2.350     2.210     2.140     2.220     2.440     2.750     3.170
     3.670     4.220     4.880     5.700     6.630     7.540     8.470     9.510
    10.590    11.530    12.310    13.170    14.150    14.990    15.550    16.100
    16.900    17.780    18.230    18.100    17.730    17.520    17.450    17.200
    16.520    15.400    13.960    12.400    10.920     9.530     8.040     6.390
     4.900     3.940     3.480     3.160     2.700     2.250     1.990     1.900
     1.880     1.990     2.440     3.240     4.110     4.820     5.310     5.620
     5.730     5.700     5.620     5.500     5.190     4.630     4.000     3.580
     3.300     2.900     2.240     1.510      .900      .360     -.260    -1.000
    -1.820    -2.770    -3.990    -5.410    -6.830    -8.100    -9.230   -10.290
   -11.270   -12.070   -12.710   -13.290   -13.860   -14.490   -15.180   -15.860
   -16.390   -16.640   -16.650   -16.460   -16.050   -15.350   -14.470   -13.650
   -12.990   -12.330   -11.530   -10.800   -10.530   -10.720   -10.850   -10.390
    -9.400    -8.380    -7.720    -7.390    -7.290    -7.420    -7.760    -8.130
    -8.390    -8.640    -8.970    -9.180    -9.010    -8.680    -8.710    -9.330
   -10.060   -10.410   -10.560   -11.080   -12.080   -13.010   -13.330   -13.030
   -12.480   -11.810   -10.880    -9.570    -7.930    -6.070    -4.060    -2.000
     -.030     1.850     3.700     5.470     7.000     8.180     9.100     9.910
    10.600    11.080    11.380    11.650    11.980    12.330    12.670    13.060
    13.630    14.340    15.050    15.600    16.010    16.350    16.700    17.040
    17.310    17.500    17.670    17.850    17.980    17.980    17.880    17.780
    17.740    17.670    17.500    17.240    16.990    16.860    16.890    17.070
    17.340    17.640    18.060    18.740    19.750    20.980    22.280    23.600
    24.950    26.260    27.350    28.040    28.230    27.960    27.370    26.620
    25.790    24.890    23.960    23.110    22.420    21.820    21.210    20.560
    19.910    19.210    18.370    17.370    16.310    15.200    13.980    12.750
    11.760    11.150    10.690    10.110     9.410     8.790     8.300     7.840
     7.400     7.230     7.470     8.000     8.580     9.140     9.740    10.240
    10.320     9.850     9.000     8.120     7.380     6.730     6.080     5.460
     4.900     4.220     3.160     1.580     -.390    -2.450    -4.330    -5.940
    -7.270    -8.430    -9.510   -10.490   -11.260   -11.720   -11.980   -12.130
   -12.190   -12.120   -12.080   -12.280   -12.760   -13.420   -14.210   -15.250
   -16.470   -17.520   -18.080   -18.210   -18.110   -17.760   -17.020   -16.040
   -15.210   -14.700   -14.250   -13.620   -13.050   -12.880   -13.160   -13.590
   -14.000   -14.440   -14.990   -15.550   -16.120   -16.830   -17.780   -18.880
   -20.010   -21.120   -22.170   -23.020   -23.570   -23.960   -24.360   -24.660
   -24.650   -24.250   -23.660   -23.050   -22.390   -21.650   -20.990   -20.510
   -20.080   -19.420   -18.470   -17.480   -16.690   -16.140   -15.710   -15.370
   -15.190   -15.150   -15.130   -15.000   -14.770   -14.430   -13.890   -13.110
   -12.250   -11.580   -11.120   -10.680   -10.070    -9.330    -8.510    -7.500
    -6.200    -4.840    -3.810    -3.280    -3.000    -2.680    -2.320    -2.030
    -1.790    -1.460     -.970     -.350      .380     1.260     2.260     3.250
     4.220     5.310     6.620     8.100     9.590    11.000    12.350    13.710
    15.100    16.480    17.700    18.690    19.540    20.380    21.180    21.710
    21.790    21.500    21.040    20.540    20.010    19.470    19.080    18.930
    18.910    18.850    18.810    19.090    19.860    20.810    21.510    21.970
    22.680    23.930    25.270    25.970    25.900    25.610    25.570    25.570
    25.220    24.620    24.210    24.090    23.900    23.370    22.690    22.100
    21.640    21.270    21.090    21.130    21.110    20.700    19.910    19.060
    18.300    17.360    15.920    14.010    12.010    10.170     8.420     6.570
     4.690     3.070     1.870      .920     -.030    -1.040    -1.980    -2.800
    -3.620    -4.440    -5.030    -5.210    -5.050    -4.810    -4.610    -4.480
    -4.540    -4.980    -5.890    -7.140    -8.570   -10.130   -11.820   -13.610
   -15.370   -16.920   -18.100   -18.880   -19.410   -19.870   -20.300   -20.660
   -20.960   -21.360   -21.920   -22.500   -22.860   -22.890   -22.700   -22.510
   -22.420   -22.440   -22.490   -22.510   -22.550   -22.730   -23.130   -23.740
   -24.550   -25.570   -26.770   -27.950   -28.770   -29.000   -28.710   -28.150
   -27.550   -26.930   -26.180   -25.310   -24.460   -23.770   -23.210   -22.650
   -22.050   -21.450   -20.790   -19.960   -18.920   -17.770   -16.650   -15.590
   -14.620   -13.750   -12.960   -12.200   -11.420   -10.580    -9.660    -8.620
    -7.590    -6.710    -5.970    -5.160    -4.240    -3.500    -3.110    -2.800
    -2.130    -1.140     -.230      .460     1.290     2.470     3.680     4.480
     4.840     4.930     4.700     4.000     3.140     2.780     3.320     4.650
     6.430     8.390    10.150    11.240    11.480    11.090    10.320     9.160
     7.740     6.640     6.450     7.180     8.330     9.560    10.890    12.200
    13.100    13.370    13.280    13.310    13.550    13.880    14.260    14.800
    15.520    16.270    16.930    17.470    17.820    17.880    17.700    17.450
    17.200    16.720    15.790    14.490    13.110    11.790    10.490     9.170
     7.880     6.660     5.470     4.250     3.060     2.080     1.430     1.110
      .990      .960      .970     1.040     1.080      .900      .440     -.060
     -.270     -.110      .160      .320      .390      .460      .490      .320
     -.070     -.530    -1.010    -1.520    -2.070    -2.560    -2.960    -3.410
    -4.090    -4.970    -5.880    -6.650    -7.290    -7.840    -8.240    -8.450
    -8.580    -8.880    -9.570   -10.620   -11.800   -12.800   -13.500   -13.960
   -14.230   -14.250   -13.950   -13.460   -13.090   -13.080   -13.340   -13.540
   -13.460   -13.160   -12.790   -12.360   -11.750   -10.850    -9.780    -8.730
    -7.810    -7.060    -6.520    -6.310    -6.370    -6.400    -6.160    -5.750
    -5.470    -5.440    -5.370    -4.970    -4.290    -3.560    -2.870    -2.120
    -1.260     -.400      .340      .930     1.400     1.720     1.940     2.270
     2.880     3.730     4.670     5.660     6.720     7.880     9.010     9.970
    10.680    11.190    11.700    12.370    13.210    14.050    14.750    15.370
    16.070    16.840    17.520    17.970    18.220    18.330    18.350    18.320
    18.290    18.260    18.170    18.030    17.920    17.820    17.630    17.330
    17.160    17.280    17.590    17.870    18.140    18.560    19.040    19.270
    19.200    19.110    19.130    18.950    18.300    17.390    16.650    16.110
    15.460    14.680    14.090    13.820    13.550    13.020    12.350    11.770
    11.180    10.370     9.420     8.630     8.010     7.290     6.360     5.420
     4.620     3.880     3.170     2.670     2.410     2.040     1.260      .230
     -.550     -.950    -1.300    -1.970    -2.930    -3.890    -4.740    -5.570
    -6.500    -7.510    -8.560    -9.670   -10.840   -11.960   -12.850   -13.510
   -14.110   -14.830   -15.590   -16.300   -16.970   -17.770   -18.710   -19.680
   -20.570   -21.320   -21.760   -21.640   -20.960   -20.090   -19.410   -18.830
   -18.120   -17.380   -17.020   -17.160   -17.440   -17.570   -17.640   -17.780
   -17.890   -17.770   -17.540   -17.510   -17.760   -18.050   -18.210   -18.310
   -18.410   -18.410   -18.230   -17.930   -17.590   -17.120   -16.480   -15.810
   -15.270   -14.830   -14.310   -13.680   -13.090   -12.580   -11.990   -11.160
   -10.160    -9.170    -8.210    -7.150    -5.950    -4.680    -3.400    -2.080
     -.730      .490     1.450     2.250     3.070     3.930     4.630     5.050
     5.390     5.940     6.740     7.570     8.220     8.690     9.020     9.180
     9.140     8.980     8.910     9.130     9.660    10.360    11.160    12.120
    13.310    14.590    15.590    16.020    16.090    16.220    16.560    16.790
    16.610    16.210    15.950    15.900    15.790    15.440    15.050    14.820
    14.670    14.350    13.860    13.380    13.080    12.980    13.030    13.250
    13.600    13.980    14.300    14.480    14.500    14.350    14.040    13.610
    13.050    12.400    11.740    11.150    10.560     9.830     8.950     8.030
     7.210     6.510     5.920     5.400     4.900     4.310     3.670     3.110
     2.630     1.990     1.100      .150     -.510     -.910    -1.310    -1.890
    -2.580    -3.270    -3.950    -4.590    -5.070    -5.370    -5.650    -6.010
    -6.300    -6.400    -6.460    -6.760    -7.250    -7.560    -7.550    -7.450
    -7.560    -7.840    -8.030    -8.030    -8.000    -8.170    -8.500    -8.840
    -9.120    -9.460    -9.970   -10.590   -11.090   -11.220   -10.860   -10.130
    -9.270    -8.540    -7.980    -7.500    -7.020    -6.620    -6.430    -6.340
    -6.140    -5.780    -5.490    -5.430    -5.360    -4.960    -4.220    -3.490
    -2.980    -2.580    -2.120    -1.640    -1.300    -1.120     -.900     -.510
      .050      .730     1.510     2.300     3.020     3.680     4.400     5.220
     6.030     6.630     6.940     7.030     7.050     7.150     7.370     7.590
     7.620     7.490     7.480     7.840     8.430     8.820     8.740     8.400
     8.250     8.480     8.870     9.140     9.290     9.490     9.860    10.380
    10.980    11.680    12.440    13.080    13.470    13.670    13.870    14.100
    14.320    14.500    14.590    14.420    13.790    12.770    11.740    11.010
    10.550    10.180     9.880     9.700     9.530     9.190     8.690     8.260
     8.010     7.760     7.330     6.790     6.370     6.120     5.980     5.940
     6.020     6.070     5.980     5.870     5.970     6.140     6.010     5.410
     4.660     4.090     3.620     3.050     2.380     1.760     1.080      .210
     -.660    -1.190    -1.490    -2.120    -3.300    -4.630    -5.620    -6.370
    -7.220    -8.210    -9.000    -9.480    -9.900   -10.450   -11.020   -11.460
   -11.850   -12.230   -12.480   -12.480   -12.360   -12.340   -12.470   -12.690
   -13.030   -13.560   -14.200   -14.710   -15.020   -15.290   -15.620   -15.920
   -16.070   -16.100   -16.090   -16.070   -16.020   -16.000   -16.100   -16.320
   -16.590   -16.910   -17.280   -17.630   -17.840   -17.980   -18.210   -18.500
   -18.580   -18.290   -17.880   -17.710   -17.820   -17.860   -17.550   -17.040
   -16.540   -16.080   -15.510   -14.860   -14.260   -13.710   -13.050   -12.260
   -11.510   -10.940   -10.400    -9.720    -8.900    -8.070    -7.300    -6.560
    -5.890    -5.340    -4.910    -4.490    -4.060    -3.670    -3.250    -2.680
    -2.000    -1.540    -1.530    -1.790    -1.870    -1.580    -1.140     -.840
     -.620     -.210      .490     1.300     2.020     2.660     3.300     3.900
     4.330     4.590     4.900     5.420     6.000     6.360     6.450     6.460
     6.520     6.510     6.270     5.920     5.720     5.730     5.690     5.360
     4.750     4.120     3.610     3.200     2.840     2.580     2.580     2.930
     3.540     4.120     4.450     4.540     4.610     4.820     5.040     5.000
     4.600     4.000     3.400     2.800     2.160     1.590     1.330     1.460
     1.780     2.000     2.010     1.890     1.690     1.400     1.090      .860
      .760      .710      .710      .820     1.040     1.220     1.260     1.270
     1.360     1.330      .850      .010     -.760    -1.090    -1.080    -1.060
    -1.140    -1.150     -.980     -.680     -.390     -.160      .000      .150
      .330      .540      .680      .740      .830     1.080     1.410     1.690
     1.890     2.180     2.590     2.980     3.270     3.590     4.120     4.820
     5.520     6.130     6.720     7.300     7.820     8.280     8.670     8.940
     8.980     8.790     8.540     8.300     8.000     7.560     7.070     6.670
     6.410     6.330     6.460     6.750     7.010     7.150     7.330     7.730
     8.250     8.550     8.540     8.440     8.490     8.650     8.730     8.740
     8.810     8.900     8.810     8.490     8.120     7.860     7.590     7.180
     6.670     6.280     6.080     5.900     5.560     5.120     4.710     4.390
     4.050     3.590     3.000     2.350     1.690     1.010      .240     -.690
    -1.700    -2.600    -3.220    -3.610    -3.940    -4.300    -4.590    -4.670
    -4.560    -4.350    -4.120    -3.830    -3.500    -3.150    -2.790    -2.450
    -2.220    -2.240    -2.520    -2.840    -3.060    -3.270    -3.660    -4.240
    -4.850    -5.400    -6.030    -6.860    -7.800    -8.620    -9.150    -9.440
    -9.600    -9.710    -9.810    -9.930   -10.000    -9.950    -9.760    -9.510
    -9.290    -9.050    -8.760    -8.430    -8.170    -7.940    -7.610    -7.110
    -6.550    -6.040    -5.530    -4.890    -4.140    -3.520    -3.140    -2.880
    -2.600    -2.300    -2.120    -2.120    -2.150    -2.050    -1.820    -1.600
    -1.540    -1.590    -1.580    -1.410    -1.160     -.960     -.830     -.720
     -.600     -.530     -.540     -.570     -.520     -.380     -.220      .010
      .370      .830     1.210     1.320     1.200     1.110     1.270     1.670
     2.080     2.350     2.530     2.740     3.020     3.330     3.640     3.930
     4.110     4.070     3.870     3.660     3.470     3.190     2.790     2.380
     2.130     1.990     1.800     1.490     1.140      .830      .550      .310
      .110     -.120     -.400     -.610     -.560     -.240      .130      .390
      .600      .910     1.260     1.460     1.420     1.240     1.020      .780
      .530      .350      .210     -.010     -.390     -.780     -.960     -.940
     -.920    -1.020    -1.120    -1.080     -.890     -.600     -.140      .570
     1.400     2.080     2.450     2.730     3.150     3.670     4.020     4.120
     4.140     4.200     4.250     4.150     3.970     3.890     4.010     4.270
     4.580     4.910     5.140     5.150     4.960     4.740     4.640     4.560
     4.330     4.030     3.880     3.940     3.980     3.790     3.490     3.400
     3.660     4.180     4.800     5.470     6.130     6.600     6.830     7.050
     7.500     8.110     8.490     8.430     8.150     7.940     7.800     7.490
     6.910     6.240     5.580     4.940     4.350     3.980     3.910     3.950
     3.890     3.760     3.830     4.180     4.620     4.910     4.970     4.870
     4.620     4.170     3.520     2.730     1.910     1.130      .420     -.140
     -.490     -.710    -1.020    -1.620    -2.390    -2.970    -3.110    -2.970
    -2.950    -3.190    -3.510    -3.750    -3.960    -4.210    -4.440    -4.580
    -4.760    -5.110    -5.570    -6.010    -6.420    -6.910    -7.460    -7.990
    -8.460    -8.910    -9.260    -9.350    -9.190    -8.930    -8.690    -8.370
    -7.910    -7.480    -7.320    -7.500    -7.870    -8.250    -8.600    -8.960
    -9.360    -9.790   -10.160   -10.350   -10.310   -10.110    -9.880    -9.660
    -9.370    -8.940    -8.390    -7.870    -7.530    -7.340    -7.110    -6.740
    -6.300    -5.950    -5.680    -5.330    -4.870    -4.470    -4.220    -3.920
    -3.360    -2.550    -1.690     -.850      .030      .940     1.750     2.470
     3.220     4.070     4.940     5.780     6.690     7.710     8.680     9.480
    10.130    10.730    11.170    11.370    11.520    11.890    12.480    13.050
    13.500    13.970    14.470    14.770    14.750    14.680    14.890    15.340
    15.750    15.990    16.160    16.260    16.180    15.890    15.640    15.550
    15.470    15.240    15.010    15.040    15.320    15.520    15.450    15.270
    15.220    15.290    15.300    15.210    15.130    15.140    15.120    14.980
    14.800    14.670    14.490    14.060    13.420    12.800    12.260    11.650
    10.910    10.230     9.770     9.300     8.540     7.580     6.780     6.170
     5.320     3.940     2.430     1.340      .750      .160     -.780    -1.930
    -2.920    -3.610    -4.180    -4.780    -5.450    -6.130    -6.800    -7.450
    -8.070    -8.680    -9.270    -9.860   -10.400   -10.850   -11.180   -11.400
   -11.560   -11.740   -12.030   -12.380   -12.730   -13.030   -13.350   -13.760
   -14.200   -14.530   -14.800   -15.130   -15.570   -15.940   -16.140   -16.310
   -16.610   -16.940   -17.090   -17.100   -17.300   -17.840   -18.450   -18.810
   -19.010   -19.280   -19.570   -19.540   -19.070   -18.520   -18.330   -18.440
   -18.410   -18.020   -17.480   -17.120   -16.880   -16.370   -15.390   -14.180
   -13.170   -12.520   -11.950   -11.210   -10.310    -9.400    -8.530    -7.590
    -6.610    -5.740    -5.080    -4.530    -4.030    -3.610    -3.340    -3.140
    -2.850    -2.510    -2.350    -2.420    -2.480    -2.260    -1.850    -1.620
    -1.750    -1.990    -2.050    -1.890    -1.710    -1.550    -1.310     -.910
     -.470     -.120      .200      .560      .960     1.350     1.760     2.190
     2.540     2.670     2.590     2.390     2.180     2.060     2.140     2.390
     2.610     2.730     2.920     3.310     3.640     3.510     3.020     2.700
     2.830     3.110     3.060     2.660     2.190     1.830     1.510     1.240
     1.040      .750      .120     -.750    -1.430    -1.640    -1.630    -1.800
    -2.110    -2.310    -2.320    -2.350    -2.520    -2.650    -2.580    -2.340
    -2.140    -2.140    -2.350    -2.710    -3.110    -3.430    -3.640    -3.830
    -4.050    -4.270    -4.370    -4.270    -4.020    -3.700    -3.420    -3.210
    -3.040    -2.820    -2.550    -2.250    -1.940    -1.520     -.970     -.370
      .160      .680     1.260     1.840     2.280     2.620     2.980     3.360
     3.550     3.620     3.860     4.380     4.770     4.620     4.150     3.900
     4.010     4.040     3.740     3.400     3.410     3.640     3.720     3.560
     3.470     3.550     3.600     3.470     3.380     3.610     4.100     4.600
     5.000     5.360     5.720     5.980     6.130     6.340     6.650     6.840
     6.720     6.450     6.280     6.170     5.880     5.440     5.160     5.150
     5.070     4.600     3.920     3.540     3.520     3.460     3.020     2.370
     1.910     1.710     1.560     1.290      .870      .360     -.090     -.280