.080      .340      .570      .590      .360      .050     -.060      .240
      .820     1.270     1.400     1.440     1.530     1.340      .550     -.330
     -.430      .360     1.210     1.620     1.990     2.690     3.060     2.130
      .100    -1.630    -1.900     -.710     1.140     2.760     3.530     3.370
     2.700     1.940      .960     -.370    -1.220     -.520     1.530     3.360
     3.910     3.510     2.780     1.580     -.020     -.890     -.200     1.170
     1.780     1.800     2.290     2.940     2.270      .510     -.020     1.820
     3.970     4.060     2.730     2.300     2.990     2.920     1.580      .860
     2.050     3.660     3.780     2.940     2.880     3.530     3.080     1.160
     -.150      .790     2.820     3.610     2.770     1.950     2.260     2.840
     2.500     1.720     1.890     3.020     3.360     1.740     -.590    -1.290
      .130     1.920     2.660     3.100     4.490     5.910     5.120     1.950
     -.590      .210     3.220     4.860     3.480     1.050      .250     1.410
     2.880     3.520     3.470     3.070     2.270     1.300     1.030     2.040
     3.900     5.560     6.300     6.020     5.040     3.960     3.350     3.150
     2.760     1.880     1.190     1.530     2.790     3.990     4.380     3.960
     3.220     2.730     2.900     3.410     3.170     1.540     -.360     -.760
      .540     1.830     1.860     1.510     2.500     4.880     6.860     6.700
     4.210      .900    -1.010     -.140     2.780     5.400     6.050     5.300
     4.610     4.400     4.010     3.220     2.360     1.380      .190     -.410
      .690     2.930     4.370     4.350     4.340     5.440     6.350     5.170
     2.290      .140      .270     2.060     3.900     4.760     4.580     4.270
     5.300     8.160    10.990    10.910     7.260     2.620      .230      .850
     2.810     4.420     5.430     6.050     5.710     3.690      .540    -1.960
    -2.630    -2.200    -2.100    -2.410    -1.660     1.210     5.350     8.630
     9.050     5.990      .880    -2.980    -2.870      .460     3.480     4.580
     6.340    11.270    16.340    15.210     6.510    -2.990    -5.610    -1.350
     2.940     2.490     -.310     -.260     3.570     7.260     7.830     6.930
     7.670     9.630     9.160     4.580    -1.150    -4.080    -3.840    -2.890
    -2.410    -1.110     1.930     5.550     8.140     9.070     7.600     2.460
    -5.660   -12.640   -14.060    -9.600    -2.940     2.400     5.500     6.640
     5.580     2.330    -1.700    -4.600    -5.560    -5.140    -4.160    -3.050
    -1.760      .190     3.340     7.100     9.580     9.320     7.190     5.470
     4.920     3.900     1.360     -.590     1.100     5.410     7.200     3.150
    -3.660    -7.230    -5.560    -1.780     1.170     3.880     7.280     9.260
     7.110     2.160    -1.090     -.450     1.630     1.670     -.580    -2.820
    -3.790    -4.740    -7.100    -9.810    -9.530    -4.010     5.110    13.070
    15.940    13.090     6.390    -1.880    -9.470   -14.260   -15.640   -15.240
   -14.650   -12.780    -7.180     1.630     9.030    10.330     5.120    -2.600
    -7.430    -6.090      .320     6.530     7.480     3.520     -.210     -.300
     1.020     -.350    -4.510    -7.560    -6.170     -.770     4.970     6.260
      .480    -9.360   -15.670   -13.430    -5.980    -1.190    -2.620    -7.120
   -10.560   -12.450   -13.830   -13.930   -11.050    -5.190     1.370     5.610
     5.430     1.410    -3.060    -4.730    -3.960    -3.650    -4.630    -4.250
     -.340     5.440     9.350     8.860     3.450    -5.660   -14.830   -19.040
   -16.220    -9.990    -6.820   -10.320   -18.540   -25.590   -25.680   -17.650
    -7.170    -2.300    -5.650   -11.870   -13.790    -9.140     -.740     7.050
    10.490     8.380     4.180     3.270     5.270     2.750    -8.560   -22.000
   -27.710   -25.380   -22.340   -20.600   -14.590    -3.120     5.190     3.380
    -3.630    -6.680    -5.820    -8.450   -15.710   -18.950   -11.690      .550
     6.240      .950    -8.850   -14.010   -11.610    -5.790    -1.780     -.890
    -1.350    -2.050    -3.720    -6.270    -7.410    -5.190     -.750     2.940
     3.650      .230    -8.050   -19.800   -30.080   -33.570   -29.380   -20.930
   -10.980      .680    13.760    24.000    25.340    15.820      .980    -9.530
   -10.220    -4.690     -.410      .470     1.350     2.270    -2.540   -14.520
   -24.500   -23.530   -15.920   -12.790   -14.810   -11.410     1.020    10.500
     5.000   -10.020   -17.600   -10.650     -.160    -1.010   -14.710   -29.160
   -33.870   -31.170   -29.940   -31.390   -27.640   -16.330    -8.570   -14.370
   -25.760   -26.100   -14.810    -8.880   -16.890   -25.810   -21.840   -11.530
    -9.780   -15.940   -17.010    -9.770    -3.940    -4.420    -5.820    -7.080
   -15.810   -32.090   -41.490   -34.160   -20.830   -18.640   -28.190   -36.560
   -38.440   -41.260   -49.900   -58.460   -60.200   -56.160   -49.880   -40.520
   -26.220   -10.000     2.210     7.440     7.540     7.740    14.020    28.190
    43.970    51.660    48.660    42.200    39.810    40.500    36.920    22.850
    -3.260   -37.340   -69.320   -88.480   -94.200   -98.410  -112.260  -132.220
  -144.550  -142.250  -132.640  -127.940  -132.530  -140.080  -139.810  -125.610
  -102.070   -82.150   -75.170   -75.930   -68.930   -45.040   -11.010    19.030
    38.240    50.210    60.530    70.010    75.220    71.070    52.870    20.710
   -16.520   -45.760   -61.900   -72.560   -87.800  -107.360  -122.510  -128.840
  -130.890  -132.350  -127.650  -108.700   -77.970   -48.300   -28.550   -14.460
     3.580    28.080    54.080    77.890   100.180   121.770   142.090   161.250
   176.800   177.430   148.770    90.700    23.460   -29.100   -58.290   -68.730
   -65.500   -52.920   -40.520   -36.330   -33.010   -13.480    24.560    60.580
    74.980    72.530    73.440    87.620   108.430   127.390   142.480   151.690
   151.010   143.460   140.370   146.730   152.070   144.090   126.930   116.870
   120.960   128.260   123.120    99.660    61.270    14.090   -33.740   -72.140
   -96.300  -111.880  -126.940  -139.700  -140.930  -128.200  -110.570   -96.780
   -85.370   -70.710   -53.350   -39.070   -30.600   -25.990   -23.450   -22.140
   -17.830    -2.810    27.620    69.440   111.110   140.290   152.090   152.040
   147.960   137.320   108.220    57.560     2.510   -34.800   -51.110   -61.000
   -73.440   -81.720   -79.170   -72.240   -70.350   -71.590   -67.880   -58.480
   -49.280   -42.640   -37.430   -36.110   -42.370   -52.310   -55.800   -46.150
   -22.060    16.250    62.860   101.030   116.250   116.450   125.540   151.610
   175.010   176.570   165.010   162.820   173.560   180.010   172.030   159.390
   153.690   152.270   148.010   144.470   150.850   167.180   184.580   198.600
   213.010   228.320   233.640   215.950   175.660   129.300    95.380    78.910
    70.690    60.370    47.260    37.430    33.630    32.730    32.550    35.730
    43.760    51.050    49.110    36.230    19.830     9.610    10.440    21.090
    36.420    50.340    59.620    66.260    74.600    85.330    94.190    97.740
    97.940    98.680    99.070    93.820    80.840    65.180    53.410    46.140
    39.340    31.800    27.120    27.750    30.900    33.200    35.740    40.780
    45.680    45.900    43.660    47.360    59.680    71.730    73.860    68.280
    65.230    68.740    73.310    74.650    76.140    81.630    88.060    90.030
    87.830    85.130    81.410    72.770    60.070    49.820    45.420    41.740
    31.360    13.070    -7.930   -26.100   -39.280   -48.210   -55.310   -63.380
   -73.210   -82.850   -91.150  -101.880  -121.780  -153.570  -192.490  -230.520
  -262.830  -288.920  -309.050  -321.710  -324.960  -318.340  -302.240  -276.060
  -239.060  -194.210  -150.400  -118.430  -102.640   -96.740   -90.290   -80.670
   -76.660   -87.610  -109.860  -128.170  -132.080  -126.160  -120.020  -112.710
   -95.430   -69.610   -51.450   -52.540   -63.730   -68.190   -66.130   -73.500
   -94.780  -110.770  -101.760   -73.650   -49.110   -37.360   -26.000    -4.170
    19.360    28.130    19.890     7.100     -.730    -5.720   -12.730   -20.620
   -26.100   -30.530   -37.440   -45.460   -49.140   -47.090   -45.410   -51.030
   -63.480   -75.060   -78.560   -73.230   -63.560   -53.760   -44.480   -33.530
   -18.490     1.230    23.780    45.800    63.820    74.830    76.200    67.240
    51.780    37.120    28.010    22.670    17.070    11.420     8.330     5.370
    -4.470   -22.060   -37.140   -39.340   -31.200   -24.560   -25.270   -27.380
   -23.060   -12.230      .030    10.270    17.100    18.400    13.200     5.350
      .880     1.090     1.480    -1.830    -6.620    -6.570     2.590    19.370
    37.610    50.890    57.040    59.190    62.050    67.410    73.620    78.100
    77.890    68.800    47.970    19.070    -7.650   -23.110   -25.490   -17.190
      .380    23.850    41.520    38.130     9.810   -29.970   -63.830   -86.890
  -105.410  -122.320  -131.800  -129.110  -118.820  -108.950  -101.470   -93.420
   -84.700   -79.230   -79.410   -84.230   -92.730  -104.340  -115.040  -118.380
  -112.660  -103.150   -94.890   -86.950   -77.130   -68.570   -66.470   -69.830
   -71.780   -68.560   -63.670   -62.400   -65.860   -71.850   -77.340   -77.680
   -66.840   -42.730   -10.930    20.040    46.310    68.640    85.380    89.570
    74.880    42.620     1.950   -35.160   -58.780   -64.630   -56.230   -42.250
   -28.550   -13.260     7.540    29.980    43.320    42.760    37.180    39.220
    50.300    61.160    66.870    74.260    91.120   114.080   133.110   144.760
   153.680   161.280   160.180   142.950   111.370    73.620    35.880      .990
   -27.710   -46.690   -56.370   -60.360   -59.630   -51.120   -33.710   -12.410
     6.050    19.780    31.940    45.440    59.670    72.060    81.130    87.920
    95.340   105.630   117.830   128.200   133.840   135.390   135.300   134.610
   132.870   130.280   127.850   125.430   121.630   116.050   110.190   105.780
   103.370   103.560   107.820   116.630   127.160   133.900   132.210   121.410
   105.150    88.910    76.200    66.290    55.840    42.980    29.330    17.760
     9.410     4.120     3.090     8.780    21.630    37.890    51.680    58.870
    58.920    53.860    46.280    37.910    29.260    20.430    12.020     5.070
     -.170    -4.580    -9.230   -14.050   -17.950   -19.610   -18.020   -12.860
    -5.220     2.080     5.620     3.480    -3.880   -14.630   -27.300   -41.860
   -59.210   -79.910  -102.920  -125.500  -144.580  -158.670  -168.550  -176.020
  -181.820  -184.730  -182.350  -172.400  -153.150  -124.090   -87.890   -51.640
   -23.750    -7.910     -.490     4.680     9.410    10.090     3.270    -9.530
   -23.050   -32.580   -35.870   -32.520   -23.460   -11.060     1.460    11.400
    17.160    18.060    14.240     6.800    -2.930   -14.350   -27.410   -40.830
   -50.970   -53.680   -48.090   -38.090   -28.640   -20.610   -10.810     1.890
    12.670    15.540    10.760     4.210    -1.150    -8.840   -21.630   -34.200
   -37.550   -30.060   -19.450   -12.660    -7.640     2.300    17.910    31.240
    33.840    25.640    14.300     6.200     -.640   -13.420   -34.180   -54.290
   -62.060   -55.730   -46.080   -44.710   -51.760   -58.010   -57.240   -52.370
   -48.740   -45.810   -39.050   -28.060   -18.500   -14.900   -14.490   -10.330
      .700    15.080    27.120    33.970    36.070    34.790    31.610    28.570
    27.450    28.160    28.980    28.610    26.980    23.770    17.700     8.490
    -1.550    -9.450   -14.770   -19.400   -24.150   -27.090   -25.820   -20.300
   -12.310    -2.960     7.990    20.160    31.240    38.450    41.130    41.160
    41.130    42.460    45.100    48.360    51.770    55.340    59.390    63.930
    68.220    71.050    71.840    71.100    69.860    68.720    67.820    67.110
    66.040    63.180    57.060    47.570    35.970    23.450    10.590    -1.570
   -11.000   -16.250   -18.190   -19.300   -21.430   -25.040   -30.050   -36.240
   -42.460   -46.990   -49.270   -50.820   -53.530   -57.530   -61.160   -62.960
   -62.970   -62.270   -61.930   -62.190   -62.390   -61.700   -60.380   -59.910
   -61.250   -63.050   -62.780   -59.830   -56.680   -56.350   -59.420   -64.290
   -69.420   -73.960   -76.610   -75.610   -70.770   -64.430   -59.560   -57.140
   -55.980   -54.580   -52.110   -47.960   -41.530   -32.970   -23.420   -14.010
    -5.180     2.600     7.800     8.560     4.690    -1.720    -7.810   -11.740
   -12.840   -10.950    -6.600    -1.610     1.510     1.430    -1.280    -5.480
   -11.010   -18.260   -26.860   -35.520   -43.150   -49.200   -53.190   -54.600
   -53.520   -50.590   -46.040   -39.490   -30.950   -21.240   -11.200    -1.270
     7.640    13.900    17.060    19.310    23.470    29.730    35.570    38.960
    40.320    41.100    41.750    41.890    40.850    37.310    29.470    17.310
     4.070    -5.850   -10.560   -11.240    -9.470    -5.570      .230     6.680
    12.510    17.600    22.390    26.870    31.120    36.270    43.450    51.830
    58.760    62.230    62.560    61.360    59.520    56.650    52.100    45.740
    37.990    29.440    20.550    11.500     2.440    -5.910   -12.230   -15.340
   -14.990   -11.700    -5.900     2.200    11.900    21.770    30.270    36.520
    40.440    42.490    43.480    43.970    43.380    39.800    31.480    18.520
     3.140   -11.900   -24.630   -34.280   -40.970   -45.250   -47.310   -46.300
   -41.010   -31.510   -19.890    -8.780      .730     9.210    17.390    25.150
    31.910    37.450    41.810    44.940    46.480    46.180    44.210    41.510
    39.570    39.480    41.080    43.290    45.260    47.020    48.670    49.670
    49.270    47.270    44.010    39.920    35.670    32.510    31.570    32.650
    34.280    35.350    36.180    37.600    39.510    40.930    41.160    40.260
    38.410    35.640    32.310    29.280    27.330    26.710    27.350    29.150
    31.730    34.140    35.500    35.760    35.460    34.780    33.130    29.860
    25.180    20.030    15.350    11.490     8.350     6.000     4.850     5.180
     6.620     8.400    10.000    11.330    12.320    12.840    13.320    14.880
    18.340    23.370    28.920    34.330    39.120    42.060    41.640    37.870
    32.980    29.170    26.250    22.060    15.200     6.600    -1.570    -7.880
   -12.400   -15.750   -17.840   -17.680   -14.500    -9.330    -4.710    -2.420
    -1.840    -1.180     -.070     -.010    -2.020    -5.070    -7.280    -7.800
    -7.030    -5.730    -4.890    -5.680    -8.290   -11.170   -12.560   -12.770
   -13.660   -15.790   -17.330   -16.510   -13.920   -11.320    -8.970    -5.580
     -.650     4.470     8.070     9.720     9.930     8.970     6.670     3.280
     -.250    -2.780    -3.650    -2.810     -.730     1.820     3.990     5.090
     4.720     2.760     -.460    -4.220    -7.640   -10.060   -11.270   -11.320
   -10.380    -8.850    -7.650    -7.870    -9.880   -12.720   -15.180   -17.440
   -20.900   -26.090   -31.280   -34.060   -34.030   -32.950   -32.290   -31.770
   -30.460   -28.460   -26.500   -24.750   -22.720   -20.050   -16.700   -12.440
    -7.140    -1.320     4.140     8.710    11.940    12.760    10.090     4.550
    -1.460    -5.890    -8.840   -11.630   -14.670   -16.880   -17.120   -15.500
   -13.230   -11.520   -10.730   -10.360    -9.620    -8.240    -6.350    -3.790
     -.080     4.410     7.960     8.910     7.530     5.770     5.120     5.470
     6.230     7.500     9.540    11.660    12.690    12.370    11.610    11.130
    10.510     8.900     6.200     3.270      .960     -.510    -1.570    -2.580
    -3.330    -3.120    -1.470     1.250     3.910     5.650     6.400     6.550
     6.160     4.710     1.370    -4.510   -13.100   -23.520   -33.740   -41.360
   -45.180   -45.860   -45.100   -44.030   -42.750   -40.970   -38.730   -36.300
   -33.790   -31.090   -28.210   -25.450   -23.130   -21.210   -19.220   -16.620
   -13.290    -9.610    -5.990    -2.320     1.970     7.300    13.380    19.110
    22.800    22.890    19.020    12.690     6.420     1.930     -.670    -1.930
    -1.960     -.690     1.300     3.120     4.590     6.130     7.660     8.590
     9.000    10.080    12.640    15.990    18.810    20.730    22.100    22.580
    20.940    16.450     9.740     2.060    -5.720   -13.110   -19.670   -25.180
   -29.810   -33.780   -37.060   -39.560   -41.440   -42.840   -43.690   -44.060
   -44.670   -46.430   -49.430   -52.710   -55.010   -55.680   -54.920   -53.400
   -51.710   -50.040   -48.240   -46.400   -44.990   -44.180   -43.300   -41.280
   -37.810   -33.520   -29.040   -24.400   -19.430   -14.170    -8.550    -2.050
     5.440    12.900    18.770    22.510    24.750    25.880    25.260    22.140
    16.790    10.040     2.240    -6.590   -15.470   -22.570   -26.680   -28.130
   -27.800   -25.810   -21.810   -16.040    -9.510    -3.110     2.700     7.590
    11.310    14.120    16.450    18.180    18.640    17.600    15.760    13.820
    11.480     8.120     3.850     -.490    -4.500    -8.430   -12.350   -15.500
   -16.920   -16.310   -14.040   -10.720    -6.840    -2.730     1.580     6.190
    10.860    14.960    18.130    20.860    23.850    27.160    30.170    32.430
    34.140    35.660    36.850    37.180    36.110    33.270    28.530    22.090
    14.720     7.700     2.280     -.940    -2.390    -3.220    -4.410    -5.950
    -6.990    -6.810    -5.370    -3.090     -.390     2.320     4.510     5.890
     6.920     8.330    10.200    11.560    11.420     9.910     8.240     7.560
     7.900     8.560     9.310    10.780    13.550    17.130    20.120    21.560
    21.580    20.730    19.020    16.160    12.520     9.220     7.030     5.640
     4.370     3.240     2.930     3.760     5.290     6.910     8.560    10.530
    12.770    14.800    16.260    17.270    18.140    18.710    18.350    16.420
    12.770     7.740     1.880    -4.090    -9.300   -12.820   -14.000   -12.930
   -10.460    -7.810    -6.010    -5.380    -5.520    -5.830    -6.070    -6.510
    -7.320    -8.060    -7.820    -6.090    -3.230     -.150     2.450     4.280
     5.270     5.600     5.780     6.230     6.620     5.910     3.600      .480
    -2.100    -3.740    -5.090    -6.700    -8.340    -9.790   -11.480   -14.030
   -17.160   -20.000   -22.220   -24.310   -26.630   -28.600   -29.280   -28.370
   -26.290   -23.610   -20.570   -17.280   -13.900   -10.500    -7.000    -3.420
     -.110     2.320     3.460     3.360     2.530     1.590     1.060     1.260
     2.330     4.060     5.650     5.880     4.060      .810    -2.120    -3.240
    -2.490    -1.050      .120     1.340     3.710     7.700    12.590    17.340
    21.610    25.610    29.210    31.660    32.360    31.550    30.020    28.240
    26.100    23.310    19.920    16.420    13.430    11.130     8.980     6.090
     2.090    -2.480    -6.730   -10.130   -12.620   -14.240   -14.950   -14.820
   -13.960   -12.380   -10.040    -7.230    -4.490    -2.190     -.380      .980
     2.000     3.120     5.120     8.380    12.430    16.190    18.620    19.180
    18.120    16.390    14.930    13.800    12.250     9.810     6.850     3.860
      .490    -3.870    -8.770   -12.780   -14.920   -15.580   -15.880   -16.530
   -17.630   -18.940   -19.890   -19.680   -17.870   -14.670   -10.570    -5.680
      .020     5.990    11.240    15.030    17.340    18.500    18.920    19.140
    19.650    20.410    20.740    20.070    18.600    16.990    15.650    14.470
    13.280    12.090    10.940     9.880     9.180     9.310    10.290    11.330
    11.310     9.830     7.420     4.860     2.510      .420    -1.180    -1.780
    -1.020      .990     3.830     7.020    10.010    12.300    13.750    14.630
    15.230    15.500    15.140    14.160    12.970    12.110    11.740    11.570
    11.060     9.710     7.260     3.840     -.130    -4.000    -7.130    -9.100
   -10.050   -10.630   -11.540   -12.850   -13.960   -14.290   -13.740   -12.480
   -10.390    -7.000    -2.050     4.070    10.490    16.400    21.250    24.720
    26.650    27.230    26.960    26.340    25.510    24.380    22.780    20.790
    18.730    16.960    15.510    13.940    11.770     9.200     7.080     5.840
     4.940     3.630     2.110      .990     -.010    -1.820    -4.140    -5.110
    -3.550     -.800     1.110     2.320     4.820     9.240    13.620    15.790
    15.740    14.780    13.460    11.670     9.900     8.950     8.480     7.170
     4.490     1.500     -.480    -1.170     -.960     -.390     -.310    -1.540
    -3.800    -5.450    -5.240    -3.820    -2.610    -1.920     -.920      .570
     1.610     1.550      .930      .410     -.280    -1.730    -3.830    -6.100
    -8.730   -12.280   -16.450   -19.920   -21.730   -22.190   -22.240   -22.270
   -22.180   -22.110   -22.560   -23.670   -25.000   -26.250   -27.760   -29.940
   -32.470   -34.530   -35.920   -37.220   -38.820   -40.220   -40.730   -40.460
   -40.020   -39.250   -37.010   -32.530   -26.650   -21.180   -17.150   -14.180
   -11.540    -9.120    -7.360    -6.370    -5.790    -5.300    -5.020    -5.340
    -6.470    -8.270   -10.320   -12.130   -13.280   -13.500   -12.880   -11.830
   -11.080   -11.170   -12.140   -13.500   -14.750   -15.760   -16.690   -17.440
   -17.670   -17.130   -15.920   -14.230   -12.060    -9.280    -6.010    -2.720
      .120     2.320     4.000     5.200     5.800     5.840     5.760     6.190
     7.330     8.500     8.720     7.610     5.740     4.030     2.950     2.570
     2.890     3.940     5.450     6.930     8.050     8.830     9.220     8.830
     7.470     5.690     4.420     4.120     4.350     4.380     3.840     2.850
     1.720      .750      .280      .500     1.200     1.860     2.050     1.860
     1.710     1.870     2.100     1.990     1.430      .780      .460      .480
      .610      .740      .940     1.010      .350    -1.390    -3.560    -4.850
    -4.330    -2.180      .740     3.830     7.060    10.540    14.010    16.990
    19.170    20.590    21.430    21.810    21.710    21.000    19.410    16.740
    13.170     9.260     5.510     2.080    -1.160    -4.270    -7.150    -9.810
   -12.380   -14.900   -17.310   -19.670   -22.260   -25.250   -28.380   -31.110
   -33.120   -34.400   -34.890   -34.440   -32.990   -30.830   -28.340   -25.620
   -22.490   -18.930   -15.430   -12.760   -11.360   -10.890   -10.600   -10.000
    -9.200    -8.370    -7.430    -6.240    -5.090    -4.630    -5.110    -6.110
    -6.950    -7.380    -7.560    -7.600    -7.420    -6.850    -5.710    -3.840
    -1.260     1.690     4.510     6.890     8.810    10.290    11.240    11.650
    11.860    12.340    13.280    14.420    15.340    15.780    15.790    15.540
    15.170    14.730    14.020    12.760    10.770     8.260     5.700     3.490
     1.810      .850      .830     1.710     3.050     4.220     4.920     5.230
     5.300     5.260     5.510     6.610     8.780    11.580    14.320    16.610
    18.460    19.950    21.110    22.020    22.760    23.260    23.450    23.400
    23.280    23.110    22.950    23.010    23.370    23.500    22.520    20.310
    17.890    16.440    16.110    16.150    15.970    15.590    15.170    14.520
    13.450    12.110    10.860     9.920     9.390     9.350     9.710     9.950
     9.350     7.640     5.130     2.360     -.340    -2.820    -4.870    -6.190
    -6.510    -5.870    -4.520    -2.820     -.860     1.530     4.520     7.840
    10.850    12.930    13.970    14.370    14.510    14.400    13.760    12.510
    10.980     9.750     9.220     9.500    10.510    11.990    13.560    14.850
    15.770    16.370    16.460    15.640    13.740    11.190     8.730     6.760
     5.260     4.110     3.430     3.350     3.700     4.100     4.170     3.840
     3.430     3.430     4.120     5.160     5.840     5.670     4.760     3.520
     2.100      .490    -1.160    -2.570    -3.740    -5.110    -7.090    -9.550
   -12.100   -14.470   -16.680   -18.740   -20.500   -21.820   -22.670   -23.040
   -22.900   -22.270   -21.320   -20.280   -19.330   -18.600   -18.120   -17.840
   -17.590   -17.320   -17.150   -17.210   -17.380   -17.310   -16.890   -16.450
   -16.450   -16.940   -17.380   -17.310   -16.850   -16.650   -17.200   -18.290
   -19.320   -19.790   -19.500   -18.500   -16.930   -15.050   -13.120   -11.280
    -9.600    -8.130    -6.830    -5.450    -3.640    -1.420      .840     2.760
     4.210     5.120     5.330     4.810     4.000     3.510     3.510     3.640
     3.550     3.250     2.950     2.740     2.660     2.890     3.540     4.320
     4.760     4.710     4.480     4.330     4.070     3.320     2.060      .730
     -.250     -.820    -1.070     -.950     -.320      .730     1.810     2.540
     2.860     2.820     2.360     1.430      .340     -.360     -.350      .070
      .400      .440      .400      .580     1.010     1.460     1.600     1.300
      .680     -.030     -.700    -1.290    -1.650    -1.580    -1.200    -1.070
    -1.600    -2.550    -3.220    -3.290    -3.070    -2.910    -2.750    -2.420
    -2.090    -2.070    -2.290    -2.340    -1.990    -1.400     -.800     -.140
      .620     1.320     1.920     2.730     4.080     5.800     7.310     8.270
     8.860     9.360     9.680     9.510     8.750     7.610     6.400     5.420
     4.870     4.760     4.760     4.460     3.670     2.460     1.020     -.510
    -1.960    -3.090    -3.710    -3.730    -3.220    -2.330    -1.310     -.410
      .240      .650      .870      .940     1.010     1.390     2.340     3.750
     5.130     6.050     6.480     6.730     7.020     7.330     7.470     7.300
     6.810     5.940     4.640     3.010     1.420      .320     -.040      .320
     1.330     2.950     4.940     6.820     8.080     8.590     8.540     8.080
     7.260     6.170     5.060     4.100     3.240     2.330     1.430      .830
      .700     1.010     1.620     2.470     3.470     4.440     5.150     5.300
     4.610     2.780     -.140    -3.670    -7.060    -9.660   -11.210   -11.750
   -11.490   -10.680    -9.540    -8.250    -6.860    -5.350    -3.660    -1.820
     -.040     1.380     2.280     2.840     3.280     3.640     3.860     4.000
     4.200     4.450     4.550     4.390     4.160     4.020     3.820     3.260
     2.350     1.380      .650      .190     -.150     -.470     -.700     -.670
     -.370     -.140     -.520    -1.660    -2.980    -3.780    -3.880    -3.640
    -3.280    -2.720    -1.980    -1.500    -1.670    -2.350    -3.160    -3.990
    -4.990    -6.200    -7.430    -8.530    -9.420    -9.960    -9.990    -9.640
    -9.190    -8.700    -7.900    -6.630    -5.130    -3.790    -2.720    -1.880
    -1.290     -.920     -.480      .330     1.390     2.250     2.730     3.130
     3.780     4.570     5.010     4.790     3.940     2.600      .810    -1.410
    -3.980    -6.740    -9.540   -12.190   -14.460   -16.300   -17.810   -19.050
   -19.710   -19.440   -18.240   -16.630   -15.110   -13.610   -11.600    -8.870
    -5.960    -3.700    -2.520    -2.090    -1.830    -1.390     -.770     -.110
      .470      .990     1.530     2.230     2.970     3.220     2.400      .470
    -1.860    -3.880    -5.510    -7.270    -9.400   -11.410   -12.550   -12.700
   -12.370   -12.150   -12.050   -11.680   -10.830    -9.730    -8.750    -7.970
    -7.170    -6.160    -4.930    -3.620    -2.420    -1.530     -.960     -.450
      .230      .880      .840     -.260    -2.060    -3.780    -5.040    -6.000
    -6.820    -7.330    -7.400    -7.270    -7.210    -7.130    -6.690    -5.830
    -4.840    -4.010    -3.340    -2.760    -2.140    -1.300      .000     1.820
     3.870     5.810     7.510     8.990    10.240    11.240    11.980    12.490
    12.770    12.870    12.940    13.070    13.130    12.880    12.240    11.340
    10.400     9.620     9.200     9.310     9.880    10.660    11.430    12.110
    12.600    12.700    12.390    12.030    11.970    12.240    12.620    13.110
    13.960    15.300    16.870    18.410    19.940    21.560    23.130    24.310
    24.990    25.420    25.980    26.830    27.870    28.730    28.950    28.300
    26.970    25.320    23.600    21.790    19.860    17.800    15.580    13.050
    10.230     7.330     4.610     2.100     -.240    -2.450    -4.410    -5.920
    -6.740    -6.790    -6.290    -5.610    -4.950    -4.150    -3.080    -2.080
    -1.630    -1.770    -2.040    -2.050    -2.000    -2.340    -3.140    -3.890
    -4.000    -3.420    -2.690    -2.400    -2.710    -3.190    -3.310    -2.960
    -2.460    -1.980    -1.190      .370     2.580     4.720     6.270     7.510
     8.950    10.460    11.300    11.180    10.650    10.410    10.290     9.690
     8.680     8.130     8.690     9.930    10.860    10.990    10.420     9.360
     7.920     6.290     4.710     3.160     1.390     -.610    -2.520    -4.060
    -5.360    -6.590    -7.540    -7.850    -7.500    -6.880    -6.350    -6.030
    -5.830    -5.600    -5.150    -4.340    -3.150    -1.800     -.590      .180
      .350      .000     -.520     -.880    -1.160    -1.830    -3.050    -4.330
    -5.090    -5.500    -6.360    -8.150   -10.350   -12.000   -12.840   -13.530
   -14.800   -16.500   -17.740   -17.930   -17.450   -17.250   -17.890   -19.070
   -20.080   -20.490   -20.370   -19.940   -19.300   -18.460   -17.460   -16.430
   -15.450   -14.600   -13.900   -13.320   -12.790   -12.230   -11.680   -11.340
   -11.360   -11.740   -12.230   -12.450   -12.240   -11.840   -11.660   -11.820
   -12.070   -12.150   -12.180   -12.430   -12.930   -13.420   -13.700   -13.750
   -13.650   -13.410   -13.060   -12.610   -11.900   -10.720    -9.260    -8.050
    -7.360    -6.790    -5.760    -4.290    -2.940    -2.090    -1.520     -.770
      .210     1.090     1.630     1.890     2.120     2.410     2.640     2.580
     2.100     1.310      .540      .040     -.120     -.070      .140      .580
     1.440     2.770     4.390     5.940     7.140     7.960     8.500     8.930
     9.330     9.710     9.950     9.830     9.240     8.340     7.430     6.480
     5.160     3.310     1.300     -.380    -1.690    -2.960    -4.390    -5.670
    -6.430    -6.680    -6.840    -7.170    -7.420    -7.060    -5.840    -4.090
    -2.440    -1.270     -.420      .440     1.380     2.150     2.560     2.740
     2.920     3.160     3.400     3.610     3.890     4.210     4.460     4.670
     5.130     6.100     7.320     8.220     8.460     8.260     8.100     8.250
     8.660     9.240     9.950    10.740    11.490    12.140    12.770    13.390
    13.810    13.800    13.370    12.820    12.430    12.210    11.910    11.260
    10.270     9.260     8.530     8.040     7.330     6.030     4.290     2.720
     1.730     1.210      .770      .250     -.220     -.510     -.720     -.990
    -1.150     -.770      .310     1.680     2.680     3.120     3.430     4.080
     5.100     6.130     7.030     7.950     9.010    10.020    10.720    10.930
    10.550     9.460     7.850     6.210     5.010     4.270     3.770     3.370
     3.040     2.650     2.030     1.250      .580      .020     -.820    -2.130
    -3.490    -4.300    -4.490    -4.500    -4.710    -5.000    -5.190    -5.320
    -5.510    -5.640    -5.460    -4.930    -4.230    -3.480    -2.690    -1.940
    -1.540    -1.700    -2.330    -3.150    -3.930    -4.580    -4.960    -4.950
    -4.560    -3.980    -3.430    -3.020    -2.840    -2.940    -3.230    -3.480
    -3.540    -3.450    -3.300    -3.030    -2.550    -2.010    -1.750    -1.940
    -2.460    -3.050    -3.470    -3.620    -3.560    -3.530    -3.800    -4.350
    -4.780    -4.770    -4.380    -3.890    -3.400    -2.710    -1.630     -.230
     1.150     2.170     2.650     2.680     2.490     2.220     1.820     1.230
      .580      .100     -.160     -.420     -.920    -1.750    -2.850    -4.070
    -5.180    -5.970    -6.450    -6.890    -7.430    -7.930    -8.200    -8.390
    -8.830    -9.590   -10.350   -10.870   -11.300   -11.910   -12.620   -13.070
   -13.030   -12.620   -12.060   -11.500   -11.000   -10.580   -10.230    -9.900
    -9.580    -9.290    -8.950    -8.400    -7.650    -6.930    -6.440    -6.170
    -5.970    -5.760    -5.640    -5.670    -5.860    -6.110    -6.370    -6.630
    -6.900    -7.130    -7.220    -7.140    -7.030    -7.010    -6.990    -6.720
    -6.070    -5.210    -4.330    -3.410    -2.320    -1.120     -.020      .830
     1.450     1.980     2.490     2.940     3.210     3.150     2.710     2.040
     1.350      .690      .010     -.640    -1.020     -.970     -.560      .020
      .610     1.190     1.760     2.380     3.150     4.040     4.850     5.370
     5.540     5.500     5.460     5.610     6.080     6.830     7.590     8.120
     8.340     8.290     7.960     7.440     6.990     6.890     7.210     7.690
     8.150     8.580     8.950     9.070     8.710     7.970     7.230     6.850
     6.860     7.080     7.390     7.740     8.090     8.210     7.840     6.970
     5.920     5.040     4.430     4.080     4.050     4.440     5.030     5.400
     5.390     5.350     5.670     6.370     7.150     7.870     8.610     9.410
    10.110    10.650    11.100    11.490    11.670    11.480    10.940    10.150
     9.260     8.450     7.880     7.590     7.380     7.120     6.900     6.890
     7.110     7.510     8.070     8.790     9.520    10.030    10.240    10.220
    10.000     9.610     9.280     9.330     9.870    10.650    11.380    12.060
    12.810    13.610    14.190    14.340    14.010    13.370    12.670    12.110
    11.690    11.080     9.980     8.340     6.450     4.660     3.190     2.140
     1.450      .930      .340     -.380    -1.120    -1.790    -2.380    -2.870
    -3.110    -3.020    -2.720    -2.400    -2.200    -2.200    -2.500    -3.070
    -3.770    -4.390    -4.930    -5.530    -6.320    -7.230    -8.140    -8.940
    -9.630   -10.300   -11.090   -12.010   -12.720   -12.850   -12.390   -11.750
   -11.330   -11.090   -10.710   -10.040    -9.280    -8.710    -8.300    -7.790
    -7.020    -6.080    -5.250    -4.590    -3.950    -3.190    -2.440    -2.020
    -2.110    -2.540    -3.060    -3.520    -3.990    -4.570    -5.280    -6.070
    -6.890    -7.700    -8.410    -8.850    -8.860    -8.460    -7.910    -7.390
    -6.810    -5.930    -4.680    -3.250    -1.820     -.380     1.150     2.660
     3.910     4.780     5.330     5.640     5.800     5.910     6.090     6.380
     6.650     6.730     6.450     5.710     4.430     2.720      .860     -.850
    -2.250    -3.310    -4.040    -4.410    -4.490    -4.400    -4.280    -4.160
    -3.970    -3.670    -3.370    -3.330    -3.740    -4.540    -5.420    -6.050
    -6.330    -6.360    -6.310    -6.270    -6.240    -6.190    -6.090    -5.890
    -5.500    -4.910    -4.290    -3.810    -3.520    -3.300    -3.050    -2.880
    -2.940    -3.220    -3.430    -3.390    -3.150    -2.980    -3.010    -3.190
    -3.360    -3.410    -3.310    -3.040    -2.650    -2.290    -2.110    -2.220
    -2.580    -3.060    -3.530    -3.980    -4.440    -4.920    -5.360    -5.730
    -6.020    -6.320    -6.630    -6.870    -6.990    -7.060    -7.130    -7.150
    -7.040    -6.780    -6.400    -5.940    -5.500    -5.340    -5.540    -5.800
    -5.590    -4.770    -3.730    -2.950    -2.420    -1.870    -1.180     -.530
      .040      .660     1.370     1.890     1.980     1.800     1.680     1.720
     1.840     2.010     2.330     2.760     3.100     3.330     3.610     4.030
     4.370     4.460     4.370     4.290     4.190     3.910     3.470     3.090
     2.860     2.630     2.260     1.810     1.390      .970      .440     -.210
     -.960    -1.820    -2.860    -3.990    -4.960    -5.560    -5.710    -5.440
    -4.760    -3.690    -2.310     -.680     1.200     3.330     5.520     7.430
     8.820     9.690    10.220    10.530    10.620    10.440    10.010     9.500
     8.990     8.490     7.920     7.230     6.390     5.370     4.120     2.710
     1.380      .360     -.220     -.420     -.330      .000      .510     1.090
     1.560     1.820     1.900     1.980     2.250     2.780     3.540     4.390
     5.200     5.880     6.450     6.890     7.100     6.940     6.370     5.540
     4.570     3.470     2.300     1.310      .840     1.000     1.530     2.210
     3.060     4.150     5.330     6.390     7.290     7.980     8.210     7.720
     6.710     5.780     5.270     4.870     4.160     3.070     1.800      .530
     -.670    -1.590    -2.100    -2.340    -2.570    -2.740    -2.570    -2.090
    -1.750    -1.910    -2.450    -3.050    -3.590    -4.190    -4.860    -5.470
    -5.890    -6.020    -5.810    -5.390    -5.140    -5.330    -5.890    -6.480
    -6.980    -7.410    -7.690    -7.580    -7.050    -6.480    -6.190    -6.100
    -5.860    -5.340    -4.740    -4.290    -4.010    -3.930    -4.120    -4.650
    -5.480    -6.510    -7.670    -8.920   -10.220   -11.510   -12.650   -13.420
   -13.660   -13.410   -12.880   -12.170   -11.210    -9.970    -8.640    -7.410
    -6.220    -4.930    -3.640    -2.620    -1.940    -1.250     -.290      .770
     1.550     1.930     2.090     2.110     1.940     1.690     1.670     1.950
     2.230     2.240     2.080     1.960     1.850     1.550     1.180     1.080
     1.330     1.670     2.010     2.590     3.530     4.430     4.850     4.910
     5.170     5.880     6.690     7.120     7.110     6.840     6.400     5.780
     5.050     4.410     3.980     3.680     3.470     3.380     3.470     3.740
     4.170     4.600     4.850     4.870     4.960     5.410     6.060     6.490
     6.580     6.790     7.470     8.440     9.320    10.210    11.440    12.910
    14.070    14.690    15.080    15.510    15.720    15.340    14.530    13.670
    12.780    11.680    10.470     9.550     9.020     8.570     8.030     7.630
     7.680     8.160     8.950     9.950    10.930    11.440    11.280    10.790
    10.450    10.220     9.820     9.220     8.760     8.610     8.560     8.450
     8.320     8.230     8.050     7.700     7.310     7.100     7.120     7.320
     7.490     7.370     6.820     6.180     6.120     6.960     8.150     8.810
     8.550     7.820     7.280     7.210     7.370     7.400     7.130     6.690
     6.360     6.220     6.120     5.880     5.480     4.950     4.260     3.460
     2.690     1.920      .990     -.040     -.670     -.570     -.070      .270
      .520     1.140     2.010     2.380     1.880     1.130      .800      .650
      .040     -.990    -1.790    -2.130    -2.390    -2.710    -2.730    -2.320
    -2.030    -2.450    -3.430    -4.390    -5.100    -5.810    -6.650    -7.320
    -7.570    -7.470    -7.310    -7.200    -7.020    -6.630    -5.980    -5.120
    -4.100    -3.010    -2.050    -1.470    -1.370    -1.670    -2.140    -2.680
    -3.230    -3.790    -4.310    -4.840    -5.550    -6.480    -7.500    -8.420
    -9.230   -10.000   -10.710   -11.320   -11.890   -12.430   -12.800   -12.910
   -12.910   -13.120   -13.620   -14.160   -14.520   -14.710   -14.970   -15.400
   -15.950   -16.420   -16.600   -16.440   -16.160   -16.060   -16.090   -15.890
   -15.380   -14.950   -15.120   -15.870   -16.680   -17.070   -16.990   -16.560
   -15.870   -14.990   -14.070   -13.340   -12.960   -13.000   -13.290   -13.480
   -13.410   -13.420   -14.020   -15.120   -15.940   -15.920   -15.410   -15.160
   -15.300   -15.170   -14.340   -13.180   -12.290   -11.740   -11.170   -10.360
    -9.430    -8.470    -7.560    -6.870    -6.610    -6.650    -6.550    -6.100
    -5.710    -5.910    -6.620    -7.170    -7.080    -6.560    -6.250    -6.390
    -6.640    -6.590    -6.240    -5.960    -5.910    -5.920    -5.760    -5.340
    -4.650    -3.760    -2.920    -2.250    -1.420      .060     1.970     3.410
     3.930     4.240     5.140     6.410     7.320     7.970     8.890     9.740
     9.710     9.080     9.250    10.570    11.620    11.450    11.030    11.470
    11.850    10.600     8.200     6.610     6.220     5.490     3.730     2.170
     1.810     1.640      .560     -.680     -.720      .170      .610      .230
     -.130     -.110     -.240     -.760    -1.260    -1.690    -2.350    -2.960
    -2.600    -1.230      .040      .510      .880     1.960     3.450     4.600
     5.410     6.360     7.400     8.200     8.990    10.210    11.550    12.210
    12.100    11.880    11.890    11.680    10.950    10.140     9.720     9.330
     8.450     7.250     6.360     5.880     5.270     4.240     3.250     2.810
     2.780     2.610     2.070     1.480     1.130      .990      .880      .800
      .780      .760      .640      .430      .120     -.470    -1.530    -2.850
    -3.880    -4.340    -4.440    -4.480    -4.470    -4.280    -3.980    -3.750
    -3.570    -3.320    -3.090    -3.180    -3.700    -4.490    -5.400    -6.420
    -7.450    -8.220    -8.600    -8.650    -8.380    -7.590    -6.240    -4.810
    -4.020    -4.190    -5.030    -5.950    -6.450    -6.240    -5.220    -3.680
    -2.250    -1.620    -2.060    -3.100    -3.750    -3.220    -1.750     -.480
     -.330     -.980    -1.240     -.420     1.050     2.470     3.710     4.940
     5.990     6.430     6.230     5.780     5.280     4.560     3.620     2.940
     2.910     3.410     3.950     4.270     4.170     3.300     1.470     -.820
    -2.620    -3.370    -3.390    -3.370    -3.710    -4.270    -4.580    -4.220
    -3.110    -1.670     -.430      .470     1.320     2.280     3.060     3.270
     2.980     2.570     2.210     1.760     1.190      .770      .810     1.370
     2.250     3.180     4.010     4.840     5.930     7.450     9.140    10.350
    10.720    10.580    10.590    11.060    11.770    12.280    12.350    12.010
    11.430    10.940    10.840    11.130    11.480    11.590    11.490    11.350
    11.110    10.570     9.770     9.080     8.750     8.690     8.680     8.690
     8.920     9.480    10.260    10.940    11.190    10.900    10.360    10.060
    10.030     9.760     8.880     7.680     6.850     6.650     6.830     7.050
     7.230     7.290     7.220     7.160     7.300     7.460     7.240     6.560
     5.820     5.360     5.200     5.240     5.360     5.180     4.470     3.830
     4.330     6.010     7.530     7.720     7.110     7.020     7.860     9.190
    10.710    12.250    12.970    12.060    10.270     9.490    10.250    10.880
     9.960     8.300     7.600     7.950     8.050     7.240     6.040     4.800
     3.370     2.040     1.610     1.980     1.990     1.120      .390      .780
     1.600     1.330     -.300    -1.980    -2.490    -1.870    -1.180    -1.570
    -3.370    -5.780    -7.310    -7.270    -6.470    -6.200    -6.470    -6.250
    -5.200    -4.250    -4.190    -4.630    -4.820    -4.840    -5.250    -5.980
    -6.450    -6.520    -6.700    -7.370    -8.370    -9.390   -10.220   -10.630
   -10.590   -10.510   -11.050   -12.300   -13.540   -14.010   -13.620   -12.820
   -12.080   -11.720   -11.780   -11.970   -11.860   -11.540   -11.630   -12.460
   -13.460   -13.830   -13.560   -13.260   -13.240   -13.120   -12.370   -10.830
    -8.650    -6.310    -4.720    -4.780    -6.570    -9.200   -11.470   -12.690
   -12.890   -12.650   -12.670   -12.930   -12.310    -9.720    -5.790    -2.810
    -2.470    -4.070    -5.380    -4.890    -2.660      .380     3.110     4.320
     3.340     1.020     -.680     -.550      .740     1.730     1.870     1.800
     2.160     2.970     3.940     4.880     5.690     6.360     7.140     8.340
     9.920    11.350    12.160    12.350    12.260    12.130    12.000    11.800
    11.380    10.580     9.390     8.050     6.840     5.910     5.270     4.860
     4.380     3.460     2.210     1.300     1.350     2.060     2.580     2.620
     2.770     3.610     4.940     6.120     7.010     7.810     8.360     8.030
     6.590     4.830     3.950     4.320     5.070     5.070     4.150     3.340
     3.790     5.450     7.020     7.240     6.220     5.230     5.310     6.220
     6.930     6.900     6.570     6.600     6.870     6.570     5.120     2.970
     1.130      .150     -.380    -1.160    -2.300    -3.190    -3.300    -2.760
    -2.200    -2.100    -2.570    -3.350    -4.020    -4.080    -3.410    -2.470
    -2.060    -2.570    -3.560    -4.310    -4.550    -4.610    -4.890    -5.420
    -6.030    -6.690    -7.590    -8.770    -9.910   -10.560   -10.560   -10.120
    -9.430    -8.380    -6.960    -5.660    -5.180    -5.560    -5.900    -5.220
    -3.520    -1.760     -.920    -1.090    -1.580    -1.640    -1.050     -.110
      .800     1.560     2.170     2.410     1.950      .790     -.610    -1.810
    -2.770    -3.580    -4.080    -4.020    -3.680    -3.710    -4.310    -5.000
    -5.300    -5.390    -5.660    -5.990    -5.960    -5.510    -5.080    -4.920
    -4.870    -4.770    -4.810    -5.150    -5.680    -6.150    -6.660    -7.400
    -8.270    -8.780    -8.590    -7.850    -7.030    -6.570    -6.590    -6.820
    -6.860    -6.610    -6.480    -6.830    -7.250    -6.730    -4.780    -2.250
     -.520     -.090     -.090      .400     1.080      .510    -2.200    -6.310
    -9.720   -10.520    -8.390    -4.650    -1.180     1.020     2.250     3.150
     3.320     1.390    -3.460    -9.980   -15.220   -16.720   -14.260    -9.710
    -5.450    -2.820    -1.780    -1.540    -1.560    -1.960    -3.150    -5.100
    -6.910    -7.340    -5.790    -2.900     -.080     1.480     1.650     1.230
     1.010     1.190     1.450     1.710     2.190     2.990     3.820     4.260
     4.320     4.190     3.800     2.790     1.160     -.420    -1.040     -.460
      .590     1.080      .610     -.350     -.910     -.540      .580     1.860
     2.790     3.060     2.630     1.650      .510     -.270     -.330      .330
     1.350     2.130     2.180     1.470      .410     -.450     -.910     -.990
     -.710     -.130      .450      .550      .070     -.770    -1.820    -3.070
    -4.110    -4.000    -2.250      .290     2.020     2.170     1.450      .880
      .580     -.100    -1.370    -2.480    -2.400     -.950      .940     2.010
     1.710      .620     -.310     -.720    -1.010    -1.630    -2.330    -2.480
    -1.800     -.680      .280      .830     1.170     1.500     1.790     1.800
     1.410      .820      .390      .300      .520      .880     1.280     1.520
     1.430     1.150     1.270     2.240     3.930     5.790     7.530     9.170
    10.380    10.340     8.610     5.890     3.660     2.990     3.990     6.100
     8.660    11.000    12.510    12.930    12.500    11.710    10.870    10.230
    10.060    10.550    11.490    12.280    12.430    11.950    11.120    10.110
     8.960     7.840     7.040     6.650     6.410     5.880     4.910     3.750
     2.760     2.130     1.810     1.670     1.670     1.890     2.330     2.720
     2.570     1.600      .160     -.910     -.930     -.040      .960     1.270
      .710     -.300    -1.250    -1.950    -2.590    -3.240    -3.660    -3.510
    -2.830    -2.040    -1.490    -1.190    -1.030    -1.050    -1.410    -2.070
    -2.860    -3.630    -4.240    -4.450    -3.990    -2.920    -1.520      .030
     1.610     2.950     3.670     3.700     3.380     3.100     2.840     2.500
     2.160     1.960     1.750     1.230      .280     -.860    -1.910    -2.820
    -3.630    -4.330    -4.740    -4.640    -3.940    -2.960    -2.370    -2.620
    -3.530    -4.540    -5.350    -6.020    -6.560    -6.770    -6.510    -5.880
    -4.960    -3.640    -2.030     -.680     -.140     -.300     -.550     -.450
     -.040      .390      .640      .570      .100     -.700    -1.500    -1.990
    -2.110    -2.010    -1.930    -2.160    -2.940    -4.150    -5.230    -5.550
    -4.950    -3.830    -2.710    -1.930    -1.740    -2.430    -4.010    -5.860
    -7.000    -6.890    -5.940    -4.960    -4.370    -3.920    -3.270    -2.520
    -2.060    -2.060    -2.210    -2.040    -1.340     -.380      .320      .310
     -.560    -1.990    -3.420    -4.240    -4.070    -2.960    -1.340      .200
     1.290     1.850     1.810     1.100     -.060    -1.020    -1.060     -.010
     1.630     3.250     4.560     5.570     6.180     6.310     6.000     5.440
     4.850     4.440     4.390     4.670     4.880     4.610     3.880     3.010
     2.190     1.370      .500     -.240     -.830    -1.440    -2.160    -2.750
    -2.950    -2.890    -2.850    -2.790    -2.470    -2.060    -1.970    -2.270
    -2.530    -2.460    -2.370    -2.610    -2.950    -2.890    -2.320    -1.660
    -1.240    -1.010     -.900    -1.020    -1.310    -1.350     -.790      .230
     1.230     1.910     2.240     2.160     1.540      .430     -.800    -1.650
    -1.800    -1.190     -.020     1.350     2.470     3.030     2.920     2.360
     1.750     1.460     1.540     1.730     1.810     1.830     2.040     2.490
     2.960     3.170     3.080     2.850     2.710     2.770     2.940     3.040
     3.060     3.250     3.840     4.590     5.030     4.980     4.840     4.990
     5.240     5.230     5.060     5.360     6.410     7.760     8.720     9.090
     9.130     9.080     8.880     8.450     7.860     7.300     6.830     6.330
     5.680     4.940     4.300     3.920     3.770     3.690     3.490     3.110
     2.620     2.050     1.430      .820      .330      .100      .140      .380
      .800     1.410     2.150     2.720     2.870     2.630     2.330     2.280
     2.430     2.530     2.440     2.270     2.020     1.440      .350    -1.000
    -2.110    -2.660    -2.580    -1.950     -.910      .170      .760      .670
      .350      .450     1.250     2.460     3.780     5.100     6.300     7.020
     6.980     6.320     5.560     5.050     4.850     4.910     5.230     5.630
     5.680     5.040     3.800     2.450     1.440      .940      .940     1.390
     2.140     2.920     3.530     3.910     4.010     3.720     3.070     2.280
     1.770     1.770     2.280     3.140     4.160     5.090     5.670     5.810
     5.620     5.320     4.970     4.530     4.000     3.450     2.870     2.120
     1.110      .010     -.890    -1.490    -1.930    -2.360    -2.770    -3.080
    -3.290    -3.520    -3.890    -4.420    -5.060    -5.680    -6.130    -6.350
    -6.470    -6.670    -7.000    -7.390    -7.710    -7.910    -7.900    -7.600
    -7.090    -6.640    -6.500    -6.640    -6.910    -7.230    -7.700    -8.350
    -9.000    -9.430    -9.460    -9.090    -8.470    -7.950    -7.750    -7.730
    -7.390    -6.510    -5.430    -4.770    -4.730    -5.100    -5.590    -6.080
    -6.380    -6.200    -5.560    -4.940    -4.790    -4.950    -4.900    -4.460
    -3.890    -3.450    -3.120    -2.900    -2.980    -3.430    -3.960    -4.220
    -4.230    -4.180    -4.090    -3.850    -3.590    -3.590    -3.840    -3.930
    -3.570    -2.950    -2.490    -2.340    -2.470    -2.830    -3.400    -4.020
    -4.440    -4.610    -4.640    -4.670    -4.810    -5.160    -5.700    -6.220
    -6.390    -6.150    -5.750    -5.430    -5.200    -4.880    -4.310    -3.510
    -2.730    -2.330    -2.490    -2.940    -3.150    -2.990    -2.820    -2.960
    -3.270    -3.400    -3.410    -3.660    -4.300    -5.000    -5.410    -5.550
    -5.720    -6.050    -6.440    -6.780    -7.100    -7.510    -8.030    -8.560
    -8.940    -9.030    -8.810    -8.400    -7.890    -7.260    -6.580    -6.050
    -5.810    -5.700    -5.390    -4.800    -4.220    -3.970    -4.110    -4.430
    -4.710    -4.850    -4.760    -4.360    -3.620    -2.630    -1.550     -.530
      .330      .870      .920      .470     -.080     -.120      .680     2.010
     3.220     4.070     4.790     5.620     6.380     6.770     6.900     7.130
     7.480     7.590     7.250     6.770     6.660     7.000     7.470     7.810
     8.030     8.270     8.510     8.560     8.300     7.770     7.200     6.760
     6.480     6.250     6.100     6.190     6.540     6.860     6.780     6.370
     6.030     6.070     6.390     6.750     7.030     7.280     7.590     7.960
     8.360     8.710     8.870     8.810     8.610     8.410     8.190     7.780
     7.030     6.000     4.970     4.270     3.930     3.720     3.490     3.370
     3.550     3.810     3.760     3.460     3.530     4.230     4.890     4.590
     3.320     2.060     1.540     1.580     1.620     1.560     1.670     1.920
     1.920     1.420      .660     -.010     -.390     -.510     -.530     -.650
     -.970    -1.410    -1.810    -2.160    -2.500    -2.790    -2.960    -3.120
    -3.440    -3.800    -3.860    -3.630    -3.560    -3.970    -4.570    -4.850
    -4.710    -4.440    -4.190    -3.770    -3.060    -2.230    -1.510     -.840
     -.100      .630     1.180     1.540     1.890     2.270     2.540     2.540
     2.280     1.960     1.740     1.670     1.710     1.840     2.000     2.130
     2.080     1.730     1.160      .690      .690     1.130     1.620     1.690
     1.310      .780      .430      .320      .300      .300      .400      .700
     1.140     1.530     1.750     1.760     1.590     1.220      .640     -.100
     -.770    -1.200    -1.490    -1.970    -2.770    -3.600    -4.050    -4.030
    -3.840    -3.750    -3.690    -3.450    -3.000    -2.560    -2.320    -2.260
    -2.290    -2.330    -2.270    -2.070    -1.900    -2.060    -2.610    -3.250
    -3.570    -3.520    -3.360    -3.320    -3.380    -3.370    -3.230    -3.020
    -2.890    -2.990    -3.400    -3.980    -4.460    -4.630    -4.460    -4.130
    -3.880    -3.810    -3.790    -3.620    -3.260    -2.920    -2.810    -2.890
    -3.000    -3.100    -3.250    -3.430    -3.490    -3.430    -3.380    -3.410
    -3.430    -3.350    -3.220    -3.100    -2.970    -2.780    -2.560    -2.380
    -2.120    -1.650     -.950     -.180      .570     1.250     1.730     1.910
     1.850     1.760     1.770     1.780     1.690     1.520     1.350     1.170
      .960      .790      .780      .910     1.010      .920      .720      .710
     1.110     1.890     2.800     3.640     4.450     5.350     6.270     7.040
     7.580     7.950     8.200     8.240     8.050     7.750     7.530     7.370
     7.210     7.060     6.980     7.000     7.010     6.940     6.750     6.360
     5.710     4.890     4.030     3.250     2.570     2.070     1.810     1.650
     1.420     1.150     1.050     1.190     1.430     1.640     1.950     2.410
     2.810     2.900     2.780     2.800     3.080     3.290     3.120     2.600
     2.060     1.750     1.700     1.750     1.710     1.370      .770      .130
     -.340     -.650     -.810     -.680     -.060      .970     2.030     2.820
     3.400     4.000     4.680     5.260     5.500     5.300     4.640     3.520
     2.010      .390     -.890    -1.450    -1.300     -.920     -.810    -1.030
    -1.310    -1.430    -1.550    -1.880    -2.380    -2.810    -3.180    -3.680
    -4.370    -5.020    -5.400    -5.530    -5.530    -5.390    -5.070    -4.770
    -4.820    -5.270    -5.760    -5.910    -5.720    -5.490    -5.470    -5.590
    -5.620    -5.390    -4.870    -4.230    -3.630    -3.130    -2.720    -2.390
    -2.250    -2.340    -2.550    -2.730    -2.770    -2.650    -2.340    -1.860
    -1.330     -.920     -.550     -.060      .580     1.120     1.400     1.530
     1.750     2.030     2.140     2.020     1.850     1.810     1.860     1.890
     1.980     2.350     3.050     3.830     4.400     4.730     5.050     5.530
     6.050     6.420     6.660     6.950     7.320     7.590     7.650     7.700
     8.010     8.540     8.970     9.130     9.190     9.400     9.810    10.300
    10.740    11.050    11.130    10.970    10.670    10.330     9.970     9.590
     9.180     8.720     8.100     7.350     6.700     6.320     6.180     6.070
     5.860     5.460     4.750     3.760     2.850     2.390     2.210     1.820
     1.030      .220     -.200     -.270     -.330     -.520     -.780    -1.030
    -1.260    -1.360    -1.230     -.940     -.690     -.510     -.290      .010
      .180      .110     -.100     -.260     -.240     -.020      .420     1.080
     1.740     2.110     2.010     1.550     1.010      .640      .450      .240
     -.150     -.630     -.950    -1.000     -.930     -.910     -.900     -.780
     -.640     -.700    -1.010    -1.420    -1.770    -2.070    -2.410    -2.720
    -2.900    -2.930    -2.950    -3.120    -3.400    -3.660    -3.800    -3.830
    -3.840    -3.860    -3.850    -3.780    -3.720    -3.760    -3.910    -4.060
    -4.120    -4.090    -4.000    -3.840    -3.560    -3.130    -2.680    -2.410
    -2.420    -2.670    -3.110    -3.620    -4.060    -4.230    -4.040    -3.570
    -3.040    -2.670    -2.570    -2.710    -3.000    -3.330    -3.640    -3.930
    -4.120    -4.050    -3.670    -3.180    -2.940    -3.100    -3.380    -3.470
    -3.320    -3.130    -3.020    -2.910    -2.710    -2.450    -2.280    -2.300
    -2.560    -3.000    -3.510    -3.960    -4.330    -4.710    -5.120    -5.520
    -5.820    -6.040    -6.230    -6.460    -6.740    -7.040    -7.310    -7.490
    -7.620    -7.810    -8.050    -8.190    -8.100    -7.920    -7.910    -8.170
    -8.520    -8.770    -8.950    -9.250    -9.750   -10.330   -10.820   -11.200
   -11.580   -12.000   -12.370   -12.450   -12.140   -11.560   -10.960   -10.450
    -9.950    -9.380    -8.960    -8.930    -9.240    -9.430    -9.070    -8.200
    -7.270    -6.620    -6.220    -5.790    -5.110    -4.230    -3.310    -2.510
    -1.940    -1.590    -1.360    -1.110     -.760     -.330      .160      .710
     1.240     1.610     1.780     1.890     2.120     2.440     2.650     2.640
     2.570     2.610     2.690     2.650     2.420     2.130     1.950     1.940
     2.060     2.260     2.480     2.640     2.760     2.910     3.140     3.450
     3.790     4.140     4.520     4.900     5.270     5.630     5.960     6.270
     6.600     7.050     7.540     7.880     7.940     7.770     7.560     7.430
     7.330     7.200     7.000     6.690     6.240     5.670     5.080     4.550
     4.100     3.720     3.390     3.120     2.790     2.260     1.540      .830
      .400      .260      .170     -.020     -.210     -.190      .010      .160
      .150      .100      .130      .040     -.370     -.990    -1.430    -1.570
    -1.630    -1.760    -1.770    -1.450     -.930     -.630     -.670     -.790
     -.670     -.360     -.080      .000     -.100     -.290     -.430     -.410
     -.200      .030      .090     -.020     -.130     -.080      .100      .290
      .500      .770     1.110     1.450     1.840     2.400     3.130     3.710
     3.830