-.340      .020      .600     1.140     1.220      .490     -.960    -2.370
    -2.850    -2.130     -.830      .200      .590      .550      .350      .170
      .080      .110      .240      .450      .820     1.320     1.520      .940
     -.310    -1.490    -1.970    -1.670     -.860      .250     1.330     1.860
     1.520      .640     -.070     -.300     -.190      .170      .920     1.840
     2.160     1.270     -.460    -2.010    -2.670    -2.430    -1.500      .130
     2.340     4.250     4.580     2.760     -.290    -2.820    -3.710    -3.200
    -2.040     -.610     1.040     2.300     2.190      .650    -1.000    -1.350
     -.430      .680     1.440     2.100     2.520     1.760     -.380    -2.360
    -2.360     -.460     1.640     2.880     3.630     4.220     3.850     1.900
     -.640    -2.050    -1.780     -.640      .720     2.150     3.020     2.240
     -.050    -1.990    -1.980     -.540      .710     1.120     1.170     1.020
      .210    -1.090    -1.790    -1.330     -.400      .130      .260      .400
      .560      .670     1.000     1.590     1.770     1.140      .330      .120
      .260     -.020     -.540     -.520     -.200     -.700    -1.860    -1.780
      .690     4.010     5.700     5.300     4.320     3.650     2.650      .930
     -.550     -.870     -.790    -1.650    -3.110    -3.240    -1.070     1.900
     3.430     3.100     2.290     2.050     1.950     1.440     1.040     1.520
     2.230     1.550    -1.130    -4.480    -6.580    -6.400    -3.890      .400
     5.130     8.290     8.590     6.640     4.280     2.590     1.320     -.180
    -1.890    -3.290    -3.980    -3.900    -3.290    -2.380    -1.090     1.030
     4.050     6.930     8.080     6.880     4.190     1.320    -1.100    -3.010
    -4.180    -4.100    -2.560     -.010     2.550     4.080     4.080     2.840
     1.000     -.900    -2.220    -2.000      .110     2.770     3.680     2.100
     -.180     -.870      .400     2.240     3.320     3.320     2.740     2.610
     3.980     6.490     7.800     5.810     1.560    -1.420    -1.000     1.270
     2.390     1.250     -.880    -2.320    -2.280     -.900     1.060     2.660
     3.480     3.730     3.040      .250    -4.800    -9.810   -11.890   -10.590
    -7.670    -4.140      .570     5.920     9.190     8.510     5.620     3.480
     2.120     -.890    -5.940    -9.800    -9.270    -4.710     1.060     5.790
     8.600     9.170     8.000     6.850     7.220     8.320     8.190     6.630
     5.390     5.310     5.280     4.680     5.040     7.670    10.930    12.030
    10.540     8.150     5.530     1.900    -1.920    -2.880      .330     4.680
     6.050     3.950      .990    -1.260    -3.320    -5.060    -4.720    -1.840
      .960      .570    -3.330    -8.710   -13.480   -15.830   -13.800    -7.140
      .360     3.000    -1.100    -7.550   -10.250    -7.310    -1.610     3.520
     7.110     9.190     8.920     5.600      .700    -2.850    -3.520    -2.260
     -.440     2.020     5.560     8.980    10.270     9.470     9.230    11.560
    15.110    16.630    14.530    10.080     5.730     3.500     4.210     6.880
     8.630     6.870     2.250    -1.540    -1.640      .750     1.850     -.400
    -4.330    -6.510    -4.980     -.670     3.980     7.170     8.420     7.540
     3.810    -2.810   -10.060   -14.430   -14.180   -10.280    -4.410     2.320
     8.010     9.590     6.060     1.450     1.610     7.690    14.750    17.210
    13.650     5.730    -4.480   -13.880   -17.550   -12.440    -2.040     6.120
     8.270     7.240     6.610     5.250      .160    -7.540   -13.390   -15.530
   -15.890   -14.890    -9.300     1.940    12.770    14.980     7.630    -1.850
    -5.730    -2.890     2.250     4.480      .710    -8.190   -16.540   -17.210
    -8.920     1.480     6.310     5.670     5.670     9.500    14.100    15.520
    13.190     7.930      .290    -6.500    -6.340     2.510    12.400    13.520
     5.590    -2.560    -4.660    -2.920    -1.140     1.920     8.310    14.780
    16.080    12.150     6.720      .630    -7.510   -14.270   -12.140     -.380
    10.490    10.000      .350    -7.400    -7.740    -5.730    -7.460   -11.360
   -11.760    -7.440    -3.000    -3.130    -8.130   -14.390   -17.030   -12.780
    -2.730     7.520    12.340    10.640     4.760    -3.870   -15.030   -25.570
   -29.350   -23.330   -11.460     -.090     8.200    13.830    15.300     9.640
    -1.900   -12.610   -16.840   -15.640   -14.040   -14.620   -16.260   -18.080
   -21.440   -26.950   -31.060   -27.590   -13.160     8.740    28.590    36.370
    28.090     8.680   -11.080   -21.730   -21.120   -15.020   -11.530   -13.970
   -18.660   -19.800   -16.090   -11.250    -8.640    -7.830    -7.380    -8.510
   -13.490   -21.960   -31.550   -41.070   -49.450   -51.630   -41.080   -19.210
     1.520     8.910     3.930    -1.620      .690     8.870    17.410    24.380
    28.430    24.560     9.740    -8.750   -17.610   -12.270    -2.990    -3.470
   -16.410   -33.580   -47.460   -57.680   -66.200   -71.770   -72.270   -69.380
   -66.460   -63.320   -57.660   -52.130   -54.520   -67.390   -80.970   -81.620
   -66.960   -48.170   -36.340   -30.650   -22.400    -7.440     9.440    20.990
    24.870    24.110    23.150    24.080    24.570    18.790     2.640   -20.610
   -41.380   -52.450   -55.090   -54.950   -53.580   -46.770   -30.980    -8.400
    14.870    33.590    45.670    52.140    56.670    63.740    75.050    88.010
    98.610   105.420   108.990   108.420   100.840    85.360    65.400    45.420
    26.480     7.240   -11.560   -26.640   -37.150   -47.060   -60.470   -76.100
   -89.160   -97.580  -102.730  -104.480   -99.900   -88.680   -75.790   -65.850
   -58.050   -49.920   -43.210   -40.610   -38.860   -32.210   -23.640   -24.770
   -40.710   -61.460   -74.780   -82.850   -97.270  -119.190  -134.060  -129.130
  -108.940   -88.540   -76.370   -69.690   -63.100   -54.790   -45.320   -35.900
   -28.450   -22.550   -11.680    12.370    48.690    84.220   103.910   102.270
    83.940    56.810    27.200     -.520   -23.630   -40.720   -50.690   -53.090
   -49.500   -41.440   -25.770     3.710    47.080    94.260   134.350   165.910
   193.050   214.810   225.950   227.220   226.330   227.020   224.900   217.300
   209.460   204.570   193.240   160.890   103.190    28.680   -49.920  -117.670
  -152.350  -131.510   -53.430    53.400   149.120   211.430   244.920   266.130
   285.270   301.140   307.440   300.550   283.010   261.540   241.440   221.750
   196.740   163.730   129.000   103.960    94.280    94.740    96.730    98.800
   105.210   114.090   113.460    93.650    60.170    28.770     9.220     -.920
    -7.520   -11.750   -12.720   -12.980   -17.640   -30.170   -50.920   -77.600
  -106.170  -133.700  -161.370  -191.320  -219.960  -239.000  -245.100  -243.530
  -238.690  -226.100  -199.140  -160.670  -122.470   -94.850   -81.390   -80.720
   -86.970   -90.670   -87.960   -88.460  -105.020  -132.610  -146.550  -127.510
   -82.090   -32.490     8.150    41.180    67.250    77.560    63.890    29.700
   -13.370   -55.980   -94.020  -124.760  -145.740  -157.010  -160.890  -158.280
  -147.690  -128.660  -104.250   -78.770   -54.000   -29.150    -4.170    18.750
    38.160    56.470    77.790   102.110   123.080   132.420   126.070   106.050
    78.380    50.690    30.330    21.430    22.840    29.890    38.090    44.490
    46.950    45.020    41.750    41.590    44.740    45.210    36.130    16.510
    -8.130   -30.480   -45.590   -52.390   -53.160   -51.350   -48.220   -41.840
   -31.050   -19.390   -13.020   -14.560   -21.010   -27.550   -31.030   -29.280
   -20.300    -4.480    13.930    29.960    41.560    48.570    49.330    41.520
    26.510    10.830     2.780     9.060    33.850    77.320   132.550   185.600
   221.750   232.990   220.400   191.560   157.360   129.190   113.740   107.670
    98.930    76.800    42.070     6.250   -19.850   -35.610   -46.780   -53.620
   -46.690   -16.930    32.220    86.070   131.110   162.320   178.130   173.850
   144.870    94.770    35.390   -22.500   -75.610  -124.360  -166.070  -195.710
  -211.990  -218.840  -219.580  -213.470  -200.850  -188.810  -185.780  -190.000
  -189.350  -176.570  -160.060  -153.950  -159.980  -166.490  -164.630  -156.170
  -142.410  -115.390   -68.750   -11.600    38.610    75.230   104.580   129.630
   143.040   140.460   130.220   121.500   110.110    86.410    53.730    27.900
    17.640    15.280    10.270     3.060     -.510    -2.350   -10.440   -25.290
   -35.860   -31.860   -16.120    -1.840      .520    -8.100   -18.200   -21.060
   -16.320   -11.640   -14.830   -26.020   -38.140   -45.140   -47.520   -49.600
   -54.440   -63.460   -78.120   -97.290  -113.980  -119.770  -114.440  -107.650
  -107.930  -112.440  -112.010  -106.070  -107.190  -126.040  -152.160  -155.540
  -112.470   -29.830    60.330   130.950   179.660   216.770   241.690   241.000
   207.640   152.010    91.830    39.480     1.760   -17.820   -23.270   -24.950
   -26.160   -17.680     5.540    30.330    40.950    42.620    51.570    63.870
    56.490    26.430     6.510    25.220    65.680    86.190    73.650    53.370
    46.810    44.350    28.730     5.300    -7.460    -5.800    -1.900    -1.530
     3.730    21.700    49.200    79.440   110.120   139.900   163.590   176.410
   179.080   175.180   166.320   152.950   136.840   119.430    99.760    76.750
    51.940    27.480     2.700   -25.130   -57.940   -95.880  -136.390  -171.900
  -192.360  -195.170  -190.850  -193.240  -204.140  -213.200  -213.200  -208.860
  -207.720  -209.530  -209.860  -209.190  -210.370  -209.900  -200.330  -181.560
  -161.600  -143.640  -120.670   -87.590   -52.210   -26.710   -11.920     1.880
    19.790    35.680    41.800    36.970    21.950    -6.300   -49.070   -98.090
  -140.520  -171.260  -195.150  -216.910  -234.160  -241.880  -239.210  -228.810
  -212.750  -192.060  -168.220  -142.220  -112.930   -78.870   -40.900    -1.020
    40.680    85.490   132.340   176.700   213.070   237.490   248.820   249.790
   246.270   242.590   237.220   225.700   207.540   186.900   165.920   142.140
   115.200    91.450    76.610    65.750    46.640    13.380   -27.420   -64.600
   -91.800  -107.620  -111.730  -105.090   -91.610   -75.540   -57.680   -36.890
   -14.200     7.450    27.190    47.090    68.630    90.710   111.970   132.620
   152.620   170.110   183.520   193.710   201.510   203.580   193.720   169.350
   134.720    96.460    57.820    18.900   -18.980   -52.520   -79.690  -100.560
  -113.950  -116.200  -105.290   -84.010   -57.080   -26.980     4.610    33.640
    56.610    76.620   101.970   136.490   173.310   199.420   205.000   187.850
   153.020   110.830    72.530    43.420    20.260    -2.680   -25.840   -44.620
   -55.310   -57.070   -49.670   -34.050   -15.890    -3.320     1.180     3.490
    10.010    20.270    29.860    37.600    45.610    54.230    61.300    65.880
    68.660    68.600    63.220    53.100    42.430    33.640    24.740    13.620
     1.710    -8.880   -18.760   -28.770   -36.660   -40.190   -41.760   -46.000
   -53.700   -61.870   -68.230   -71.450   -68.330   -57.480   -45.530   -42.030
   -46.310   -48.160   -45.840   -53.750   -83.460  -124.970  -159.060  -182.870
  -206.640  -225.860  -216.730  -168.580  -105.010   -58.330   -33.010   -10.650
    16.050    34.860    39.670    43.560    57.570    71.540    68.750    50.040
    30.500    18.210     9.180      .590    -4.320    -5.450    -8.520   -15.410
   -20.660   -21.150   -20.880   -22.070   -19.700   -11.570    -7.350   -18.440
   -42.020   -63.390   -72.740   -72.010   -65.480   -52.490   -33.070   -14.010
    -3.690    -3.440    -7.850   -11.600   -12.730   -10.920    -6.410     -.460
     5.590    11.970    19.510    27.340    33.120    35.140    33.070    27.120
    18.010     7.410    -3.090   -13.330   -23.710   -33.310   -40.120   -43.000
   -41.950   -36.290   -24.450    -6.530    14.250    33.620    49.160    60.240
    66.140    66.100    61.010    53.570    46.300    40.170    35.320    32.200
    31.170    31.920    33.850    36.590    39.710    42.570    45.110    48.340
    52.730    56.140    54.570    45.560    30.420    12.770    -4.150   -18.560
   -29.250   -35.500   -38.180   -39.890   -43.020   -47.590   -51.520   -52.950
   -51.800   -48.980   -45.080   -40.490   -36.180   -33.160   -31.320   -29.600
   -27.700   -26.480   -26.480   -27.160   -28.190   -30.130   -32.490   -32.410
   -27.000   -16.740    -4.740     7.260    19.700    32.090    41.900    48.030
    52.750    58.030    61.770    60.670    55.620    50.780    47.770    43.970
    37.480    30.620    26.970    26.600    25.780    20.450     9.140    -5.920
   -20.330   -31.430   -41.020   -51.880   -61.900   -65.500   -61.770   -56.590
   -54.300   -52.050   -46.810   -42.760   -44.470   -46.010   -36.620   -17.610
    -3.580    -3.170    -7.380    -3.470     7.140    13.770    14.780    19.980
    34.830    52.230    63.170    67.930    71.810    75.230    74.350    68.730
    62.590    58.850    56.270    52.950    49.210    45.890    42.370    37.740
    32.360    27.470    24.070    23.080    25.710    32.420    41.620    50.170
    55.840    59.180    62.440    66.580    69.830    69.940    67.290    64.170
    61.460    57.700    52.050    46.300    42.740    41.350    40.740    40.800
    42.490    45.440    47.580    47.090    43.160    35.230    23.490    10.370
     -.280    -6.250    -8.160    -7.260    -3.770     1.800     7.600    11.920
    15.070    18.150    20.860    21.800    20.670    18.680    16.670    14.060
    10.130     5.380     1.050    -2.250    -5.000    -8.100   -11.890   -15.810
   -18.920   -20.870   -22.310   -24.190   -26.730   -29.450   -32.130   -35.050
   -38.180   -40.610   -41.270   -39.860   -36.840   -32.540   -26.820   -19.840
   -12.550    -6.270    -1.850      .540      .910     -.500    -2.770    -4.500
    -5.070    -5.380    -6.690    -8.910   -10.620   -10.970   -10.540   -10.320
   -10.320    -9.990    -9.200    -8.200    -6.920    -5.120    -3.130    -1.710
    -1.280    -1.630    -2.480    -3.920    -6.150    -9.150   -12.740   -16.790
   -21.160   -25.620   -29.730   -32.770   -34.000   -33.110   -30.470   -26.890
   -23.420   -21.210   -21.160   -23.230   -26.430   -29.660   -32.200   -33.190
   -31.270   -25.310   -15.320    -2.450    11.380    23.480    31.030    33.180
    32.260    31.660    32.270    32.030    28.930    23.490    17.900    13.960
    12.090    11.420    10.010     6.050     -.330    -6.840   -11.700   -15.770
   -21.250   -28.680   -36.140   -41.140   -42.320   -39.550   -33.640   -26.270
   -19.090   -12.500    -5.600     2.400    11.130    19.590    26.750    31.570
    33.300    32.240    29.580    25.890    20.290    11.890     1.610    -8.140
   -15.740   -21.540   -26.890   -32.420   -37.840   -42.620   -46.450   -49.090
   -50.090   -48.580   -43.350   -33.380   -18.950    -2.390    12.790    24.060
    31.270    35.820    38.420    38.130    33.740    25.620    15.590     5.240
    -4.860   -14.280   -22.100   -27.560   -31.000   -33.490   -36.010   -39.070
   -42.850   -46.920   -50.260   -51.870   -51.420   -49.100   -45.120   -39.700
   -33.480   -27.300   -21.580   -16.030    -9.930    -2.420     7.060    18.120
    29.290    38.950    46.430    51.460    53.070    49.960    42.300    32.180
    21.870    12.310     3.820    -3.110    -8.660   -14.520   -22.360   -31.460
   -39.160   -43.650   -44.900   -42.920   -36.910   -26.800   -14.540    -2.340
     9.400    21.480    33.620    44.190    52.030    57.530    61.630    64.820
    67.510    70.580    74.930    80.680    87.110    92.940    96.580    96.230
    90.680    79.920    65.090    47.970    30.410    13.830    -1.370   -15.650
   -29.260   -41.300   -50.120   -54.580   -54.840   -51.730   -45.960   -38.030
   -28.880   -20.140   -13.580   -10.090    -9.270   -10.000   -11.180   -12.230
   -13.060   -13.850   -14.740   -15.540   -15.920   -15.860   -15.830   -16.050
   -15.690   -13.290    -8.100    -1.120     5.360     9.030     8.710     4.740
    -1.490    -8.480   -15.490   -22.530   -29.530   -35.680   -39.800   -41.360
   -40.970   -39.690   -37.870   -34.650   -29.150   -22.020   -15.620   -12.370
   -12.780   -15.460   -18.730   -22.010   -25.530   -29.310   -32.810   -35.530
   -37.590   -39.620   -42.230   -45.250   -47.540   -47.780   -45.500   -41.540
   -37.160   -33.070   -29.290   -25.760   -22.550   -19.570   -16.620   -13.710
   -11.120    -9.110    -7.730    -7.060    -7.400    -8.990   -11.880   -15.920
   -20.760   -25.510   -28.840   -29.750   -28.230   -25.010   -20.840   -16.290
   -11.930    -8.370    -5.880    -4.210    -2.860    -1.220     1.270     4.880
     9.260    13.620    17.330    20.160    21.940    22.160    20.460    17.420
    14.540    13.290    14.130    16.520    19.530    22.320    24.290    25.170
    25.360    25.730    26.980    28.960    30.920    32.350    33.360    34.200
    34.720    34.480    33.110    30.510    26.630    21.650    16.140    10.760
     5.640      .360    -5.260   -10.840   -15.880   -20.380   -24.610   -28.500
   -31.660   -33.920   -35.570   -36.980   -38.210   -39.090   -39.250   -38.120
   -35.100   -30.060   -23.600   -16.700   -10.230    -4.850    -1.240      .050
     -.990    -3.720    -7.210   -10.720   -13.810   -16.310   -18.220   -19.580
   -20.390   -20.590   -20.360   -20.150   -20.310   -20.570   -20.230   -18.790
   -16.390   -13.440    -9.900    -5.320      .310     6.190    11.420    15.730
    19.130    21.010    20.180    16.190    10.210     4.180     -.640    -4.250
    -7.020    -8.840    -9.250    -8.250    -6.600    -5.380    -5.200    -5.840
    -6.410    -5.860    -3.520      .740     6.600    13.650    21.570    30.070
    38.690    46.580    52.850    57.000    59.220    60.100    60.210    59.970
    59.660    59.470    59.280    58.680    57.380    55.470    53.110    50.040
    45.610    39.260    30.940    21.150    10.860     1.350    -6.350   -12.320
   -17.720   -23.540   -29.350   -33.560   -35.150   -34.510   -32.630   -29.910
   -26.300   -22.270   -18.960   -17.090   -16.040   -14.510   -11.660    -7.620
    -2.800     2.640     8.590    14.430    19.030    21.510    21.770    20.320
    17.580    13.530     8.140     1.840    -4.430    -9.730   -13.460   -15.610
   -16.750   -17.890   -19.840   -22.540   -24.970   -25.960   -25.130   -22.990
   -20.290   -17.390   -14.090    -9.990    -4.920      .820     6.700    12.330
    17.500    21.860    24.750    25.590    24.410    21.740    18.130    13.820
     9.070     4.360      .160    -3.590    -7.270   -10.960   -14.140   -16.280
   -17.620   -18.830   -20.100   -20.670   -19.560   -16.460   -11.850    -6.470
    -1.060     3.560     6.530     7.360     6.200     3.590      .390    -2.340
    -3.700    -3.510    -2.210     -.380     1.500     2.680     2.320      .430
    -1.830    -3.390    -4.460    -5.950    -7.890    -9.190    -9.060    -7.890
    -6.350    -4.410    -1.760     1.350     4.270     6.670     8.660    10.190
    10.990    10.990    10.460     9.590     8.450     7.260     6.400     5.940
     5.590     4.980     3.860     1.830    -1.490    -5.960   -10.730   -14.910
   -18.230   -20.780   -22.520   -23.390   -23.690   -23.900   -24.030   -23.590
   -22.230   -20.180   -17.910   -15.480   -12.380    -8.080    -2.640     3.020
     7.670    10.540    11.810    12.080    11.520     9.540     5.460     -.610
    -7.650   -14.400   -20.020   -24.310   -27.280   -28.810   -28.710   -26.960
   -23.850   -19.700   -14.670    -8.940    -3.040     2.290     6.630    10.240
    13.700    17.200    20.350    22.720    24.470    26.210    28.320    30.580
    32.270    32.710    31.670    29.530    27.130    25.090    23.310    21.080
    17.980    14.430    11.120     8.290     5.810     3.750     2.400     1.790
     1.810     2.760     5.440    10.130    16.150    22.560    29.030    35.520
    41.580    46.590    50.470    53.510    55.570    56.210    55.560    54.330
    52.720    50.090    46.130    41.760    38.150    35.470    33.080    30.770
    29.030    28.110    27.610    27.220    27.260    28.220    30.060    32.490
    35.460    39.040    42.890    46.290    48.770    50.540    52.000    53.080
    53.180    51.880    49.520    46.690    43.470    39.320    34.150    28.870
    24.430    20.660    16.670    12.350     8.590     5.970     3.750     1.060
    -1.810    -3.860    -4.960    -6.030    -7.890   -10.430   -13.260   -16.360
   -19.630   -22.380   -23.870   -24.020   -23.360   -22.290   -20.800   -18.550
   -15.250   -10.910    -6.130    -1.800     1.750     5.050     8.560    11.700
    13.230    12.540     9.970     6.120     1.350    -3.870    -8.760   -12.770
   -15.880   -18.060   -19.010   -18.790   -18.360   -18.810   -20.130   -21.480
   -22.360   -22.960   -23.350   -23.000   -21.620   -19.850   -18.590   -18.090
   -17.910   -17.660   -17.210   -16.350   -14.820   -12.740   -10.580    -8.630
    -6.750    -4.840    -3.160    -1.990    -1.290    -1.030    -1.770    -4.310
    -8.760   -14.240   -19.410   -23.260   -25.340   -25.690   -24.700   -22.960
   -20.970   -19.110   -17.770   -17.320   -17.700   -18.280   -18.330   -17.470
   -15.670   -12.790    -8.720    -3.840      .940     4.800     7.470     9.070
     9.710     9.300     7.640     4.590      .330    -4.240    -7.810    -9.710
   -10.520   -11.370   -12.680   -13.880   -14.410   -14.390   -14.220   -13.900
   -13.280   -12.560   -12.100   -11.940   -11.810   -11.570   -11.310   -10.940
   -10.200    -9.140    -8.180    -7.450    -6.390    -4.460    -1.850      .750
     2.940     4.640     5.640     5.690     5.170     5.000     5.730     6.770
     7.130     6.390     4.820     2.730      .190    -2.420    -4.270    -4.750
    -4.110    -3.090    -2.170    -1.410     -.830     -.690    -1.100    -1.810
    -2.510    -3.150    -4.010    -5.130    -6.060    -6.140    -5.130    -3.570
    -2.390    -2.170    -2.760    -3.640    -4.540    -5.540    -6.790    -8.120
    -9.230    -9.930   -10.190   -10.020    -9.380    -8.190    -6.440    -4.320
    -2.450    -1.550    -1.930    -3.050    -4.060    -4.550    -4.810    -5.180
    -5.540    -5.550    -5.280    -5.260    -5.910    -7.210    -8.880   -10.870
   -13.330   -16.280   -19.390   -21.950   -23.200   -22.710   -20.790   -18.420
   -16.570   -15.620   -15.350   -15.500   -16.130   -17.400   -19.120   -20.840
   -22.120   -22.820   -22.890   -22.310   -21.120   -19.420   -17.350   -15.150
   -13.320   -12.490   -13.000   -14.500   -16.230   -17.720   -19.050   -20.370
   -21.450   -22.000   -22.050   -21.850   -21.310   -20.120   -18.410   -16.900
   -16.090   -15.520   -14.180   -11.580    -7.910    -3.590      .950     4.980
     7.620     8.630     8.690     8.650     8.730     8.830     9.260    10.460
    12.060    12.980    12.420    10.560     7.950     4.890     1.610    -1.240
    -2.920    -3.280    -2.790    -1.920     -.910      .090      .980     1.920
     3.300     5.180     7.210     9.040    10.620    11.850    12.380    11.940
    10.700     9.040     7.190     5.390     4.100     3.510     3.140     2.320
     1.000     -.310    -1.430    -2.850    -5.060    -7.860   -10.800   -13.760
   -16.690   -19.070   -20.310   -20.510   -20.270   -19.730   -18.390   -15.870
   -12.600    -9.220    -5.770    -1.880     2.430     6.510     9.710    11.810
    12.800    12.630    11.300     9.090     6.320     3.220      .020    -2.990
    -5.590    -7.810    -9.740   -11.270   -12.150   -12.340   -11.980   -11.130
    -9.620    -7.270    -4.330    -1.360     1.100     2.840     4.060     5.140
     6.310     7.400     8.040     8.020     7.470     6.700     5.910     5.180
     4.570     4.140     3.850     3.690     3.700     3.900     4.070     3.900
     3.370     2.910     2.900     3.280     3.580     3.460     2.900     2.080
     1.250      .810     1.240     2.740     5.040     7.580    10.100    12.640
    15.170    17.430    19.120    20.070    20.140    19.130    17.060    14.500
    12.190    10.350     8.500     6.140     3.390      .800    -1.270    -2.810
    -3.900    -4.490    -4.600    -4.520    -4.570    -4.820    -5.090    -5.130
    -4.860    -4.190    -3.060    -1.420      .810     3.630     6.830     9.890
    12.220    13.570    14.120    14.180    13.820    12.880    11.310     9.260
     6.970     4.480     1.680    -1.500    -4.910    -8.270   -11.250   -13.620
   -15.240   -16.130   -16.470   -16.490   -16.160   -15.200   -13.460   -11.310
    -9.350    -7.660    -5.650    -2.790      .630     3.760     6.090     7.800
     9.250    10.350    10.850    10.790    10.450     9.970     9.240     8.290
     7.450     6.980     6.780     6.670     6.780     7.420     8.610     9.900
    10.840    11.370    11.680    11.730    11.280    10.460     9.980    10.380
    11.350    12.120    12.440    12.890    13.830    14.710    14.700    13.820
    12.970    12.870    13.390    13.980    14.300    14.240    13.820    13.200
    12.750    12.560    12.220    11.340    10.140     9.120     8.390     7.620
     6.870     6.710     7.540     9.020    10.560    11.970    13.350    14.600
    15.440    15.740    15.520    14.730    13.240    11.290     9.360     7.680
     6.120     4.560     3.130     1.880      .400    -1.780    -4.690    -7.980
   -11.390   -14.760   -17.640   -19.190   -18.800   -16.570   -13.200    -9.610
    -6.540    -4.490    -3.550    -3.420    -3.690    -3.920    -3.700    -2.610
     -.570     1.950     4.220     5.900     7.090     7.920     8.220     7.790
     6.620     4.790     2.230    -1.010    -4.510    -7.490    -9.290    -9.660
    -8.750    -6.990    -5.050    -3.580    -2.950    -3.080    -3.610    -4.110
    -4.130    -3.260    -1.440      .810     2.710     3.760     4.060     4.060
     4.090     4.160     4.120     4.020     4.120     4.770     6.070     7.890
    10.020    12.240    14.280    15.710    16.230    15.940    15.460    15.310
    15.460    15.430    14.870    13.920    12.960    12.180    11.470    10.560
     9.210     7.270     4.790     2.050     -.660    -3.230    -5.670    -7.860
    -9.580   -10.730   -11.380   -11.550   -11.110   -10.150    -9.200    -8.820
    -9.060    -9.460    -9.620    -9.390    -8.610    -7.040    -4.620    -1.700
     1.250     3.850     5.780     6.660     6.480     5.830     5.460     5.540
     5.560     5.050     4.100     3.020     1.800      .200    -1.700    -3.380
    -4.500    -5.220    -5.990    -6.910    -7.670    -8.010    -7.930    -7.570
    -6.900    -5.920    -4.860    -4.150    -4.070    -4.570    -5.330    -6.030
    -6.490    -6.750    -7.020    -7.380    -7.620    -7.420    -6.740    -5.840
    -4.970    -4.130    -3.100    -1.740     -.130     1.430     2.740     3.820
     4.950     6.360     7.950     9.320    10.200    10.670    11.030    11.430
    11.770    11.790    11.360    10.610     9.910     9.530     9.340     9.000
     8.330     7.390     6.190     4.560     2.520      .490     -.990    -1.950
    -2.900    -4.200    -5.610    -6.730    -7.510    -8.350    -9.530   -10.870
   -11.990   -12.720   -13.170   -13.470   -13.640   -13.570   -13.250   -12.850
   -12.530   -12.360   -12.320   -12.230   -11.790   -10.930   -10.060    -9.930
   -10.760   -11.840   -12.170   -11.470   -10.250    -9.100    -8.160    -7.330
    -6.730    -6.520    -6.580    -6.620    -6.520    -6.410    -6.410    -6.570
    -6.850    -7.140    -7.290    -7.390    -7.780    -8.620    -9.480    -9.640
    -8.800    -7.250    -5.340    -3.200    -1.040      .680     1.570     1.740
     1.550     1.110      .290     -.760    -1.630    -2.010    -1.950    -1.580
     -.930     -.070      .690     1.140     1.400     1.820     2.570     3.570
     4.770     6.240     8.010     9.840    11.470    12.820    13.950    14.850
    15.350    15.320    14.900    14.420    14.070    13.770    13.340    12.750
    12.050    11.100     9.630     7.510     4.890     2.020     -.910    -3.780
    -6.360    -8.460    -9.970   -10.840   -11.080   -10.830   -10.330    -9.760
    -9.050    -8.080    -7.040    -6.340    -6.110    -5.910    -5.210    -3.860
    -2.120     -.340     1.290     2.670     3.590     3.720     2.840     1.100
     -.970    -2.840    -4.310    -5.650    -7.140    -8.720   -10.110   -11.040
   -11.500   -11.580   -11.440   -11.330   -11.520   -12.130   -13.050   -14.100
   -15.010   -15.530   -15.440   -14.760   -13.670   -12.240   -10.370    -8.070
    -5.640    -3.480    -1.780     -.500      .450     1.160     1.850     2.800
     3.970     5.080     5.940     6.680     7.340     7.710     7.600     7.220
     6.930     6.640     5.960     4.840     3.860     3.620     4.230     5.400
     6.820     8.220     9.320     9.900    10.030     9.910     9.700     9.500
     9.430     9.490     9.430     9.110     8.810     9.030     9.850    10.810
    11.360    11.350    10.950    10.310     9.570     8.940     8.680     8.880
     9.380     9.720     9.460     8.410     6.790     4.920     2.850      .460
    -2.150    -4.620    -6.690    -8.420    -9.950   -11.190   -11.960   -12.340
   -12.470   -12.300   -11.620   -10.300    -8.460    -6.240    -3.810    -1.470
      .400     1.600     2.190     2.310     2.190     2.090     2.150     2.160
     1.780      .980      .180     -.260     -.340     -.370     -.550     -.960
    -1.620    -2.440    -3.200    -3.760    -4.150    -4.360    -4.080    -3.030
    -1.330      .470     1.860     2.700     3.080     3.040     2.650     2.090
     1.660     1.590     2.000     2.940     4.360     6.050     7.600     8.570
     8.750     8.230     7.210     5.780     3.940     1.760     -.540    -2.640
    -4.350    -5.530    -6.170    -6.380    -6.460    -6.630    -6.770    -6.690
    -6.370    -6.030    -5.750    -5.370    -4.720    -3.810    -2.670    -1.150
      .900     3.330     5.810     8.050     9.880    11.090    11.570    11.490
    11.270    11.170    11.130    11.020    10.930    11.130    11.650    12.210
    12.420    12.060    11.190    10.020     8.770     7.500     6.150     4.720
     3.370     2.280     1.360      .190    -1.560    -3.790    -6.020    -7.710
    -8.690    -9.170    -9.450    -9.700    -9.930   -10.110   -10.230   -10.130
    -9.620    -8.780    -8.060    -7.830    -8.030    -8.350    -8.700    -9.250
    -9.950   -10.420   -10.360    -9.930    -9.540    -9.430    -9.630   -10.260
   -11.310   -12.500   -13.410   -13.900   -14.170   -14.330   -14.210   -13.570
   -12.500   -11.270   -10.100    -9.080    -8.180    -7.320    -6.460    -5.710
    -5.230    -5.020    -4.890    -4.720    -4.700    -5.000    -5.490    -5.850
    -5.950    -5.960    -5.950    -5.740    -5.070    -3.950    -2.610    -1.250
      .080     1.410     2.640     3.390     3.270     2.200      .570    -1.190
    -2.900    -4.570    -5.960    -6.460    -5.630    -3.640    -1.050     1.630
     4.130     6.180     7.410     7.600     6.840     5.410     3.670     1.960
      .620     -.170     -.370     -.060      .530     1.030     1.050      .480
     -.520    -1.730    -3.100    -4.710    -6.440    -7.950    -8.870    -8.950
    -8.130    -6.560    -4.530    -2.400     -.460     1.220     2.680     4.080
     5.480     6.810     7.920     8.690     9.120     9.230     9.030     8.550
     7.880     7.170     6.460     5.730     5.030     4.550     4.450     4.730
     5.310     5.980     6.560     6.840     6.710     6.210     5.500     4.790
     4.280     4.190     4.610     5.430     6.410     7.380     8.350     9.510
    10.970    12.660    14.230    15.340    15.810    15.740    15.290    14.660
    14.090    13.780    13.720    13.630    13.190    12.430    11.620    10.860
     9.950     8.660     7.020     5.330     3.840     2.680     2.020     2.100
     2.940     4.120     5.010     5.230     4.950     4.660     4.610     4.660
     4.520     4.090     3.400     2.450     1.210     -.200    -1.520    -2.580
    -3.360    -3.910    -4.170    -4.120    -3.940    -3.950    -4.360    -5.240
    -6.570    -8.290   -10.160   -11.800   -12.860   -13.200   -12.820   -11.840
   -10.580    -9.450    -8.660    -8.030    -7.310    -6.580    -6.100    -5.870
    -5.560    -4.860    -3.750    -2.280     -.370     1.930     4.160     5.730
     6.370     6.210     5.450     4.170     2.460      .580    -1.190    -2.660
    -3.750    -4.420    -4.700    -4.680    -4.350    -3.740    -2.940    -2.070
    -1.030      .440     2.300     4.010     5.120     5.850     6.890     8.530
    10.310    11.700    12.670    13.640    14.830    16.030    16.940    17.370
    17.290    16.730    15.870    15.020    14.370    13.760    12.710    10.870
     8.310     5.490     2.930      .860     -.760    -2.030    -2.940    -3.450
    -3.640    -3.720    -3.920    -4.380    -5.060    -5.770    -6.300    -6.600
    -6.750    -6.730    -6.400    -5.640    -4.640    -3.810    -3.430    -3.480
    -3.830    -4.460    -5.400    -6.590    -7.810    -8.870    -9.770   -10.520
   -11.090   -11.440   -11.650   -11.880   -12.220   -12.460   -12.330   -11.720
   -10.850    -9.930    -9.010    -8.060    -7.160    -6.490    -6.040    -5.590
    -5.010    -4.430    -3.890    -3.120    -1.910     -.530      .500     1.010
     1.300     1.640     1.970     2.150     2.320     2.620     2.870     2.730
     2.260     1.890     1.870     2.090     2.400     2.970     4.010     5.430
     6.990     8.680    10.610    12.650    14.330    15.310    15.600    15.430
    14.850    13.830    12.500    11.220    10.320     9.940    10.050    10.530
    11.180    11.790    12.220    12.370    12.170    11.550    10.580     9.410
     8.170     6.850     5.540     4.430     3.660     3.100     2.580     2.170
     2.050     2.230     2.460     2.450     2.140     1.660     1.130      .660
      .380      .330      .440      .560      .590      .380     -.230    -1.270
    -2.540    -3.690    -4.600    -5.340    -6.070    -6.860    -7.860    -9.180
   -10.680   -11.970   -12.730   -13.070   -13.190   -13.040   -12.330   -11.100
    -9.800    -8.930    -8.490    -8.140    -7.590    -6.890    -6.130    -5.380
    -4.750    -4.480    -4.690    -5.170    -5.590    -5.820    -5.990    -6.260
    -6.690    -7.370    -8.390    -9.650   -10.870   -11.860   -12.760   -13.850
   -15.210   -16.660   -17.950   -18.960   -19.600   -19.850   -19.790   -19.520
   -19.040   -18.290   -17.250   -15.920   -14.240   -12.060    -9.430    -6.690
    -4.120    -1.740      .580     2.910     5.210     7.520     9.810    11.840
    13.240    13.830    13.810    13.440    12.690    11.400     9.670     7.890
     6.490     5.540     4.750     3.920     3.100     2.440     1.910     1.240
      .280     -.900    -2.110    -3.270    -4.270    -4.860    -4.790    -4.110
    -3.280    -2.690    -2.440    -2.290    -2.110    -1.990    -2.190    -2.830
    -3.720    -4.450    -4.710    -4.450    -3.920    -3.380    -2.940    -2.610
    -2.430    -2.470    -2.780    -3.330    -3.930    -4.320    -4.260    -3.680
    -2.730    -1.610     -.420      .750     1.710     2.320     2.590     2.660
     2.570     2.230     1.680     1.130      .830      .760      .770      .830
     1.050     1.480     1.940     2.150     2.020     1.770     1.670     1.770
     1.890     1.830     1.590     1.390     1.410     1.600     1.800     1.890
     1.970     2.170     2.520     2.920     3.310     3.630     3.840     3.810
     3.520     3.100     2.750     2.610     2.680     3.000     3.630     4.560
     5.610     6.610     7.440     8.060     8.330     8.120     7.410     6.370
     5.210     4.050     2.980     2.110     1.560     1.320     1.300     1.420
     1.590     1.760     1.860     1.950     2.070     2.180     2.170     2.020
     1.960     2.200     2.680     3.110     3.260     3.300     3.460     3.790
     4.130     4.420     4.730     5.060     5.130     4.770     4.180     3.700
     3.280     2.430      .870    -1.090    -2.820    -3.970    -4.580    -4.780
    -4.500    -3.690    -2.510    -1.270     -.150      .790     1.550     2.130
     2.560     2.870     3.090     3.260     3.450     3.690     3.930     4.110
     4.190     4.130     3.910     3.570     3.180     2.680     1.910      .910
     -.040     -.680    -1.060    -1.280    -1.320    -1.090     -.760     -.670
     -.880    -1.100    -1.130    -1.050     -.980     -.820     -.510     -.190
      .020      .260      .740     1.380     1.900     2.220     2.480     2.760
     2.980     3.180     3.510     3.950     4.240     4.190     3.940     3.630
     3.180     2.390     1.320      .130    -1.140    -2.560    -4.060    -5.430
    -6.600    -7.680    -8.710    -9.520    -9.930    -9.950    -9.730    -9.350
    -8.790    -7.940    -6.730    -5.210    -3.700    -2.530    -1.830    -1.380
     -.930     -.380      .260     1.030     1.950     2.870     3.580     4.020
     4.200     4.030     3.340     2.190      .830     -.480    -1.750    -3.030
    -4.230    -5.140    -5.740    -6.130    -6.370    -6.400    -6.160    -5.730
    -5.200    -4.610    -4.050    -3.650    -3.520    -3.540    -3.500    -3.220
    -2.680    -1.970    -1.180     -.430      .130      .340      .100     -.530
    -1.280    -1.930    -2.460    -3.060    -3.860    -4.730    -5.450    -5.900
    -6.130    -6.230    -6.260    -6.210    -6.010    -5.590    -5.010    -4.460
    -4.050    -3.680    -3.180    -2.550    -1.880    -1.150     -.110     1.270
     2.660     3.580     3.890     3.790     3.410     2.690     1.730      .980
      .850     1.170     1.390     1.220     1.030     1.240     1.780     2.200
     2.360     2.470     2.600     2.410     1.710      .800      .090     -.380
     -.920    -1.560    -2.010    -2.070    -1.890    -1.670    -1.420    -1.180
    -1.070    -1.130    -1.140     -.940     -.630     -.340      .010      .460
      .790      .790      .600      .560      .720      .780      .670      .630
      .770      .750      .210     -.710    -1.530    -1.990    -2.220    -2.460
    -2.880    -3.540    -4.360    -5.070    -5.470    -5.670    -5.890    -6.090
    -6.020    -5.690    -5.430    -5.450    -5.590    -5.700    -5.930    -6.400
    -6.780    -6.630    -5.990    -5.340    -4.870    -4.310    -3.440    -2.520
    -1.890    -1.490     -.990     -.400     -.060     -.180     -.560     -.820
     -.760     -.430      .000      .420      .820     1.280     1.850     2.500
     3.210     3.920     4.460     4.540     4.040     3.190     2.280     1.450
      .690      .110     -.090      .040      .230      .290      .240      .200
      .240      .470     1.070     2.110     3.440     4.870     6.350     7.800
     9.110    10.330    11.700    13.320    14.880    16.060    16.970    17.920
    18.850    19.370    19.390    19.280    19.300    19.300    19.040    18.570
    18.010    17.180    15.920    14.420    13.140    12.250    11.620    11.100
    10.720    10.460    10.220     9.960     9.800     9.840     9.990    10.170
    10.450    10.980    11.760    12.680    13.590    14.270    14.540    14.440
    14.280    14.280    14.330    14.150    13.560    12.640    11.470    10.050
     8.400     6.620     4.920     3.490     2.490     1.950     1.670     1.420
     1.150      .930      .710      .290     -.470    -1.390    -2.150    -2.700
    -3.140    -3.470    -3.460    -2.950    -2.060    -1.140     -.400      .120
      .430      .460      .160     -.380     -.990    -1.640    -2.460    -3.540
    -4.670    -5.500    -5.870    -6.020    -6.360    -7.090    -8.040    -8.810
    -9.170    -9.190    -9.140    -9.240    -9.510    -9.880   -10.240   -10.510
   -10.570   -10.320    -9.720    -8.850    -7.830    -6.730    -5.650    -4.710
    -3.840    -2.840    -1.640     -.440      .470     1.110     1.670     2.160
     2.330     2.130     1.750     1.410     1.060      .690      .410      .310
      .140     -.300     -.940    -1.590    -2.310    -3.240    -4.210    -4.890
    -5.300    -5.750    -6.300    -6.620    -6.480    -6.120    -5.740    -5.200
    -4.420    -3.800    -3.730    -4.040    -4.210    -4.160    -4.270    -4.660
    -4.960    -4.890    -4.730    -4.830    -5.140    -5.350    -5.370    -5.370
    -5.410    -5.380    -5.330    -5.490    -5.970    -6.550    -6.950    -7.150
    -7.360    -7.750    -8.210    -8.520    -8.620    -8.650    -8.780    -9.000
    -9.170    -9.230    -9.200    -9.100    -8.820    -8.260    -7.490    -6.710
    -6.190    -6.110    -6.520    -7.250    -8.020    -8.710    -9.390   -10.020
   -10.330   -10.030    -9.220    -8.340    -7.720    -7.350    -7.030    -6.700
    -6.430    -6.230    -6.020    -5.860    -5.860    -6.050    -6.270    -6.270
    -5.860    -4.980    -3.700    -2.350    -1.380    -1.170    -1.750    -2.750
    -3.630    -3.890    -3.350    -2.200     -.810      .440     1.290     1.570
     1.270      .660      .240      .340      .890     1.470     1.860     2.210
     2.830     3.790     4.930     6.110     7.240     8.170     8.630     8.510
     7.970     7.290     6.640     6.090     5.710     5.490     5.160     4.380
     3.010     1.310     -.340    -1.610    -2.360    -2.580    -2.490    -2.350
    -2.230    -1.890    -1.140     -.160      .740     1.470     2.120     2.490
     2.060      .640    -1.150    -2.350    -2.670    -2.660    -2.980    -3.680
    -4.280    -4.480    -4.340    -4.100    -3.930    -3.980    -4.440    -5.240
    -6.050    -6.390    -6.030    -5.060    -3.710    -2.260    -1.050     -.270
      .190      .640     1.200     1.700     1.930     1.940     1.860     1.650
     1.130      .290     -.620    -1.320    -1.780    -2.190    -2.650    -3.170
    -3.690    -4.150    -4.470    -4.510    -4.130    -3.220    -1.800     -.030
     1.800     3.500     5.070     6.570     7.910     8.840     9.250     9.300
     9.270     9.320     9.420     9.460     9.400     9.290     9.160     8.870
     8.190     7.120     6.010     5.320     5.170     5.330     5.590     5.980
     6.430     6.650     6.450     6.110     6.090     6.410     6.670     6.560
     6.190     5.760     5.340     5.060     5.120     5.540     5.990     6.210
     6.280     6.280     6.010     5.300     4.460     4.020     4.080     4.140
     3.880     3.460     3.190     3.130     3.200     3.300     3.160     2.410
     1.160      .220      .300     1.200     2.060     2.450     2.570     2.570
     2.100      .870     -.740    -2.050    -2.800    -3.260    -3.710    -4.210
    -4.770    -5.480    -6.300    -7.010    -7.530    -7.960    -8.430    -8.900
    -9.190    -9.120    -8.590    -7.620    -6.460    -5.500    -4.810    -4.080
    -2.990    -1.740     -.890     -.700     -.920    -1.140    -1.250    -1.310
    -1.220     -.740      .200     1.340     2.230     2.610     2.480     2.110
     1.930     2.310     3.370     4.840     6.260     7.350     8.100     8.520
     8.600     8.430     8.470     9.200    10.680    12.270    13.200    13.130
    12.300    11.130     9.870     8.660     7.790     7.640     8.290     9.460
    10.720    11.790    12.530    12.660    11.850    10.010     7.430     4.480
     1.450    -1.190    -2.550    -1.910      .170     1.650      .590    -2.990
    -6.910    -8.700    -7.700    -5.410    -3.890    -4.140    -5.660    -7.170
    -7.610    -6.640    -4.610    -2.320     -.650     -.140     -.730    -1.780
    -2.590    -2.940    -3.170    -3.530    -3.750    -3.330    -2.220    -1.090
     -.670    -1.100    -1.990    -3.010    -4.200    -5.650    -7.070    -7.860
    -7.610    -6.480    -5.160    -4.370    -4.280    -4.420    -4.170    -3.300
    -2.100    -1.090     -.690    -1.000    -1.780    -2.600    -3.200    -3.630
    -3.960    -3.940    -3.170    -1.830     -.780     -.850    -1.920    -3.150
    -3.800    -3.830    -3.680    -3.620    -3.520    -3.070    -2.140     -.940
      .110      .780     1.270     1.880     2.530     2.820     2.620     2.250
     1.990     1.670      .990      .080     -.580     -.770     -.690     -.510
     -.210      .160      .200     -.460    -1.700    -2.990    -3.910    -4.400
    -4.620    -4.650    -4.470    -4.040    -3.370    -2.450    -1.260      .130
     1.470     2.510     3.220     3.890     4.790     5.800     6.420     6.330
     5.670     4.940     4.460     4.300     4.350     4.430     4.200     3.320
     1.740     -.110    -1.640    -2.480    -2.580    -2.100    -1.240     -.190
      .760     1.370     1.640     1.850     2.290     2.900     3.260     3.110
     2.650     2.370     2.370     2.310     1.890     1.210      .610      .220
     -.190     -.790    -1.520    -2.210    -2.760    -3.160    -3.400    -3.470
    -3.450    -3.500    -3.750    -4.230    -4.810    -5.330    -5.740    -6.160
    -6.690    -7.170    -7.200    -6.500    -5.220    -3.910    -3.000    -2.470
    -2.050    -1.590    -1.140     -.660      .190     1.600     3.210     4.310
     4.590     4.500     4.640     5.010     4.980     4.190     3.140     2.660
     3.000     3.530     3.330     2.080      .290    -1.160    -1.930    -2.600
    -4.030    -6.230    -8.160    -8.650    -7.740    -6.560    -5.960    -5.570
    -4.300    -1.850      .800     2.340     2.400     1.630      .790      .030
     -.760    -1.240     -.630     1.550     4.680     7.360     8.240     6.760
     3.130    -1.870    -6.990   -10.780   -12.190   -11.280    -9.160    -7.270
    -6.480    -6.910    -8.200    -9.950   -11.810   -13.280   -13.730   -12.770
   -10.680    -8.340    -6.690    -6.030    -6.050    -6.230    -6.330    -6.450
    -6.890    -7.750    -8.810    -9.470    -9.240    -8.160    -6.650    -5.020
    -3.420    -2.210    -2.030    -3.020    -4.310    -4.800    -4.400    -4.070
    -4.500    -5.090    -4.600    -2.530      .600     3.920     6.730     8.410
     8.290     6.250     3.070      .010    -2.120    -3.370    -4.360    -5.490
    -6.510    -6.640    -5.260    -2.660      .050     1.900     2.860     3.570
     4.340     4.760     4.210     2.670      .830     -.370     -.340      .930
     3.010     5.450     8.030    10.470    12.020    11.640     9.070     5.350
     2.180      .510      .070      .080      .180      .480     1.070     1.780
     2.330     2.340     1.590      .280     -.810     -.860      .220     1.840
     3.400     4.700     5.710     6.160     5.790     4.880     4.060     3.670
     3.270     2.170      .140    -2.230    -4.000    -4.480    -3.660    -2.080
     -.590      .070     -.500    -2.220    -4.540    -6.670    -7.860    -7.720
    -6.370    -4.330    -2.180     -.250     1.440     2.850     3.760     3.930
     3.540     2.950     2.330     1.530      .610      .070      .420     1.530
     2.740     3.470     3.580     3.280     3.000     3.380     4.770     6.780
     8.420     9.050     8.930     8.840     9.300    10.320    11.640    12.880
    13.640    13.780    13.520    13.140    12.610    11.740    10.590     9.490
     8.660     8.070     7.720     7.680     7.780     7.580     6.770     5.570
     4.520     3.940     3.790     3.830     3.780     3.500     3.160     3.210
     3.940     5.220     6.600     7.700     8.210     7.870     6.640     4.930
     3.460     2.650     2.360     2.110     1.640      .960      .330      .050
      .370     1.150     1.830     1.930     1.430      .710      .050     -.580
    -1.200    -1.580    -1.400     -.660      .370     1.360     2.070     2.290
     1.800      .520    -1.320    -3.320    -5.170    -6.710    -7.940    -8.930
    -9.780   -10.500   -10.900   -10.790   -10.260    -9.760    -9.700    -9.970
    -9.980    -9.170    -7.540    -5.670    -4.210    -3.300    -2.610    -1.690
     -.480      .750     1.690     2.390     3.180     4.260     5.510     6.580
     7.200     7.380     7.360     7.270     7.080     6.740     6.340     6.060
     5.930     5.880     5.870     6.030     6.480     7.050     7.340     7.020
     6.200     5.350     4.930     5.090     5.690     6.530     7.440     8.200
     8.680     8.980     9.360     9.890    10.200     9.820     8.650     7.020
     5.400     4.070     3.220     3.090     3.700     4.680     5.500     5.840
     5.750     5.340     4.620     3.590     2.340     1.060     -.010     -.580
     -.380      .540     1.760     2.760     3.240     3.130     2.410     1.080
     -.670    -2.480    -4.000    -5.090    -5.780    -6.240    -6.690    -7.300
    -8.060    -8.710    -9.040    -9.150    -9.380   -10.000   -10.970   -12.000
   -12.750   -13.060   -12.930   -12.500   -11.950   -11.520   -11.490   -12.000
   -12.830   -13.510   -13.740   -13.580   -13.180   -12.500   -11.440   -10.180
    -9.100    -8.380    -7.870    -7.400    -6.950    -6.610    -6.370    -6.220
    -6.230    -6.340    -6.260    -5.740    -4.880    -4.030    -3.450    -3.210
    -3.360    -3.880    -4.510    -4.860    -4.710    -4.210    -3.630    -3.050
    -2.440    -1.740     -.950     -.090      .800     1.610     2.270     2.900
     3.620     4.470     5.400     6.400     7.400     8.210     8.610     8.600
     8.390     8.170     7.990     7.830     7.760     7.800     7.780     7.490
     6.980     6.580     6.620     7.120     7.880     8.720     9.530    10.260
    10.810    11.180    11.530    11.900    12.160    12.090    11.740    11.320
    10.890    10.310     9.490     8.580     7.700     6.720     5.390     3.720
     1.960      .260    -1.370    -2.880    -4.120    -5.030    -5.790    -6.540
    -7.290    -8.030    -8.850    -9.660   -10.170   -10.050    -9.400    -8.520
    -7.610    -6.670    -5.820    -5.330    -5.310    -5.480    -5.490    -5.270
    -5.020    -4.930    -5.080    -5.500    -6.130    -6.770    -7.250    -7.700
    -8.390    -9.330   -10.280   -11.020   -11.640   -12.200   -12.470   -12.080
   -10.960    -9.460    -7.960    -6.620    -5.430    -4.440    -3.790    -3.500
    -3.450    -3.440    -3.350    -3.150    -2.780    -2.090     -.980      .450
     1.860     2.860     3.260     3.080     2.470     1.590      .680     -.040
     -.530     -.900    -1.110     -.950     -.350      .380      .910     1.280
     1.830     2.660     3.440     3.760     3.680     3.450     3.090     2.450
     1.610     1.060     1.170     1.750     2.280     2.450     2.280     1.760
      .760     -.690    -2.140    -3.040    -3.150    -2.670    -1.870     -.940
     -.100      .430      .560      .450      .240     -.040     -.350     -.520
     -.390      .010      .440      .730      .800      .700      .630      .840
     1.310     1.630     1.410      .670     -.150     -.760    -1.090    -1.080
     -.550      .530     1.870     3.060     3.910     4.310     4.040     2.960
     1.340     -.280    -1.500    -2.230    -2.460    -2.150    -1.360     -.420
      .290      .630      .620      .250     -.470    -1.310    -1.990    -2.310
    -2.350    -2.170    -1.720    -1.020     -.330      .010     -.070     -.320
     -.500     -.680    -1.110    -1.820    -2.600    -3.260    -3.850    -4.510
    -5.200    -5.810    -6.270    -6.620    -6.830    -6.920    -7.030    -7.390
    -7.940    -8.250    -7.940    -7.050    -5.970    -5.020    -4.280    -3.780
    -3.600    -3.690    -3.740    -3.460    -2.920    -2.390    -2.050    -1.810
    -1.570    -1.430    -1.530    -1.740    -1.760    -1.510    -1.220    -1.110
    -1.060     -.830     -.380      .110      .580     1.190     2.070     3.160
     4.250     5.150     5.690     5.800     5.590     5.420     5.540     5.880
     6.120     6.040     5.680     5.160     4.510     3.710     2.770     1.770
      .830      .050     -.430     -.510     -.250      .170      .590      .950
     1.310     1.750     2.270     2.760     3.060     3.090     2.990     2.980
     3.200     3.510     3.680     3.630     3.490     3.410     3.370     3.170
     2.690     1.970     1.180      .490      .010     -.300     -.590    -1.030
    -1.670    -2.370    -2.930    -3.210    -3.080    -2.510    -1.580     -.470
      .710     1.900     2.950     3.610     3.740     3.500     3.100     2.550
     1.740      .820      .150     -.120     -.190     -.320     -.490     -.610
     -.730     -.950    -1.230    -1.530    -1.940    -2.600    -3.340    -3.840
    -4.000    -3.930    -3.680    -3.130    -2.310    -1.690    -1.640    -2.060
    -2.540    -2.970    -3.550    -4.300    -4.930    -5.180    -5.220    -5.310
    -5.390    -5.230    -4.940    -4.930    -5.370    -5.940    -6.230    -6.170
    -5.970    -5.710    -5.280    -4.640    -3.850    -2.930    -1.770     -.410
      .840     1.680     2.130     2.490     2.960     3.470     3.910     4.360
     4.940     5.660     6.300     6.610     6.540     6.180     5.700     5.130
     4.500     3.900     3.480     3.240     3.060     2.840     2.740     2.900
     3.230     3.470     3.540     3.600     3.730     3.770     3.650     3.620
     3.940     4.500     4.930     5.120     5.320     5.720     6.120     6.280
     6.260     6.280     6.360     6.300     6.030     5.660     5.210     4.600
     3.840     3.100     2.540     2.060     1.480      .830      .330      .080
      .010     -.070     -.240     -.510     -.750     -.840     -.760     -.580
     -.390     -.210     -.010      .190      .380      .720     1.310     2.020
     2.530     2.730     2.840     3.090     3.400     3.580     3.660     3.820
     4.030     4.090     3.980     3.970     4.200     4.450     4.520     4.560
     4.830     5.290     5.690     5.960     6.300     6.700     6.780     6.370
     5.760     5.340     5.010     4.500     3.860     3.510     3.580     3.780
     3.910     4.190     4.820     5.470     5.570     5.000     4.190     3.570
     3.110     2.590     1.990     1.470     1.130      .910      .790      .870
     1.170     1.490     1.510     1.160      .680      .310      .140      .100
      .200      .450      .810     1.160     1.390     1.500     1.510     1.370
     1.100      .840      .730      .740      .750      .660      .490      .300
      .190      .260      .520      .830     1.090     1.320     1.520     1.520
     1.180      .640      .200     -.070     -.390     -.880    -1.400    -1.770
    -2.010    -2.180    -2.170    -1.990    -1.900    -2.230    -2.890    -3.440
    -3.620    -3.510    -3.300    -2.970    -2.470    -1.890    -1.460    -1.270
    -1.250    -1.260    -1.190    -1.010     -.810     -.700     -.680     -.670
     -.670     -.790    -1.090    -1.380    -1.440    -1.280    -1.150    -1.230
    -1.510    -1.920    -2.340    -2.640    -2.670    -2.390    -1.890    -1.230
     -.430      .370      .810      .670      .120     -.430     -.800    -1.120
    -1.560    -2.070    -2.580    -3.030    -3.280    -2.950    -1.690      .400
     2.810     4.970     6.490     7.150     6.790     5.520     3.840     2.430
     1.640     1.360     1.250     1.120      .950      .840      .890     1.190
     1.700     2.140     2.190     1.750     1.040      .420      .130      .080
      .100      .100      .190      .430      .700      .730      .410     -.040
     -.360     -.450     -.420     -.400     -.410     -.490     -.700    -1.080
    -1.630    -2.310    -3.050    -3.770    -4.360    -4.790    -5.210    -5.810
    -6.610    -7.490    -8.360    -9.130    -9.700    -9.940    -9.870    -9.660
    -9.520    -9.520    -9.630    -9.830   -10.030   -10.080    -9.860    -9.460
    -9.040    -8.680    -8.390    -8.260    -8.400    -8.750    -9.060    -9.160
    -9.110    -9.050    -8.980    -8.790    -8.460    -8.090    -7.690    -7.190
    -6.660    -6.260    -6.060    -5.940    -5.860    -5.980    -6.460    -7.130
    -7.580    -7.640    -7.490    -7.330    -7.090    -6.650    -6.110    -5.730
    -5.650    -5.700    -5.640    -5.380    -4.980    -4.590    -4.340    -4.230
    -4.150    -4.050    -3.970    -4.010    -4.110    -4.130    -4.040    -3.970
    -4.020    -4.060    -3.970    -3.760    -3.600    -3.540    -3.560    -3.540
    -3.470    -3.340    -3.190    -3.120    -3.130    -3.100    -2.830    -2.210
    -1.340     -.340      .660     1.550     2.220     2.640     2.930     3.230
     3.570     3.940     4.330     4.740     5.060     5.120     4.830     4.330
     3.800     3.440     3.300     3.340     3.420     3.470     3.470     3.480
     3.480     3.410     3.390     3.660     4.360     5.380     6.370     7.060
     7.340     7.270     6.980     6.600     6.250     6.030     5.950     6.020
     6.200     6.360     6.310     5.950     5.340     4.700     4.250     4.060
     4.000     3.840     3.450     2.850     2.160     1.480      .880      .420
      .090     -.100     -.130      .080      .580     1.200     1.630     1.690
     1.470     1.240     1.250     1.470     1.620     1.480     1.150      .970
     1.130     1.510     1.870     2.240     2.760     3.300     3.570     3.470
     3.290     3.360     3.690     4.170     4.790     5.490     5.980     6.020
     5.730     5.470     5.370     5.190     4.820     4.410     4.100     3.800
     3.410     3.010     2.690     2.390     2.150     2.220     2.730     3.420
     3.840     3.920     3.920     3.950     3.870     3.610     3.380     3.330
     3.340     3.260     3.120     3.010     2.890     2.710     2.590     2.710
     3.080     3.550     4.080     4.670     5.270     5.910     6.680     7.630
     8.540     9.150     9.500     9.840    10.230    10.520    10.630    10.700
    10.710    10.340     9.480     8.500     7.800     7.240     6.390     5.230
     4.190     3.450     2.770     1.970     1.270      .910      .700      .320
     -.150     -.400     -.360     -.350     -.510     -.610     -.320      .310
      .980     1.450     1.690     1.760     1.740     1.680     1.520     1.130
      .500     -.210     -.850    -1.450    -2.180    -3.060    -3.990    -4.890
    -5.740    -6.570    -7.290    -7.840    -8.200    -8.380    -8.390    -8.250
    -7.990    -7.700    -7.440    -7.250    -7.180    -7.230    -7.420    -7.670
    -7.850    -7.830    -7.680    -7.490    -7.200    -6.590    -5.690    -4.990
    -4.930    -5.320    -5.480    -5.180    -4.930    -5.240    -5.850    -6.140
    -5.970    -5.730    -5.540    -5.150    -4.530    -4.100    -4.060    -3.950
    -3.240    -2.220    -1.580    -1.420    -1.130     -.380      .360      .510
      .190     -.100     -.190     -.410     -.910    -1.500    -1.900    -2.050
    -2.030    -1.910    -1.780    -1.700    -1.660    -1.600    -1.560    -1.650
    -1.800    -1.790    -1.560    -1.300    -1.130     -.840     -.200      .680
     1.450     1.940     2.290     2.590     2.790     2.820     2.790