-.780     -.180      .410      .340     -.310     -.910     -.990     -.700
     -.440     -.370     -.340     -.150      .130      .250      .040     -.400
     -.750     -.840     -.870    -1.010    -1.050     -.560      .400     1.120
      .930      .070     -.610     -.710     -.620     -.790    -1.040     -.820
     -.140      .360      .330      .060     -.010     -.010     -.350    -1.040
    -1.670    -1.980    -2.090    -2.050    -1.610     -.740      .220      .880
     1.290     1.470     1.000     -.500    -2.530    -3.960    -4.310    -4.120
    -3.790    -2.890    -1.050      .920     1.630      .890     -.170     -.720
    -1.040    -1.560    -1.780    -1.040      .300     1.190     1.290     1.180
     1.270     1.180      .640      .080     -.040      .030     -.190     -.660
    -1.050    -1.300    -1.440    -1.030      .320     1.920     2.350     1.200
     -.420    -1.340    -1.680    -2.070    -2.200    -1.280      .350     1.260
      .760     -.220     -.610     -.720    -1.470    -2.600    -2.770    -1.440
      .300     1.160     1.300     1.740     2.670     2.950     1.610     -.830
    -2.800    -3.350    -3.000    -2.770    -2.830    -2.470    -1.080     1.040
     3.110     4.500     4.900     4.210     2.630      .770     -.840    -2.150
    -3.220    -3.700    -3.080    -1.600     -.210      .470      .780     1.360
     2.280     3.090     3.390     3.100     2.450     1.900     1.840     1.990
     1.640      .570     -.690    -1.860    -3.390    -5.140    -5.330    -2.110
     3.720     8.820    10.560     9.270     6.900     4.450     1.620    -1.630
    -4.420    -5.780    -5.500    -4.010    -1.910      .320     2.570     4.770
     6.360     6.350     4.470     1.920      .230     -.510    -1.360    -2.590
    -2.970    -1.530      .790     2.270     2.590     2.780     3.130     2.320
     -.650    -4.510    -6.520    -5.190    -1.640     1.800     3.730     4.270
     4.200     4.080     3.830     2.970     1.210     -.890    -1.910     -.790
     2.000     4.770     6.220     6.210     5.080     2.860     -.210    -2.990
    -4.100    -3.310    -1.830     -.850     -.420      .280     1.690     3.210
     3.610     1.920    -1.720    -6.020    -9.450   -11.330   -11.710   -10.400
    -6.870    -1.530     3.610     6.520     7.140     6.980     6.590     4.570
     -.190    -5.950    -9.120    -7.750    -3.360     1.100     4.340     7.200
    10.240    12.110    10.890     6.600     1.710    -1.010     -.540     2.210
     5.720     8.800    10.710    11.140    10.300     8.660     6.530     4.080
     1.760      .170     -.710    -1.510    -2.350    -2.140      .300     4.360
     7.430     7.090     3.280    -1.780    -5.400    -6.230    -4.600    -1.920
      .170      .300    -2.180    -6.580   -10.690   -11.900    -9.230    -4.530
     -.950      .050     -.220      .310     1.860     2.890     2.490     1.770
     2.540     5.090     7.810     8.850     7.790     5.590     3.490     1.980
      .980      .590     1.310     3.520     6.770     9.960    12.060    12.490
    11.130     8.320     5.210     3.520     4.380     7.120     9.460     9.120
     5.610      .650    -3.230    -4.530    -3.760    -2.550    -1.840    -1.030
     1.000     4.050     6.350     6.710     6.230     7.170     9.550    10.150
     6.060    -1.350    -7.330    -8.940    -7.580    -5.770    -3.270     1.780
     8.640    13.630    14.560    13.220    12.510    12.610    11.790     9.650
     7.260     4.610      .080    -6.490   -12.120   -13.260    -9.540    -4.000
     -.230      .180    -1.900    -4.170    -4.730    -4.060    -4.880    -8.790
   -13.450   -14.140    -8.870     -.640     5.770     8.250     7.870     6.470
     4.990     4.070     4.220     5.120     5.560     4.650     2.650      .380
    -1.320    -1.400      .890     4.400     6.340     5.510     4.620     7.330
    12.750    15.250    11.060     3.410     -.880      .660     3.810     3.270
    -1.220    -5.650    -6.700    -4.380     -.330     4.300     8.740    11.660
    11.570     8.020     2.110    -4.040    -8.270    -9.480    -8.150    -5.460
    -2.000     2.220     6.180     7.280     3.580    -3.440    -9.670   -12.100
   -11.160    -8.950    -6.390    -3.050      .890     3.960     5.000     4.610
     4.430     5.220     5.900     4.400     -.470    -7.550   -13.850   -16.950
   -16.720   -14.480   -11.090    -6.810    -2.750     -.740    -1.320    -2.790
    -3.300    -3.070    -3.750    -6.670   -12.120   -19.440   -26.590   -30.940
   -31.660   -30.100   -26.700   -18.940    -5.140    10.820    21.790    24.520
    21.580    16.010     8.090    -1.070    -7.010    -6.940    -4.970    -7.500
   -14.210   -17.940   -14.330    -7.560    -4.670    -7.340   -11.960   -16.030
   -21.170   -29.700   -40.100   -47.110   -45.870   -36.430   -24.000   -14.310
    -8.430    -3.220     3.010     7.640     8.150     7.190    10.150    17.840
    24.720    25.200    19.690    12.880     8.050     4.780     1.160    -4.430
   -13.560   -27.340   -44.330   -59.900   -69.420   -72.040   -70.860   -69.440
   -69.090   -69.760   -72.110   -77.300   -84.610   -90.760   -92.210   -87.460
   -76.500   -59.110   -35.380    -7.940    17.940    37.430    49.130    54.880
    57.310    58.000    56.870    52.340    42.460    27.130     9.350    -6.720
   -19.420   -30.580   -42.060   -51.860   -55.090   -49.170   -36.920   -23.830
   -12.580    -1.380    12.390    28.420    44.330    59.240    74.740    91.680
   107.040   115.150   112.270    99.950    83.850    69.430    58.100    47.120
    33.240    16.550      .010   -14.900   -30.590   -49.820   -70.530   -87.010
   -96.650  -102.840  -109.400  -114.640  -114.160  -107.760   -99.620   -91.490
   -80.470   -65.030   -48.580   -33.730   -17.260     3.570    21.490    22.690
     1.580   -32.470   -64.990   -88.800  -104.190  -111.870  -111.280  -104.330
   -95.660   -88.250   -81.560   -74.270   -66.580   -59.970   -56.160   -55.360
   -53.010   -40.110   -11.280    27.100    60.980    81.540    89.680    86.970
    68.820    31.850   -16.140   -60.060   -90.310  -106.930  -112.380  -106.300
   -88.180   -59.520   -21.480    25.470    77.390   126.450   167.150   199.390
   223.520   237.070   240.240   239.860   242.340   245.810   245.380   243.060
   243.410   239.440   212.670   151.930    65.060   -31.550  -125.780  -203.230
  -236.600  -199.390   -95.920    32.640   140.230   210.340   255.610   291.040
   317.760   330.570   329.750   319.800   302.310   276.460   244.760   213.650
   188.290   169.350   155.210   144.410   135.610   127.320   119.050   111.340
   103.370    91.920    74.430    52.320    29.910    10.160    -7.090   -22.840
   -36.740   -48.100   -57.520   -66.070   -74.020   -81.960   -92.570  -109.300
  -132.910  -160.620  -188.660  -213.870  -233.220  -244.170  -246.810  -243.020
  -232.080  -209.760  -174.600  -133.480   -97.250   -71.870   -56.730   -50.280
   -51.860   -57.910   -62.450   -63.950   -66.560   -70.870   -68.420   -50.870
   -21.000    11.280    40.870    67.030    82.350    72.990    34.710   -18.200
   -66.260  -102.410  -131.220  -155.680  -173.080  -182.190  -185.730  -183.900
  -172.590  -151.170  -126.300  -104.230   -83.700   -61.220   -39.820   -25.760
   -17.160    -2.330    27.560    66.910    99.440   112.240   104.980    87.290
    69.830    58.040    51.550    47.590    44.330    42.180    42.510    45.400
    48.800    49.930    48.020    45.000    42.670    38.790    27.680     6.440
   -19.650   -40.150   -48.580   -46.960   -40.370   -30.040   -15.110      .390
     7.750     2.720    -9.290   -19.740   -26.630   -34.280   -45.140   -54.950
   -56.180   -43.890   -18.400    14.640    46.480    69.700    81.760    83.710
    77.200    66.060    60.120    72.150   107.500   158.120   207.900   242.010
   251.890   236.850   204.990   169.920   142.410   125.050   115.100   108.290
    97.700    74.500    36.450    -6.520   -40.630   -60.210   -66.120   -55.900
   -25.080    21.220    67.810   104.150   131.750   152.300   156.670   133.700
    85.690    27.260   -29.060   -79.350  -122.470  -156.130  -180.260  -197.930
  -210.530  -215.990  -213.530  -206.240  -197.200  -187.050  -177.550  -173.670
  -178.200  -186.360  -189.480  -183.710  -172.030  -157.780  -138.900  -110.180
   -69.950   -22.800    24.550    68.790   110.320   148.510   179.110   197.780
   204.420   201.650   190.110   167.900   134.460    93.340    51.960    20.530
     8.940    19.070    39.380    52.050    48.220    33.330    16.820     1.300
   -15.230   -31.970   -45.980   -57.280   -67.200   -72.910   -70.160   -61.550
   -56.410   -60.630   -71.720   -85.680  -103.010  -124.210  -143.730  -153.960
  -153.660  -148.270  -142.570  -137.170  -131.860  -128.910  -130.960  -137.250
  -143.390  -145.330  -144.280  -147.240  -158.800  -169.990  -158.560  -107.250
   -22.810    67.380   139.950   193.520   240.180   283.130   308.520   299.160
   252.670   185.420   121.140    76.440    53.970    46.250    44.960    47.070
    52.880    60.400    64.780    63.970    62.250    65.630    74.600    83.690
    88.100    87.830    84.290    75.060    55.480    25.570    -7.140   -32.910
   -47.120   -51.600   -50.440   -46.590   -41.940   -37.790   -33.830   -27.990
   -18.510    -5.320    11.720    34.180    62.500    92.400   116.360   129.430
   132.730   130.710   126.530   120.500   111.600    99.450    85.020    70.070
    54.790    35.960     8.610   -28.780   -71.310  -110.900  -142.390  -165.830
  -183.440  -196.150  -203.650  -206.430  -206.240  -204.510  -201.320  -196.350
  -190.450  -185.390  -181.910  -178.170  -171.080  -159.170  -143.530  -125.530
  -104.810   -80.380   -52.910   -24.600     3.110    29.910    55.000    76.690
    93.660   104.250   103.340    83.360    41.840   -12.730   -66.070  -109.540
  -144.460  -175.590  -203.650  -225.700  -239.700  -245.830  -244.700  -236.790
  -223.400  -205.810  -183.110  -152.670  -113.720   -69.460   -25.010    16.210
    53.900    89.240   122.280   151.090   173.380   189.200   201.140   211.150
   217.930   218.370   211.350   198.660   182.900   165.850   148.910   132.510
   114.250    89.650    56.560    17.640   -22.760   -62.590  -100.760  -133.240
  -154.200  -161.770  -159.870  -152.950  -141.280  -123.030   -99.010   -72.520
   -45.460   -17.340    11.830    40.280    66.970    93.250   120.470   147.360
   171.030   189.500   201.800   206.460   201.730   187.650   166.800   142.220
   115.100    84.620    49.990    12.680   -23.150   -52.560   -72.580   -82.710
   -83.010   -72.870   -52.630   -25.490     3.600    31.040    55.590    77.190
    96.500   115.380   135.380   154.590   167.460   169.350   160.510   144.660
   124.880   102.300    77.770    52.750    28.730     7.410    -8.480   -16.270
   -15.810    -9.870    -1.880     5.730    11.020    12.420    10.320     7.570
     7.000     8.690    10.690    11.810    12.670    14.210    16.410    18.870
    21.570    24.340    26.200    25.820    22.690    17.440    11.110     4.350
    -2.800   -10.430   -18.390   -26.270   -33.580   -40.060   -45.810   -51.370
   -57.580   -65.230   -74.390   -84.060   -92.720   -99.520  -104.950  -110.090
  -114.760  -116.150  -110.010   -93.930   -69.630   -41.920   -15.310     7.580
    24.740    33.670    33.380    27.030    20.550    17.360    15.300     9.920
      .200   -10.310   -18.000   -23.180   -28.590   -35.060   -40.190   -41.320
   -38.710   -35.250   -33.750   -35.100   -38.510   -42.580   -45.930   -47.300
   -45.640   -40.470   -32.580   -24.150   -17.920   -15.530   -16.590   -19.140
   -20.640   -18.670   -11.700     -.310    12.560    23.370    29.960    31.290
    26.120    13.780    -3.130   -18.520   -26.720   -26.610   -21.160   -13.720
    -5.940     1.090     5.890     7.400     5.940     2.390    -2.960   -10.130
   -18.440   -26.460   -33.000   -37.680   -40.730   -42.350   -42.000   -37.970
   -28.160   -12.090     7.970    28.270    46.130    60.630    71.080    75.860
    73.870    66.460    56.670    46.290    34.580    20.420     5.090    -7.940
   -15.560   -16.620   -11.170      .500    17.070    35.040    49.810    58.500
    61.440    60.480    56.510    48.890    37.060    21.920     5.750    -8.900
   -20.240   -27.710   -32.020   -34.660   -36.870   -38.800   -39.690   -38.890
   -36.450   -32.990   -29.150   -25.760   -24.070   -25.270   -29.130   -33.530
   -36.130   -36.290   -35.160   -34.010   -33.000   -31.800   -30.290   -28.280
   -24.970   -19.570   -12.210    -3.460     6.720    18.820    32.370    45.460
    56.030    63.270    67.330    68.440    66.800    63.060    58.110    52.390
    45.770    38.050    29.090    18.790     7.440    -3.690   -13.090   -20.490
   -26.880   -32.540   -35.710   -34.080   -27.590   -19.200   -12.640    -9.930
   -10.840   -13.630   -15.830   -15.230   -11.400    -6.290    -2.750    -2.070
    -3.460    -5.540    -7.460    -7.990    -4.720     4.400    18.580    33.920
    46.160    53.450    56.410    56.450    54.440    50.890    46.500    42.130
    38.400    35.430    33.120    31.390    30.140    28.710    26.020    21.560
    16.510    13.470    14.630    20.190    28.510    37.490    45.660    52.230
    56.680    58.810    58.930    58.000    57.360    58.000    59.890    61.990
    62.960    61.960    58.850    54.080    48.620    43.680    40.110    37.920
    36.650    35.780    34.500    31.430    25.530    17.480     9.690     4.470
     2.590     3.440     6.100     9.670    13.100    15.660    17.400    18.590
    18.980    18.170    16.590    15.470    15.380    15.510    14.610    12.230
     8.800     4.790      .310    -4.850   -11.030   -18.360   -26.110   -32.840
   -37.470   -40.380   -42.860   -45.660   -48.440   -50.670   -52.270   -53.190
   -52.770   -50.150   -45.020   -37.850   -29.470   -20.820   -12.800    -6.130
    -1.160     1.960     2.980     1.900     -.530    -2.960    -4.400    -4.900
    -5.120    -5.680    -6.770    -8.360   -10.280   -12.160   -13.610   -14.340
   -14.150   -12.840   -10.350    -6.990    -3.380     -.060     2.800     5.250
     7.290     8.830     9.630     9.190     6.850     2.310    -3.960   -11.000
   -17.960   -24.290   -29.390   -32.420   -32.830   -31.100   -28.740   -27.510
   -28.490   -31.640   -36.020   -40.350   -43.700   -45.620   -45.560   -42.170
   -33.670   -19.650    -2.530    13.180    23.800    28.640    29.550    28.690
    27.190    25.400    23.490    21.300    18.090    13.380     7.620     1.770
    -3.950   -10.190   -17.170   -23.830   -28.620   -30.980   -31.520   -31.100
   -30.000   -28.220   -25.840   -22.920   -19.390   -15.290   -10.990    -6.790
    -2.280     3.520    11.200    20.140    28.750    35.420    39.460    41.130
    40.820    38.240    32.700    24.060    13.330     2.000    -9.060   -19.720
   -29.810   -38.570   -45.110   -49.080   -50.720   -50.410   -48.260   -43.900
   -36.540   -25.650   -11.710     3.600    18.050    29.890    38.090    42.100
    41.620    36.800    28.610    18.710     8.920      .350    -7.040   -14.150
   -21.730   -29.660   -37.220   -43.720   -48.850   -52.550   -54.840   -55.740
   -55.310   -53.640   -50.750   -46.630   -41.180   -34.450   -26.940   -19.390
   -12.030    -4.150     5.010    15.130    24.810    32.880    39.170    43.920
    46.990    47.840    45.900    40.830    32.700    22.510    12.170     3.360
    -3.600    -9.570   -15.400   -21.270   -26.870   -31.520   -34.280   -34.440
   -32.300   -28.830   -24.500   -18.580   -10.050     1.330    14.840    29.160
    42.520    52.950    59.330    62.170    63.100    63.410    63.470    63.380
    63.550    64.290    65.310    65.910    65.590    64.160    61.330    56.630
    49.910    41.680    32.690    23.220    12.830      .960   -12.090   -24.990
   -35.930   -43.450   -46.710   -45.320   -39.320   -29.740   -18.810    -9.220
    -2.730      .550     1.550     1.030     -.970    -4.490    -9.020   -13.590
   -17.620   -21.260   -24.820   -28.310   -31.480   -34.090   -35.630   -35.000
   -31.160   -24.360   -16.580   -10.110    -5.980    -3.670    -2.270    -1.640
    -2.320    -4.920    -9.500   -15.500   -21.820   -27.180   -30.750   -32.630
   -33.500   -33.620   -32.230   -28.470   -22.630   -16.590   -12.620   -11.920
   -14.060   -17.690   -21.290   -23.700   -24.390   -23.720   -22.710   -22.280
   -22.630   -23.220   -23.300   -22.460   -20.850   -19.120   -18.110   -18.190
   -18.900   -19.340   -18.950   -17.860   -16.490   -14.950   -13.020   -10.460
    -7.450    -4.610    -2.850    -2.940    -5.190    -9.240   -14.220   -19.030
   -22.630   -24.330   -24.030   -22.190   -19.390   -16.090   -12.720    -9.890
    -8.090    -7.300    -6.960    -6.480    -5.500    -3.900    -1.600     1.340
     4.650     7.910    10.560    11.720    10.500     6.890     2.370     -.720
     -.870     1.730     5.800    10.170    14.180    17.420    19.710    21.370
    23.150    25.530    28.350    31.230    34.020    36.690    38.960    40.330
    40.520    39.470    37.060    33.000    27.310    20.440    13.060     5.650
    -1.410    -7.740   -13.160   -17.820   -21.870   -25.150   -27.350   -28.600
   -29.510   -30.610   -31.950   -33.300   -34.330   -34.510   -33.070   -29.650
   -24.730   -19.280   -14.010    -9.390    -6.140    -5.220    -7.060   -10.950
   -15.550   -19.820   -23.310   -25.830   -27.240   -27.560   -27.190   -26.780
   -26.970   -27.980   -29.340   -29.930   -28.670   -25.120   -19.710   -13.260
    -6.430      .510     7.630    15.060    22.540    29.070    33.230    34.060
    31.480    26.150    18.980    11.050     3.700    -1.940    -5.460    -7.090
    -7.150    -5.860    -3.640    -1.450     -.210     -.110     -.410      .020
     2.030     5.830    11.050    17.130    23.630    30.310    36.870    42.730
    47.280    50.180    51.440    51.210    49.720    47.520    45.380    43.800
    42.620    41.240    39.180    36.430    33.220    29.790    26.300    22.750
    18.930    14.410     8.990     3.070    -2.560    -7.360   -11.480   -15.500
   -19.840   -24.310   -28.120   -30.350   -30.300   -27.960   -24.140   -20.170
   -17.110   -15.240   -14.270   -13.870   -14.010   -14.520   -14.750   -13.720
   -10.920    -6.870    -2.770      .380     2.540     4.300     5.870     6.660
     5.880     3.520      .450    -2.340    -4.360    -5.630    -6.270    -6.530
    -6.860    -7.580    -8.480    -8.910    -8.290    -6.510    -3.860     -.850
     2.010     4.410     6.560     9.090    12.460    16.550    20.770    24.490
    27.270    28.830    29.000    27.780    25.200    21.230    15.990     9.990
     4.120     -.780    -4.370    -6.940    -9.040   -10.960   -12.520   -13.230
   -12.770   -11.170    -8.710    -5.630    -2.130     1.540     5.100     8.210
    10.200    10.180     7.560     2.800    -2.730    -7.580   -11.100   -13.470
   -15.170   -16.520   -17.700   -18.830   -20.160   -21.870   -23.890   -25.710
   -26.660   -26.270   -24.550   -21.760   -18.140   -13.840    -9.110    -4.260
      .310     4.160     6.850     8.220     8.570     8.420     8.020     7.130
     5.440     3.020      .370    -1.870    -3.260    -3.760    -3.660    -3.400
    -3.410    -4.070    -5.630    -8.020   -10.770   -13.080   -14.260   -14.140
   -13.130   -11.820   -10.610    -9.460    -8.160    -6.630    -5.030    -3.560
    -2.290    -1.190     -.150     1.100     2.890     5.220     7.410     8.460
     7.930     6.350     4.560     2.850      .690    -2.610    -7.230   -12.600
   -17.700   -21.570   -23.800   -24.680   -24.550   -23.300   -20.490   -16.090
   -10.800    -5.550     -.810     3.390     7.050    10.160    12.840    15.310
    17.530    19.240    20.430    21.490    22.720    23.890    24.360    23.580
    21.570    18.840    16.130    13.830    11.840     9.880     7.990     6.700
     6.380     6.870     7.710     8.630     9.650    10.660    11.560    12.690
    14.770    18.150    22.290    26.280    29.600    32.390    34.950    37.440
    39.890    42.130    43.720    44.330    44.060    43.330    42.280    40.650
    38.320    35.670    33.230    31.220    29.660    28.710    28.620    29.280
    30.210    31.090    32.030    33.240    34.650    36.020    37.320    38.630
    39.980    41.220    42.280    43.160    43.870    44.390    44.610    44.430
    43.700    42.400    40.530    37.960    34.520    30.440    26.520    23.540
    21.450    19.590    17.570    15.550    13.620    11.530     9.280     7.500
     6.580     5.730     3.670      .130    -3.830    -7.380   -10.720   -14.390
   -18.090   -21.010   -22.830   -23.720   -23.750   -22.820   -21.240   -19.520
   -17.520   -14.380    -9.600    -3.820     1.800     6.570    10.280    12.550
    12.790    10.860     7.360     3.050    -1.580    -6.300   -10.910   -15.120
   -18.630   -21.030   -22.020   -21.750   -20.790   -19.700   -18.670   -17.650
   -16.600   -15.370   -13.670   -11.420    -9.130    -7.570    -7.050    -7.110
    -7.030    -6.530    -5.880    -5.350    -4.840    -4.070    -2.980    -1.890
    -1.150     -.820     -.720     -.850    -1.530    -3.180    -5.950    -9.620
   -13.660   -17.310   -19.740   -20.580   -20.210   -19.430   -18.830   -18.530
   -18.540   -18.950   -19.620   -20.040   -19.670   -18.390   -16.280   -13.290
    -9.320    -4.830     -.810     1.980     3.590     4.410     4.440     3.240
      .630    -2.950    -6.770   -10.350   -13.480   -16.010   -17.780   -18.770
   -18.940   -18.180   -16.430   -13.990   -11.460    -9.230    -7.300    -5.530
    -4.060    -3.260    -3.380    -4.290    -5.570    -6.830    -7.840    -8.650
    -9.390    -9.990   -10.060    -9.140    -7.120    -4.510    -2.080     -.320
      .770     1.480     2.170     3.160     4.620     6.470     8.300     9.650
    10.270    10.080     9.120     7.470     5.360     3.140     1.080     -.660
    -1.900    -2.410    -2.140    -1.330     -.420      .210      .280     -.430
    -1.910    -3.710    -5.060    -5.440    -4.890    -3.880    -2.910    -2.440
    -2.840    -4.290    -6.450    -8.700   -10.630   -12.260   -13.770   -15.030
   -15.630   -15.260   -14.020   -12.320   -10.630    -9.140    -7.810    -6.630
    -5.790    -5.570    -5.970    -6.620    -7.070    -7.150    -6.980    -6.690
    -6.320    -6.050    -6.150    -6.710    -7.570    -8.600   -10.060   -12.310
   -15.220   -18.040   -19.930   -20.560   -20.060   -18.700   -16.740   -14.610
   -12.820   -11.720   -11.250   -11.240   -11.740   -12.870   -14.490   -16.180
   -17.510   -18.380   -18.900   -19.170   -19.240   -19.200   -19.280   -19.540
   -19.710   -19.410   -18.570   -17.580   -16.890   -16.520   -16.140   -15.570
   -15.050   -14.920   -15.140   -15.390   -15.700   -16.390   -17.490   -18.310
   -17.920   -15.960   -12.770    -8.790    -4.320      .110     3.610     5.540
     6.110     6.240     6.720     7.820     9.430    11.310    13.160    14.550
    15.040    14.350    12.280     8.810     4.430      .190    -2.740    -3.800
    -3.310    -2.040     -.570      .910     2.360     3.610     4.440     4.950
     5.630     6.910     8.570     9.880    10.230     9.640     8.430     6.850
     4.980     3.010     1.180     -.500    -2.300    -4.370    -6.460    -8.170
    -9.400   -10.440   -11.720   -13.480   -15.700   -18.070   -20.100   -21.420
   -21.910   -21.770   -21.260   -20.480   -19.240   -17.330   -14.750   -11.720
    -8.540    -5.350    -2.250      .600     3.020     5.030     6.830     8.410
     9.380     9.280     7.900     5.470     2.440     -.630    -3.250    -5.230
    -6.750    -8.080    -9.200    -9.820    -9.640    -8.490    -6.330    -3.270
      .360     4.060     7.340     9.730    10.930    10.980    10.430     9.900
     9.470     8.670     7.190     5.370     3.920     3.180     2.970     2.900
     2.680     2.160     1.380      .740      .710     1.320     2.070     2.560
     2.980     3.780     4.950     5.910     6.130     5.680     4.990     4.400
     4.030     3.920     4.100     4.440     4.730     4.950     5.330     6.150
     7.400     8.690     9.480     9.430     8.610     7.460     6.550     5.990
     5.410     4.330     2.720      .900     -.840    -2.430    -3.760    -4.520
    -4.510    -3.840    -2.850    -1.820     -.970     -.440     -.180      .160
      .920     2.070     3.330     4.670     6.340     8.420    10.470    11.990
    12.900    13.390    13.420    12.750    11.370     9.750     8.390     7.340
     6.140     4.360     1.990     -.650    -3.160    -5.360    -7.130    -8.270
    -8.550    -8.100    -7.400    -6.900    -6.600    -6.170    -5.440    -4.480
    -3.320    -1.870     -.080     1.830     3.610     5.110     6.340     7.390
     8.450     9.660    10.800    11.370    11.070    10.230     9.470     9.120
     9.090     9.200     9.390     9.680    10.000    10.350    10.800    11.330
    11.790    11.990    11.910    11.540    10.950    10.340    10.120    10.520
    11.300    11.810    11.530    10.520     9.310     8.520     8.450     8.860
     9.210     9.180     8.880     8.690     8.870     9.340     9.820     9.960
     9.580     8.760     7.880     7.340     7.150     7.030     6.900     7.050
     7.760     8.870     9.960    10.800    11.530    12.170    12.480    12.310
    11.840    11.300    10.540     9.300     7.670     6.040     4.570     3.010
     1.160     -.800    -2.580    -4.250    -6.140    -8.340   -10.580   -12.490
   -13.800   -14.260   -13.510   -11.390    -8.260    -4.870    -2.010     -.180
      .520      .340     -.260     -.770     -.860     -.350      .730     2.190
     3.780     5.170     6.080     6.370     6.150     5.680     5.030     3.950
     2.230      .020    -2.190    -4.000    -5.210    -5.560    -4.810    -3.050
     -.930      .790     1.770     2.070     1.940     1.620     1.510     1.900
     2.690     3.410     3.680     3.420     2.750     1.730      .520     -.600
    -1.320    -1.550    -1.320     -.510     1.040     3.350     6.110     8.820
    11.000    12.400    13.000    13.040    12.870    12.750    12.720    12.710
    12.760    12.900    13.010    12.780    11.990    10.740     9.300     7.660
     5.460     2.540     -.610    -3.250    -5.130    -6.650    -8.210    -9.670
   -10.640   -11.050   -11.120   -10.930   -10.450    -9.930    -9.800   -10.190
   -10.640   -10.690   -10.210    -9.270    -7.700    -5.400    -2.780     -.580
      .900     2.000     3.200     4.580     5.970     7.310     8.560     9.420
     9.550     8.980     8.010     6.770     5.130     3.130     1.090     -.660
    -2.110    -3.410    -4.520    -5.260    -5.500    -5.230    -4.460    -3.330
    -2.150    -1.290     -.920     -.990    -1.450    -2.270    -3.220    -4.000
    -4.520    -4.950    -5.380    -5.730    -5.910    -6.100    -6.460    -6.810
    -6.690    -5.890    -4.530    -2.870    -1.050      .870     2.760     4.450
     5.770     6.610     7.020     7.280     7.680     8.200     8.510     8.310
     7.700     7.020     6.450     5.870     5.160     4.390     3.750     3.240
     2.710     1.950      .930     -.240    -1.380    -2.360    -3.160    -3.880
    -4.700    -5.730    -6.900    -7.990    -8.880    -9.600   -10.330   -11.150
   -12.000   -12.710   -13.200   -13.520   -13.820   -14.270   -14.920   -15.620
   -16.160   -16.390   -16.270   -15.790   -14.930   -13.760   -12.440   -10.990
    -9.330    -7.410    -5.440    -3.820    -2.800    -2.360    -2.410    -2.810
    -3.380    -3.810    -3.800    -3.410    -2.980    -2.880    -3.180    -3.720
    -4.340    -5.000    -5.540    -5.650    -5.040    -3.730    -2.020     -.010
     2.410     5.230     7.890     9.650    10.240     9.970     9.290     8.330
     7.080     5.620     4.090     2.470      .790     -.620    -1.260    -1.080
     -.560     -.240     -.190     -.240     -.150      .330     1.520     3.460
     5.540     6.950     7.540     8.010     8.970    10.210    11.040    11.120
    10.700    10.080     9.360     8.680     8.290     8.180     7.840     6.670
     4.610     2.100     -.460    -3.070    -5.800    -8.510   -10.860   -12.580
   -13.600   -14.000   -13.890   -13.360   -12.470   -11.420   -10.560   -10.230
   -10.430   -10.840   -11.050   -10.900   -10.410    -9.620    -8.590    -7.420
    -6.250    -5.110    -4.070    -3.310    -3.070    -3.370    -4.000    -4.760
    -5.610    -6.470    -7.110    -7.240    -6.820    -6.010    -5.000    -3.990
    -3.220    -2.890    -3.010    -3.370    -3.850    -4.520    -5.400    -6.250
    -6.770    -6.900    -6.820    -6.690    -6.500    -6.140    -5.510    -4.480
    -3.080    -1.540     -.210      .890     2.030     3.420     4.840     5.910
     6.530     6.970     7.410     7.710     7.630     7.220     6.690     6.060
     5.220     4.200     3.340     2.970     3.100     3.460     3.850     4.230
     4.530     4.610     4.500     4.470     4.730     5.170     5.480     5.570
     5.670     5.950     6.210     6.240     6.150     6.310     6.760     7.160
     7.200     6.900     6.490     6.180     6.070     6.270     6.640     6.750
     6.170     4.870     3.150     1.290     -.570    -2.360    -4.060    -5.760
    -7.490    -9.000    -9.950   -10.490   -11.200   -12.340   -13.320   -13.360
   -12.370   -10.930    -9.400    -7.630    -5.520    -3.460    -1.900     -.780
      .250     1.250     2.030     2.550     3.100     3.880     4.740     5.420
     5.900     6.340     6.820     7.290     7.660     7.790     7.590     7.140
     6.790     6.810     7.170     7.570     7.830     8.020     8.330     8.740
     9.130     9.360     9.310     8.950     8.470     8.200     8.290     8.460
     8.320     7.890     7.660     8.070     8.940     9.630     9.660     9.050
     8.100     6.940     5.560     3.920     2.120      .240    -1.640    -3.400
    -4.920    -6.200    -7.320    -8.250    -8.780    -8.840    -8.700    -8.730
    -9.030    -9.360    -9.440    -9.160    -8.480    -7.380    -5.920    -4.230
    -2.330     -.130     2.240     4.270     5.470     5.750     5.450     4.960
     4.540     4.410     4.740     5.430     6.170     6.790     7.370     7.970
     8.380     8.310     7.710     6.760     5.690     4.620     3.720     3.180
     3.040     3.090     3.000     2.510     1.570      .410     -.500     -.830
     -.790     -.940    -1.660    -2.750    -3.750    -4.420    -4.800    -5.040
    -5.180    -5.340    -5.700    -6.410    -7.450    -8.650    -9.700   -10.210
   -10.050    -9.490    -8.960    -8.650    -8.440    -8.360    -8.720    -9.760
   -11.160   -12.410   -13.320   -14.030   -14.500   -14.370   -13.430   -12.120
   -11.160   -10.880   -11.000   -11.090   -10.960   -10.620   -10.150    -9.620
    -9.130    -8.770    -8.520    -8.360    -8.330    -8.560    -8.970    -9.260
    -9.150    -8.580    -7.620    -6.410    -5.060    -3.670    -2.230     -.680
      .830     1.890     2.160     1.780     1.290      .920      .290     -.990
    -2.620    -3.860    -4.290    -4.030    -3.300    -2.100     -.450     1.290
     2.730     3.700     4.180     4.010     3.050     1.560      .050    -1.080
    -1.770    -2.100    -2.130    -2.070    -2.210    -2.680    -3.370    -4.200
    -5.180    -6.310    -7.400    -8.270    -8.920    -9.290    -9.140    -8.260
    -6.770    -4.960    -3.030    -1.010     1.060     3.070     5.000     6.820
     8.400     9.540    10.150    10.260     9.900     9.100     8.040     7.060
     6.280     5.550     4.780     4.260     4.400     5.200     6.310     7.470
     8.660     9.820    10.640    10.930    10.860    10.780    10.860    10.990
    11.110    11.250    11.380    11.360    11.110    10.720    10.440    10.500
    10.990    11.840    12.730    13.300    13.400    13.180    12.900    12.690
    12.520    12.270    11.790    10.950     9.840     8.690     7.650     6.620
     5.410     3.990     2.580     1.380      .570      .340      .760     1.510
     2.050     2.120     1.960     1.980     2.190     2.370     2.450     2.550
     2.570     2.140     1.050     -.470    -2.050    -3.480    -4.750    -5.780
    -6.340    -6.300    -5.740    -4.920    -4.140    -3.750    -3.910    -4.600
    -5.530    -6.410    -7.020    -7.250    -6.990    -6.160    -4.830    -3.320
    -2.080    -1.410    -1.310    -1.570    -1.940    -2.210    -2.240    -2.010
    -1.620    -1.130     -.390      .800     2.380     3.990     5.300     6.210
     6.770     6.890     6.420     5.490     4.410     3.360     2.300     1.160
      .080     -.690    -1.020     -.970     -.670     -.200      .540     1.640
     3.100     4.600     5.760     6.500     7.130     7.970     8.980     9.830
    10.380    10.840    11.470    12.190    12.720    12.820    12.460    11.700
    10.680     9.660     8.960     8.710     8.610     8.180     7.080     5.410
     3.470     1.530     -.300    -1.940    -3.260    -4.170    -4.730    -5.070
    -5.360    -5.720    -6.270    -7.060    -8.010    -8.930    -9.720   -10.480
   -11.300   -11.950   -12.040   -11.400   -10.430    -9.740    -9.620    -9.910
   -10.330   -10.740   -11.110   -11.400   -11.590   -11.710   -11.660   -11.230
   -10.460    -9.820    -9.840   -10.460   -10.990   -10.810    -9.880    -8.590
    -7.210    -5.820    -4.450    -3.200    -2.130    -1.220     -.560     -.250
     -.210     -.080      .450     1.320     2.240     2.970     3.550     4.050
     4.510     4.980     5.530     6.090     6.470     6.610     6.650     6.740
     6.790     6.610     6.210     5.910     6.010     6.550     7.420     8.580
     9.990    11.420    12.610    13.440    13.920    14.000    13.470    12.260
    10.590     8.800     7.080     5.570     4.460     3.890     3.720     3.630
     3.430     3.200     2.970     2.660     2.130     1.480      .940      .680
      .700      .820      .770      .340     -.460    -1.390    -2.150    -2.610
    -2.810    -2.860    -2.780    -2.620    -2.480    -2.480    -2.590    -2.630
    -2.430    -2.050    -1.770    -1.830    -2.160    -2.540    -2.860    -3.170
    -3.480    -3.670    -3.640    -3.540    -3.670    -4.130    -4.780    -5.410
    -5.930    -6.280    -6.380    -6.070    -5.250    -4.050    -2.750    -1.690
    -1.060     -.790     -.750     -.820     -.990    -1.180    -1.260    -1.220
    -1.220    -1.360    -1.510    -1.380     -.940     -.560     -.710    -1.460
    -2.510    -3.560    -4.570    -5.640    -6.850    -8.260    -9.960   -11.930
   -13.860   -15.370   -16.410   -17.160   -17.680   -17.850   -17.660   -17.300
   -16.830   -15.960   -14.480   -12.640   -10.880    -9.250    -7.520    -5.720
    -4.160    -2.900    -1.580      .030     1.660     2.930     3.870     4.710
     5.420     5.710     5.480     4.960     4.340     3.600     2.810     2.180
     1.940     2.040     2.270     2.490     2.700     2.890     2.980     2.820
     2.210     1.080     -.380    -1.760    -2.730    -3.220    -3.470    -3.770
    -4.210    -4.740    -5.270    -5.850    -6.530    -7.220    -7.670    -7.650
    -7.170    -6.430    -5.590    -4.760    -4.030    -3.480    -3.020    -2.530
    -2.020    -1.650    -1.500    -1.370     -.940     -.060     1.110     2.250
     3.060     3.390     3.350     3.250     3.310     3.450     3.440     3.220
     2.970     2.840     2.870     3.020     3.280     3.640     3.960     4.140
     4.210     4.310     4.470     4.640     4.810     5.050     5.320     5.420
     5.300     5.140     5.160     5.310     5.320     5.050     4.620     4.270
     4.150     4.230     4.440     4.630     4.690     4.620     4.490     4.330
     4.050     3.560     2.960     2.470     2.240     2.280     2.530     2.860
     3.160     3.360     3.440     3.380     2.990     2.100      .820     -.480
    -1.420    -1.950    -2.220    -2.370    -2.460    -2.510    -2.550    -2.540
    -2.370    -2.030    -1.620    -1.240     -.860     -.380      .210      .820
     1.340     1.730     2.050     2.410     2.840     3.330     3.810     4.190
     4.470     4.720     4.970     5.140     5.120     4.910     4.630     4.340
     3.930     3.290     2.440     1.590      .940      .650      .770     1.220
     1.860     2.510     3.130     3.790     4.490     5.160     5.700     6.110
     6.530     7.020     7.480     7.670     7.490     7.040     6.510     5.980
     5.320     4.470     3.490     2.470     1.410      .270     -.830    -1.700
    -2.300    -2.710    -2.970    -2.990    -2.770    -2.550    -2.660    -3.160
    -3.740    -4.050    -4.030    -3.950    -4.050    -4.280    -4.360    -4.110
    -3.610    -3.080    -2.580    -2.100    -1.670    -1.380    -1.190     -.880
     -.390      .110      .470      .740     1.000     1.060      .660     -.160
    -1.090    -1.910    -2.650    -3.380    -4.010    -4.490    -4.900    -5.270
    -5.480    -5.490    -5.470    -5.570    -5.690    -5.580    -5.190    -4.620
    -3.790    -2.540    -1.020      .250      .890     1.000     1.040     1.290
     1.760     2.360     2.990     3.530     3.880     4.090     4.240     4.240
     3.900     3.240     2.490     1.790     1.090      .400     -.110     -.370
     -.610    -1.000    -1.400    -1.610    -1.690    -1.790    -1.750    -1.210
     -.190      .720     1.030      .830      .500      .180     -.240     -.730
    -1.070    -1.120    -1.030    -1.020    -1.230    -1.720    -2.520    -3.470
    -4.370    -5.100    -5.720    -6.300    -6.780    -7.100    -7.310    -7.480
    -7.600    -7.610    -7.490    -7.240    -6.750    -5.990    -5.140    -4.520
    -4.220    -4.090    -3.910    -3.610    -3.200    -2.620    -1.850    -1.040
     -.410     -.060      .070      .010     -.200     -.440     -.510     -.400
     -.320     -.420     -.540     -.360      .220      .960     1.680     2.330
     2.850     3.040     2.760     2.200     1.600      .990      .230     -.610
    -1.230    -1.540    -1.800    -2.140    -2.280    -1.920    -1.320    -1.020
    -1.150    -1.270    -1.010     -.510     -.100      .160      .400      .640
      .660      .420      .070     -.220     -.470     -.800    -1.220    -1.720
    -2.340    -3.120    -3.930    -4.610    -5.140    -5.610    -6.090    -6.550
    -6.980    -7.400    -7.790    -8.030    -8.030    -7.810    -7.560    -7.400
    -7.380    -7.450    -7.620    -7.920    -8.340    -8.820    -9.230    -9.440
    -9.330    -8.920    -8.370    -7.840    -7.240    -6.350    -5.150    -3.950
    -3.020    -2.230    -1.270     -.140      .780     1.210     1.340     1.550
     1.910     2.240     2.470     2.810     3.450     4.270     5.030     5.590
     5.870     5.790     5.290     4.440     3.460     2.530     1.760     1.220
      .950      .850      .820      .810      .930     1.220     1.620     2.070
     2.670     3.630     4.980     6.500     7.930     9.210    10.470    11.760
    12.950    13.810    14.370    14.840    15.400    15.970    16.370    16.520
    16.510    16.440    16.310    16.160    16.040    15.900    15.560    14.900
    13.990    13.120    12.490    12.100    11.910    11.920    12.060    12.200
    12.280    12.430    12.710    12.900    12.690    12.070    11.450    11.180
    11.250    11.440    11.640    11.830    11.930    11.860    11.740    11.820
    12.190    12.600    12.760    12.550    12.000    11.080     9.790     8.290
     6.900     5.860     5.220     4.870     4.660     4.500     4.370     4.260
     4.100     3.730     2.990     1.900      .720     -.180     -.550     -.390
      .010      .310      .400      .450      .700     1.170     1.570     1.650
     1.420     1.100      .820      .500      .020     -.590    -1.220    -1.760
    -2.210    -2.560    -2.860    -3.180    -3.660    -4.270    -4.800    -5.000
    -4.910    -4.910    -5.290    -5.960    -6.530    -6.790    -6.860    -6.920
    -6.870    -6.450    -5.650    -4.680    -3.820    -3.170    -2.710    -2.400
    -2.150    -1.770    -1.150     -.390      .220      .460      .390      .210
      .000     -.330     -.860    -1.450    -1.920    -2.280    -2.760    -3.450
    -4.130    -4.650    -5.100    -5.680    -6.250    -6.480    -6.330    -6.150
    -6.150    -6.150    -5.880    -5.430    -5.170    -5.240    -5.440    -5.580
    -5.660    -5.740    -5.810    -5.840    -5.890    -5.970    -6.010    -6.000
    -6.040    -6.230    -6.570    -6.920    -7.170    -7.270    -7.250    -7.100
    -6.840    -6.450    -5.990    -5.700    -5.820    -6.280    -6.700    -6.860
    -6.950    -7.300    -7.840    -8.260    -8.480    -8.700    -9.070    -9.380
    -9.440    -9.330    -9.150    -8.790    -8.100    -7.240    -6.600    -6.330
    -6.210    -6.030    -5.930    -6.210    -6.880    -7.670    -8.240    -8.410
    -8.160    -7.570    -6.780    -6.060    -5.630    -5.450    -5.300    -5.010
    -4.680    -4.490    -4.500    -4.610    -4.800    -5.060    -5.240    -4.960
    -4.030    -2.750    -1.680    -1.210    -1.450    -2.370    -3.700    -4.790
    -4.930    -4.050    -2.860    -2.080    -1.790    -1.630    -1.450    -1.340
    -1.280     -.990     -.330      .420      .910     1.120     1.410     2.150
     3.420     4.910     6.110     6.650     6.670     6.630     6.710     6.710
     6.380     5.890     5.420     4.820     3.770     2.360     1.040     -.070
    -1.290    -2.760    -3.980    -4.340    -3.820    -2.920    -2.040    -1.160
     -.260      .530     1.230     2.020     2.940     3.550     3.270     1.950
     -.010    -1.940    -3.390    -4.310    -4.990    -5.780    -6.680    -7.330
    -7.280    -6.470    -5.300    -4.380    -4.160    -4.640    -5.260    -5.290
    -4.360    -2.790    -1.230      .010     1.020     1.960     2.750     3.180
     3.230     3.060     2.890     2.920     3.070     3.010     2.410     1.330
      .170     -.780    -1.570    -2.300    -2.850    -3.110    -3.250    -3.520
    -3.850    -3.890    -3.410    -2.530    -1.410     -.100     1.320     2.620
     3.670     4.640     5.740     6.930     7.900     8.360     8.360     8.170
     7.990     7.810     7.460     6.880     6.180     5.450     4.610     3.650
     2.750     2.270     2.350     2.790     3.280     3.670     4.010     4.330
     4.660     5.000     5.360     5.750     6.120     6.320     6.170     5.520
     4.570     3.720     3.260     3.060     2.860     2.640     2.590     2.750
     2.880     2.730     2.400     2.260     2.490     3.010     3.560     4.000
     4.340     4.620     4.760     4.580     3.970     3.010     2.010     1.370
     1.220     1.350     1.410     1.300     1.130      .990      .690      .080
     -.760    -1.570    -2.170    -2.560    -2.760    -2.870    -3.060    -3.550
    -4.300    -5.040    -5.540    -5.870    -6.170    -6.430    -6.520    -6.380
    -6.060    -5.580    -4.940    -4.240    -3.570    -2.960    -2.380    -1.800
    -1.230     -.670     -.190      .110      .250      .390      .560      .610
      .590      .830     1.550     2.400     2.840     2.820     2.820     3.240
     4.150     5.560     7.430     9.240    10.100     9.740     9.040     9.140
    10.210    11.530    12.570    13.420    14.170    14.480    14.100    13.230
    12.170    10.900     9.310     7.700     6.660     6.530     7.240     8.590
    10.330    11.960    12.780    12.160     9.860     6.080     1.650    -2.090
    -3.860    -3.330    -1.500     -.120     -.480    -2.670    -5.560    -7.660
    -8.120    -7.240    -6.090    -5.720    -6.490    -7.980    -9.210    -9.280
    -7.960    -6.010    -4.470    -3.880    -3.960    -4.240    -4.480    -4.580
    -4.450    -4.110    -3.760    -3.480    -3.020    -2.150    -1.060     -.220
      .220      .340      .030     -.950    -2.400    -3.490    -3.560    -2.790
    -2.000    -1.660    -1.530    -1.110     -.290      .660     1.440     2.010
     2.540     2.990     2.990     2.270     1.040     -.020     -.450     -.320
      .050      .480      .870      .840      .080    -1.240    -2.420    -2.990
    -3.020    -2.810    -2.430    -1.890    -1.350    -1.020     -.870     -.710
     -.520     -.380     -.280     -.160     -.130     -.440    -1.200    -2.280
    -3.550    -4.960    -6.340    -7.340    -7.830    -8.010    -8.060    -7.950
    -7.610    -7.310    -7.350    -7.730    -8.120    -8.270    -8.060    -7.440
    -6.460    -5.480    -4.830    -4.360    -3.570    -2.290     -.930      .160
     1.130     2.280     3.450     4.220     4.550     4.700     4.680     4.260
     3.540     3.150     3.540     4.420     5.100     5.300     5.250     5.150
     4.990     4.760     4.670     4.940     5.530     6.170     6.530     6.460
     6.110     5.930     6.290     7.090     7.740     7.730     7.000     5.930
     4.880     3.990     3.200     2.390     1.470      .520     -.260     -.790
    -1.210    -1.690    -2.160    -2.500    -2.690    -2.780    -2.720    -2.520
    -2.490    -3.010    -3.920    -4.600    -4.810    -5.060    -5.980    -7.350
    -8.190    -7.950    -7.020    -6.170    -5.630    -5.210    -4.780    -4.500
    -4.400    -4.150    -3.360    -1.950     -.270     1.240     2.290     2.970
     3.690     4.710     5.680     5.860     4.950     3.650     3.030     3.370
     3.830     3.430     2.120      .730     -.140     -.770    -1.930    -3.950
    -6.270    -7.900    -8.320    -7.820    -6.980    -5.770    -3.600     -.260
     3.270     5.430     5.580     4.390     2.830     1.230     -.380    -1.410
     -.890     1.500     4.810     7.550     8.470     7.000     3.290    -1.640
    -6.290    -9.420   -10.830   -11.050   -10.660    -9.920    -8.870    -7.700
    -6.870    -7.090    -8.610   -10.610   -11.460   -10.250    -7.780    -5.750
    -4.900    -4.640    -4.500    -4.970    -6.620    -8.880   -10.590   -11.390
   -11.770   -11.950   -11.490   -10.170    -8.520    -7.140    -6.030    -4.950
    -3.990    -3.340    -2.730    -1.920    -1.310    -1.510    -2.270    -2.590
    -1.960     -.890      .200     1.720     4.140     6.640     7.570     6.140
     3.250      .460    -1.360    -2.400    -3.430    -5.050    -7.060    -8.370
    -7.750    -5.010    -1.340     1.800     3.740     4.690     4.980     4.730
     4.040     3.110     2.040      .940      .200      .400     1.790     3.960
     6.210     7.940     8.650     7.880     5.490     2.220     -.530    -1.770
    -1.690    -1.340    -1.490    -1.910    -1.800     -.900      .210      .760
      .650      .380      .440      .880     1.430     1.980     2.610     3.430
     4.370     5.020     4.980     4.230     3.340     2.960     2.990     2.600
     1.110    -1.240    -3.460    -4.750    -4.970    -4.430    -3.520    -2.570
    -1.960    -1.920    -2.450    -3.260    -3.840    -3.690    -2.730    -1.420
     -.310      .480     1.230     2.060     2.610     2.580     2.200     1.900
     1.770     1.520     1.040      .600      .520      .850     1.360     1.690
     1.530      .950      .600     1.390     3.660     6.790     9.690    11.580
    12.370    12.330    11.870    11.460    11.500    12.100    12.970    13.640
    13.800    13.410    12.590    11.450    10.000     8.280     6.510     5.170
     4.710     5.130     5.950     6.600     6.740     6.360     5.600     4.800
     4.270     3.980     3.550     2.710     1.800     1.530     2.210     3.400
     4.420     4.900     4.790     4.120     2.910     1.430      .170     -.590
    -1.060    -1.640    -2.470    -3.230    -3.480    -3.060    -2.190    -1.230
     -.360      .320      .740      .860      .800      .860     1.130     1.340
     1.100      .470      .020      .330     1.350     2.420     2.830     2.340
     1.170     -.380    -2.090    -3.770    -5.180    -6.160    -6.720    -6.960
    -6.840    -6.310    -5.640    -5.290    -5.480    -5.830    -5.730    -4.950
    -3.750    -2.380     -.910      .600     1.790     2.410     2.630     2.950
     3.640     4.450     5.030     5.400     5.800     6.220     6.440     6.380
     6.330     6.600     7.050     7.230     7.010     6.670     6.540     6.560
     6.560     6.630     7.030     7.710     8.250     8.350     8.160     7.900
     7.480     6.660     5.580     4.770     4.650     5.130     5.890     6.620
     7.180     7.370     7.040     6.160     4.830     3.260     1.720      .600
      .180      .330      .630      .830     1.030     1.480     2.110     2.580
     2.670     2.470     2.180     1.850     1.310      .520     -.360     -.990
    -1.190     -.970     -.580     -.340     -.530    -1.240    -2.340    -3.580
    -4.860    -6.140    -7.340    -8.220    -8.580    -8.560    -8.480    -8.480
    -8.360    -7.910    -7.260    -6.820    -6.850    -7.280    -7.840    -8.290
    -8.500    -8.450    -8.270    -8.220    -8.470    -8.920    -9.350    -9.630
    -9.810    -9.890    -9.690    -9.120    -8.340    -7.590    -6.890    -6.120
    -5.260    -4.420    -3.680    -2.900    -2.040    -1.380    -1.300    -1.850
    -2.600    -3.040    -2.990    -2.610    -2.130    -1.700    -1.430    -1.440
    -1.780    -2.430    -3.260    -4.010    -4.360    -4.100    -3.320    -2.320
    -1.360     -.520      .230      .860     1.330     1.650     1.920     2.260
     2.770     3.490     4.330     5.000     5.220     4.940     4.410     3.990
     3.840     3.870     3.860     3.720     3.520     3.370     3.300     3.270
     3.260     3.290     3.460     3.920     4.810     6.100     7.490     8.580
     9.180     9.430     9.570     9.600     9.430     9.130     8.890     8.750
     8.470     7.840     6.980     6.070     5.130     4.080     3.020     2.140
     1.410      .530     -.620    -1.790    -2.620    -3.110    -3.610    -4.330
    -5.230    -6.090    -6.790    -7.280    -7.510    -7.330    -6.670    -5.570
    -4.280    -3.240    -2.790    -2.940    -3.380    -3.810    -4.140    -4.490
    -4.930    -5.510    -6.200    -6.890    -7.360    -7.480    -7.410    -7.490
    -7.940    -8.680    -9.410    -9.870    -9.940    -9.630    -8.940    -7.920
    -6.710    -5.470    -4.270    -3.020    -1.690     -.520      .120      .050
     -.540    -1.250    -1.870    -2.260    -2.210    -1.550     -.610     -.010
     -.080     -.550     -.970    -1.240    -1.540    -1.890    -2.010    -1.760
    -1.300     -.890     -.640     -.540     -.450     -.210      .360     1.150
     1.820     2.050     1.870     1.540     1.250      .970      .550     -.110
     -.920    -1.580    -1.800    -1.650    -1.540    -1.900    -2.680    -3.450
    -3.950    -4.210    -4.360    -4.310    -3.900    -3.150    -2.270    -1.470
     -.910     -.660     -.660     -.670     -.370      .350     1.290     2.060
     2.340     2.150     1.690     1.200      .800      .540      .540      .920
     1.640     2.440     3.070     3.420     3.470     3.180     2.670     2.330
     2.590     3.500     4.740     5.860     6.540     6.580     5.870     4.610
     3.250     2.170     1.420      .890      .590      .620      .930     1.280
     1.440     1.350     1.070      .640      .110     -.390     -.630     -.490
     -.060      .360      .430      .080     -.450     -.930    -1.330    -1.770
    -2.340    -3.080    -4.010    -5.070    -6.070    -6.840    -7.470    -8.030
    -8.440    -8.520    -8.410    -8.480    -8.840    -9.190    -9.200    -8.920
    -8.490    -7.850    -6.960    -6.020    -5.320    -4.820    -4.390    -4.090
    -4.130    -4.420    -4.540    -4.320    -4.040    -3.950    -3.940    -3.780
    -3.440    -3.050    -2.550    -1.860    -1.060     -.240      .660     1.720
     2.820     3.710     4.480     5.510     6.880     8.170     8.910     9.120
     9.160     9.150     8.940     8.420     7.770     7.240     6.910     6.690
     6.430     6.070     5.540     4.790     3.820     2.750     1.750     1.040
      .730      .830     1.180     1.590     1.930     2.160     2.290     2.310
     2.270     2.240     2.260     2.320     2.320     2.190     1.870     1.330
      .620     -.070     -.630    -1.110    -1.710    -2.390    -2.990    -3.450
    -3.970    -4.650    -5.180    -5.180    -4.700    -4.260    -4.160    -4.220
    -4.140    -3.950    -3.870    -3.860    -3.580    -2.900    -2.000    -1.080
     -.220      .520      .950     1.040     1.020     1.010      .780      .020
    -1.140    -2.160    -2.590    -2.430    -1.940    -1.390    -1.030     -.950
     -.960     -.700     -.080      .540      .730      .540      .370      .470
      .730      .940      .990      .880      .560      .000     -.760    -1.670
    -2.690    -3.640    -4.210    -4.320    -4.240    -4.280    -4.450    -4.560
    -4.540    -4.580    -4.780    -4.990    -4.970    -4.650    -4.130    -3.560
    -3.030    -2.570    -2.180    -1.850    -1.480     -.960     -.270      .460
     1.010     1.250     1.300     1.460     1.910     2.600     3.320     3.900
     4.280     4.510     4.690     4.790     4.740     4.430     3.950     3.480
     3.130     2.900     2.710     2.600     2.650     2.870     3.190     3.540
     3.920     4.260     4.490     4.580     4.580     4.590     4.660     4.730
     4.720     4.540     4.260     4.080     4.130     4.330     4.460     4.440
     4.370     4.360     4.370     4.350     4.330     4.370     4.300     3.900
     3.190     2.430     1.780     1.170      .540      .100      .090      .420
      .690      .650      .350     -.040     -.400     -.700     -.810     -.670
     -.360     -.010      .390      .890     1.430     1.890     2.290     2.710
     3.150     3.470     3.700     4.050     4.590     5.090     5.290     5.280
     5.360     5.610     5.780     5.710     5.620     5.770     6.190     6.650
     7.010     7.310     7.600     7.870     8.060     8.150     8.010     7.480
     6.620     5.710     5.090     4.830     4.730     4.630     4.520     4.460
     4.500     4.560     4.480     4.190     3.760     3.360     3.000     2.520
     1.900     1.370     1.160     1.050      .670      .020     -.480     -.550
     -.470     -.650    -1.100    -1.470    -1.610    -1.590    -1.450    -1.170
     -.830     -.610     -.530     -.410     -.240     -.190     -.350     -.600
     -.740     -.740     -.600     -.260      .170      .390      .210     -.060
      .020      .540     1.150     1.580     1.840     2.060     2.210     2.180
     1.950     1.540      .990      .310     -.360     -.890    -1.140    -1.080
     -.790     -.480     -.390     -.550     -.790     -.980    -1.190    -1.500
    -1.790    -1.820    -1.580    -1.280    -1.120    -1.050     -.900     -.650
     -.490     -.550     -.750     -.960    -1.160    -1.500    -2.040    -2.640
    -3.060    -3.230    -3.260    -3.270    -3.230    -3.140    -3.090    -3.180
    -3.330    -3.340    -3.120    -2.790    -2.400    -1.830     -.930      .140
      .900      .890      .170     -.770    -1.420    -1.660    -1.750    -1.980
    -2.490    -3.250    -4.070    -4.530    -4.000    -2.090      .730     3.410
     5.070     5.690     5.790     5.680     5.260     4.430     3.460     2.720
     2.230     1.700     1.060      .590      .540      .840     1.200     1.460
     1.660     1.830     1.920     1.890     1.800     1.690     1.570     1.430
     1.350     1.370     1.410     1.380     1.300     1.210     1.030      .520
     -.350    -1.320    -2.020    -2.300    -2.300    -2.260    -2.360    -2.660
    -3.150    -3.750    -4.350    -4.850    -5.220    -5.600    -6.150    -6.930
    -7.870    -8.820    -9.640   -10.270   -10.620   -10.570   -10.170    -9.690
    -9.420    -9.390    -9.460    -9.510    -9.540    -9.500    -9.250    -8.730
    -8.150    -7.850    -7.960    -8.340    -8.710    -8.920    -8.980    -9.060
    -9.170    -9.190    -8.960    -8.510    -7.910    -7.250    -6.600    -6.080
    -5.760    -5.520    -5.310    -5.260    -5.520    -5.820    -5.830    -5.620
    -5.650    -5.980    -6.170    -5.960    -5.740    -5.810    -5.720    -4.950
    -3.940    -3.640    -4.200    -4.700    -4.460    -3.890    -3.660    -3.730
    -3.630    -3.390    -3.430    -3.730    -3.900    -3.830    -3.850    -4.110
    -4.240    -3.990    -3.580    -3.420    -3.560    -3.730    -3.780    -3.780
    -3.860    -4.030    -4.190    -4.120    -3.680    -3.020    -2.450    -2.100
    -1.720    -1.060     -.200      .530     1.010     1.450     2.000     2.570
     2.980     3.230     3.410     3.510     3.460     3.220     2.950     2.880
     3.150     3.690     4.250     4.660     4.930     5.100     5.110     4.830
     4.410     4.230     4.570     5.350     6.150     6.670     6.850     6.830
     6.720     6.570     6.380     6.150     5.910     5.750     5.700     5.750
     5.800     5.770     5.630     5.330     4.890     4.500     4.380     4.540
     4.700     4.560     4.100     3.510     2.880     2.100     1.100      .130
     -.380     -.250      .230      .600      .620      .450      .380      .440
      .480      .430      .450      .620      .740      .590      .340      .400
      .880     1.430     1.730     1.870     2.210     2.820     3.480     4.000
     4.450     4.940     5.480     5.970     6.280     6.310     6.100     5.840
     5.690     5.520     5.090     4.470     4.070     4.240     4.710     4.870
     4.460     3.820     3.480     3.590     3.920     4.280     4.710     5.170
     5.400     5.150     4.610     4.350     4.600     4.910     4.680     3.890
     3.150     2.940     3.090     3.140     2.970     2.830     2.920     3.230
     3.700     4.310     4.980     5.590     6.140     6.800     7.620     8.380
     8.910     9.320     9.820    10.350    10.610    10.550    10.410    10.340
    10.100     9.390     8.270     7.090     6.070     5.200     4.450     3.880
     3.470     3.040     2.480     1.900     1.440     1.140      .860      .540
      .210     -.060     -.190     -.160     -.020      .120      .270      .540
      .970     1.330     1.340     1.110      .970      .870      .400     -.560
    -1.500    -1.860    -1.910    -2.430    -3.690    -5.110    -6.010    -6.370
    -6.600    -6.860    -7.070    -7.270    -7.580    -7.840    -7.710    -7.210
    -6.760    -6.670    -6.770    -6.810    -6.850    -7.100    -7.500    -7.770
    -7.830    -7.810    -7.770    -7.530    -7.030    -6.440    -5.960    -5.590
    -5.260    -4.940    -4.590    -4.120    -3.560    -3.070    -2.810    -2.680
    -2.490    -2.220    -2.000    -1.880    -1.800    -1.670    -1.520    -1.310
     -.980     -.520     -.050      .310      .520      .540      .320     -.140
     -.700    -1.200    -1.610    -1.950    -2.220    -2.380    -2.380    -2.270
    -2.180    -2.240    -2.480    -2.790    -2.980    -3.030    -3.020    -2.980
    -2.790    -2.320    -1.760    -1.420    -1.400    -1.410    -1.140     -.650
     -.260     -.200     -.320     -.340     -.210     -.100     -.190     -.420
     -.550