-.800    -1.150    -1.580    -1.620    -1.060     -.260      .240      .380
      .590     1.160     1.730     1.620      .650     -.750    -1.940    -2.510
    -2.340    -1.600     -.620      .300     1.060     1.630     1.880     1.720
     1.390     1.160     1.020      .750      .410      .300      .490      .700
      .800      .950     1.160     1.110      .770      .720     1.320     2.010
     1.870      .810     -.320     -.860     -.950     -.940     -.670      .090
      .970     1.090     -.180    -2.370    -4.110    -4.140    -2.400     -.130
     1.510     2.550     3.610     4.390     3.770     1.590     -.690    -1.680
    -1.730    -1.930    -2.080    -1.100      .930     2.470     2.620     2.220
     2.260     2.270     1.310     -.180     -.800     -.230      .480      .600
      .690     1.440     2.470     3.040     3.090     3.050     2.750     1.670
     -.050    -1.380    -1.530     -.660      .460     1.330     1.830     1.980
     1.890     1.690     1.270      .430     -.750    -1.790    -2.320    -2.450
    -2.340    -1.740     -.400     1.230     2.190     2.000     1.100      .110
     -.790    -1.520    -1.610     -.530     1.510     3.580     4.920     5.500
     5.590     5.070     3.590     1.280    -1.040    -2.540    -3.100    -2.950
    -1.960      .280     3.440     6.070     6.690     5.200     2.820      .680
     -.960    -2.190    -2.770    -2.480    -1.550     -.320     1.280     3.280
     5.010     5.540     4.760     3.480     2.400     1.520      .690      .160
      .180      .500      .700      .600      .190     -.580    -1.530    -1.970
    -1.280      .310     1.970     3.230     4.190     4.850     4.790     3.760
     2.020     -.080    -2.560    -5.290    -7.430    -7.750    -5.810    -2.450
      .960     3.600     5.420     6.490     6.340     4.410     1.030    -2.380
    -4.290    -4.220    -2.720     -.570     1.870     4.310     6.240     7.240
     7.340     6.740     5.350     3.020      .280    -1.560    -1.560     -.210
     1.100     1.550     1.730     2.660     4.400     5.680     5.220     3.150
     1.090      .720     2.320     4.660     6.180     6.260     5.300     3.890
     2.190      .160    -1.950    -3.590    -4.150    -3.320    -1.220     1.390
     3.260     3.300     1.130    -2.850    -7.930   -13.160   -17.180   -18.470
   -16.450   -12.190    -7.460    -3.170      .990     5.080     7.800     7.450
     4.010     -.560    -4.080    -5.720    -5.550    -3.290     1.550     8.380
    15.410    21.010    24.740    26.680    26.570    24.100    19.800    14.950
    10.770     8.180     7.970    10.310    14.190    17.900    20.160    20.340
    17.830    12.410     5.430     -.620    -4.430    -6.920    -9.290   -10.910
   -10.490    -8.670    -7.980    -9.880   -13.350   -16.550   -18.900   -20.620
   -21.300   -20.170   -17.610   -15.330   -14.820   -16.020   -17.590   -17.930
   -16.080   -12.210    -7.670    -4.180    -2.330     -.820     2.360     7.770
    13.760    17.960    19.530    19.440    18.960    18.460    18.040    18.440
    20.300    22.920    24.710    25.110    25.240    26.050    26.870    26.340
    24.210    21.220    17.650    13.110     7.740     2.630    -1.270    -3.860
    -5.250    -5.480    -5.440    -7.110   -11.790   -18.340   -23.950   -26.770
   -27.120   -26.270   -24.830   -22.530   -19.000   -14.160    -8.440    -2.970
      .600      .950    -1.900    -6.240    -9.310    -8.620    -3.500     4.310
    12.070    18.320    23.590    28.340    31.020    29.250    23.000    15.660
    11.130    10.260    10.950    11.140    10.830    10.910    11.400    11.660
    11.490    10.650     7.270    -1.360   -15.220   -29.640   -38.360   -38.810
   -33.940   -28.730   -25.680   -23.880   -21.430   -17.740   -13.790   -11.290
   -11.780   -15.960   -22.690   -28.340   -28.100   -19.440    -5.220     7.750
    14.330    15.680    17.440    23.140    30.560    34.860    34.110    30.670
    27.910    27.200    27.990    29.250    29.980    29.250    26.480    21.820
    15.890     9.400     2.880    -3.660   -10.270   -15.750   -17.260   -13.120
    -6.210    -2.500    -5.190   -11.700   -17.770   -22.600   -27.860   -32.950
   -34.420   -30.480   -23.510   -17.200   -13.220   -11.430   -11.350   -12.390
   -13.960   -16.510   -20.810   -24.940   -24.080   -15.740    -3.860     4.930
     8.710    11.190    15.340    18.940    17.500     9.820     -.320    -7.030
    -6.610     -.380     6.680    11.390    15.880    23.320    30.390    28.540
    14.450    -4.350   -17.780   -24.470   -30.210   -37.360   -41.540   -39.730
   -35.830   -35.230   -37.320   -37.270   -33.170   -27.340   -21.440   -14.390
    -6.170     -.420    -1.070    -7.260   -13.370   -13.980    -8.250      .380
     7.730    11.810    13.120    13.010    12.680    12.870    13.350    11.990
     5.730    -6.630   -22.710   -38.260   -49.880   -55.800   -55.210   -48.760
   -39.240   -30.160   -22.930   -16.750   -11.250    -7.580    -6.100    -4.410
      .840    10.480    21.860    30.820    33.980    30.370    22.300    14.060
     7.800      .670   -12.270   -31.910   -53.540   -71.810   -85.240   -94.720
  -100.130  -101.100  -100.260  -102.100  -108.190  -115.680  -121.260  -124.420
  -125.740  -123.840  -116.080  -101.560   -81.900   -59.790   -37.710   -17.170
     2.300    22.890    45.260    66.010    79.980    85.320    84.640    81.380
    77.230    73.240    70.870    70.320    69.720    67.960    66.760    68.030
    70.410    70.680    68.150    65.430    64.950    66.610    68.980    70.890
    71.620    71.990    75.500    85.220    97.800   103.580    95.810    77.800
    57.190    34.950     5.360   -32.640   -70.090   -97.390  -115.090  -131.000
  -149.530  -168.930  -187.790  -207.750  -227.630  -240.230  -239.320  -227.950
  -215.710  -207.880  -200.770  -188.150  -169.590  -149.970  -131.670  -110.450
   -81.140   -47.030   -21.080   -14.850   -26.370   -41.020   -45.490   -39.210
   -30.870   -26.060   -21.430   -10.810     6.240    24.050    37.270    45.500
    51.520    57.410    64.000    73.170    87.640   107.430   128.070   144.010
   153.110   156.220   153.170   141.580   120.150    91.680    61.840    36.110
    17.390     5.320    -2.290    -5.040     2.490    25.610    60.760    96.070
   123.300   146.150   173.040   204.360   232.070   250.850   263.730   274.930
   282.390   281.440   273.090   263.730   255.810   241.840   209.990   156.260
    90.510    30.200   -11.080   -28.500   -21.900     7.200    51.130    94.000
   122.710   140.570   162.910   195.790   225.360   233.500   219.880   202.250
   196.920   205.040   217.340   225.500   226.360   220.350   209.960   197.720
   182.730   160.500   128.690    91.600    56.440    25.800    -3.100   -31.690
   -56.190   -72.830   -85.150  -102.730  -131.210  -165.460  -194.720  -214.680
  -232.790  -260.110  -298.330  -336.660  -362.140  -371.810  -373.620  -376.450
  -381.730  -385.380  -384.960  -381.470  -374.380  -359.160  -332.860  -300.150
  -270.250  -247.750  -229.670  -211.310  -191.190  -168.840  -142.090  -109.660
   -73.330   -33.770    12.750    68.220   124.720   169.440   199.670   226.670
   260.300   294.290   311.670   302.480   270.850   226.680   177.550   129.940
    91.390    66.010    50.300    37.290    24.230    13.700     8.780    10.020
    16.370    25.130    30.860    27.920    16.240     2.660    -5.560    -7.550
    -7.960   -10.680   -15.350   -19.570   -22.130   -23.120   -22.190   -18.120
    -9.940     1.900    15.180    26.190    31.040    28.340    21.400    16.680
    18.240    22.790    21.300     6.600   -20.090   -50.140   -73.950   -86.590
   -88.580   -83.870   -77.190   -71.480   -65.880   -56.890   -42.550   -25.230
    -9.570     1.560     8.050    10.790    10.580     8.610     5.940     2.560
    -1.380    -3.260      .970    12.660    29.300    48.280    69.750    94.280
   120.270   146.910   177.960   217.660   261.300   294.200   303.600   290.500
   267.150   244.270   224.000   203.840   182.400   159.040   132.360   103.260
    77.910    63.640    61.520    65.910    71.630    78.130    85.530    90.470
    89.140    82.160    72.090    56.610    28.840   -14.060   -65.680  -116.450
  -162.880  -208.390  -255.790  -302.500  -343.650  -377.220  -403.640  -421.760
  -428.770  -425.210  -417.380  -412.390  -411.990  -414.130  -419.390  -430.880
  -446.220  -453.990  -442.560  -410.620  -365.970  -315.630  -261.260  -203.670
  -147.010   -96.430   -53.510   -14.470    28.590    83.280   149.390   215.550
   267.410   300.750   323.180   342.590   359.400   372.320   385.360   402.740
   420.740   431.150   431.540   425.840   415.690   398.220   373.470   347.200
   323.290   298.160   265.870   225.100   178.620   130.400    86.520    54.750
    37.140    24.730     3.750   -33.280   -85.030  -146.340  -210.660  -268.890
  -313.180  -344.070  -370.270  -399.320  -431.570  -464.430  -497.910  -531.820
  -559.580  -569.380  -553.140  -512.440  -455.170  -387.230  -309.240  -222.410
  -136.490   -67.560   -23.920     4.130    33.590    66.670    86.320    79.520
    59.530    55.960    82.850   125.580   162.460   190.830   224.150   268.740
   314.980   353.560   390.360   436.720   489.090   527.570   536.760   521.450
   497.960   474.610   446.420   407.000   359.010   310.830   267.870   230.460
   197.430   168.030   141.560   119.010   104.810   103.180   111.630   121.210
   124.520   121.010   112.510    96.880    70.500    35.850     2.070   -23.770
   -43.250   -62.920   -86.310  -111.660  -136.270  -160.270  -185.430  -211.830
  -237.150  -259.340  -279.500  -301.330  -327.620  -357.370  -386.690  -411.840
  -431.370  -446.210  -458.830  -471.630  -484.770  -495.820  -502.760  -507.060
  -511.820  -516.310  -514.890  -502.550  -480.070  -451.720  -419.160  -380.370
  -334.520  -284.910  -235.800  -188.220  -140.880   -94.370   -52.550   -18.810
     7.640    30.610    51.790    68.070    75.010    72.850    67.470    64.610
    64.320    62.440    56.430    48.160    41.060    37.030    36.880    42.400
    56.540    81.900   118.790   163.460   208.230   245.920   275.840   303.820
   334.280   363.880   385.410   396.330   400.320   400.900   397.900   391.030
   382.730   374.510   363.650   347.180   327.350   308.820   291.070   267.650
   234.110   193.410   152.060   113.590    78.250    46.720    20.330    -2.090
   -23.940   -46.590   -67.630   -84.230   -96.440  -105.780  -112.530  -116.190
  -117.090  -115.480  -109.780   -98.150   -81.460   -62.940   -44.910   -27.870
   -12.650    -1.040     6.070     9.150     7.820      .500   -12.610   -28.000
   -42.040   -53.740   -63.170   -69.620   -73.210   -75.430   -75.390   -68.800
   -54.980   -41.350   -34.150   -26.420    -4.290    32.790    67.390    85.390
    95.640   119.650   163.790   209.450   231.690   221.950   191.140   156.180
   127.390   106.210    90.550    79.740    74.310    72.890    71.920    69.530
    67.680    69.020    73.620    80.050    87.200    92.780    93.250    88.410
    82.540    77.140    67.560    52.900    42.590    41.430    33.080    -4.290
   -64.090  -112.320  -131.330  -144.280  -180.080  -228.530  -252.540  -236.710
  -198.470  -152.320   -91.040   -10.400    72.840   143.060   205.470   264.010
   296.770   279.370   223.520   164.120   110.980    43.500   -40.940  -105.460
  -120.130  -108.080  -119.780  -171.740  -234.700  -276.260  -290.090  -282.330
  -255.670  -218.960  -193.860  -194.740  -210.020  -216.480  -206.070  -187.310
  -165.970  -139.180  -108.530   -84.970   -75.500   -73.460   -67.350   -53.640
   -36.830   -22.270   -13.910   -14.950   -24.520   -35.690   -41.750   -43.740
   -47.990   -57.210   -68.330   -78.660   -89.240  -100.990  -111.080  -115.500
  -112.970  -104.760   -92.350   -77.230   -61.630   -47.430   -34.550   -21.860
    -9.330     2.140    12.660    23.660    36.010    48.850    60.630    70.470
    78.190    83.660    86.950    88.580    88.910    87.620    84.240    78.950
    72.190    64.160    55.320    47.040    40.730    36.280    32.400    28.590
    26.050    26.300    29.440    34.360    40.100    46.670    54.710    64.850
    76.860    89.070    98.910   104.840   107.620   109.050   109.810   109.510
   108.550   108.590   110.710   114.140   117.260   119.000   118.750   115.850
   110.200   102.770    94.890    87.110    79.500    72.210    65.160    57.700
    49.430    40.930    32.860    24.740    15.690     6.040    -3.020   -11.180
   -18.970   -26.380   -32.970   -39.410   -46.910   -55.130   -62.570   -69.720
   -79.020   -90.950  -102.580  -111.900  -120.910  -131.890  -143.160  -151.830
  -158.610  -165.960  -172.520  -174.100  -170.000  -163.630  -156.070  -144.230
  -127.100  -109.320   -95.750   -86.240   -78.560   -72.470   -67.140   -58.570
   -44.700   -30.360   -21.340   -15.740    -7.740     1.410     3.970    -1.750
    -7.540    -7.170    -4.910    -7.110   -11.270   -10.670    -6.000    -4.300
    -7.180    -7.910    -1.450     9.120    18.630    27.030    36.860    47.300
    54.990    59.130    61.940    64.860    67.590    70.510    75.120    81.280
    86.410    88.620    89.170    90.770    94.080    97.120    98.010    97.290
    96.950    97.810    98.610    97.810    95.590    93.080    90.160    85.410
    78.440    70.940    64.720    59.860    55.770    53.050    52.830    54.850
    57.540    59.980    62.450    65.140    67.510    69.140    70.260    71.150
    72.020    73.560    76.770    81.510    86.120    89.010    90.190    90.620
    90.490    89.190    86.500    82.970    78.860    73.680    67.200    60.390
    54.560    49.890    45.360    40.310    35.200    30.910    27.630    24.870
    22.130    19.100    15.630    11.840     8.280     5.560     3.630     1.880
     -.140    -2.470    -5.200    -8.780   -13.460   -19.000   -25.070   -31.640
   -38.690   -46.000   -53.790   -62.970   -74.080   -86.120   -97.260  -106.550
  -114.360  -121.010  -126.120  -129.360  -130.920  -130.880  -128.750  -124.450
  -119.050  -113.760  -108.480  -102.250   -94.890   -87.400   -80.540   -73.950
   -66.950   -59.770   -53.390   -48.450   -44.830   -41.950   -39.190   -36.000
   -32.190   -28.000   -23.570   -18.400   -11.880    -4.280     3.300    10.030
    16.030    21.650    26.810    31.360    35.570    39.610    43.010    45.440
    47.670    50.790    54.350    56.320    55.570    53.660    53.400    55.620
    58.130    57.520    51.890    42.170    31.410    22.740    17.250    13.560
     9.730     5.620     3.080     3.690     6.800    10.040    11.700    12.210
    13.430    16.650    21.440    26.330    30.390    33.780    36.660    38.240
    37.270    33.260    26.590    17.790     7.180    -4.760   -17.260   -29.680
   -41.350   -51.390   -59.250   -65.560   -71.430   -76.650   -79.260   -77.680
   -72.350   -64.740   -55.320   -43.880   -31.150   -18.960    -8.550      .200
     7.480    12.540    14.530    13.720    11.230     7.920     4.090     -.100
    -4.450    -9.150   -14.830   -22.110   -31.030   -40.920   -50.440   -57.840
   -61.500   -60.530   -55.160   -46.710   -37.090   -27.890   -19.580   -11.390
    -2.250     8.260    19.550    30.310    39.070    44.780    47.270    47.290
    45.560    41.870    35.420    25.950    14.280     1.510   -11.890   -25.610
   -38.600   -49.510   -57.990   -64.900   -70.920   -75.650   -78.570   -79.820
   -79.580   -77.040   -71.350   -63.400   -55.160   -47.200   -37.760   -25.250
   -10.540     4.100    17.550    29.980    40.890    48.460    51.450    50.670
    47.840    43.680    37.830    30.140    21.180    11.420      .880   -10.130
   -20.350   -28.230   -32.900   -34.290   -32.600   -27.850   -20.190   -10.210
     1.060    12.660    24.210    36.070    48.930    62.810    76.550    88.590
    98.570   107.720   117.300   126.840   134.760   140.410   144.730   148.410
   150.380   148.780   143.060   134.140   122.870   109.260    93.560    77.150
    61.700    47.890    35.380    23.820    13.450     4.830    -1.600    -5.740
    -7.580    -7.180    -4.730     -.920     2.920     5.340     5.440     2.930
    -2.210    -9.590   -18.060   -26.320   -34.250   -43.060   -53.650   -65.140
   -75.730   -84.590   -92.290   -99.510  -106.050  -111.470  -115.780  -119.250
  -122.010  -124.150  -125.910  -127.400  -128.000  -126.540  -122.280  -115.760
  -108.630  -102.640   -98.660   -96.600   -95.870   -95.820   -95.700   -94.720
   -92.690   -90.350   -88.620   -87.590   -86.500   -84.830   -82.670   -80.020
   -76.140   -70.150   -62.200   -53.460   -45.140   -37.520   -30.250   -23.190
   -16.690   -10.960    -5.460      .740     7.800    14.780    20.600    25.310
    29.760    34.220    37.900    40.040    40.790    40.770    40.160    38.930
    37.560    36.760    36.650    36.690    36.630    36.780    37.320    37.950
    38.350    38.790    39.730    41.170    42.820    44.770    47.380    50.720
    54.260    57.380    59.640    60.590    59.780    57.170    53.460    49.700
    46.500    43.880    41.600    39.490    37.500    35.650    34.140    33.120
    32.520    32.170    32.230    33.280    35.770    39.360    43.070    45.970
    47.600    47.960    47.220    45.530    42.950    39.530    35.430    31.000
    26.340    21.110    14.860     7.720      .440    -6.360   -12.620   -18.590
   -24.350   -29.950   -35.860   -42.630   -50.310   -58.190   -65.260   -70.800
   -74.380   -75.860   -75.500   -74.110   -72.830   -72.620   -73.800   -76.010
   -78.510   -80.720   -82.490   -84.060   -85.690   -87.540   -89.750   -92.470
   -95.700   -98.990  -101.490  -102.390  -101.380   -98.680   -94.740   -89.880
   -84.250   -77.990   -71.250   -63.820   -55.120   -44.750   -33.120   -21.290
   -10.070      .420    10.250    18.990    25.990    31.210    35.390    39.330
    43.190    46.640    49.300    50.980    51.560    51.160    50.320    49.860
    50.490    52.660    56.720    62.970    71.360    81.470    92.680   104.400
   115.960   126.640   136.000   144.040   151.040   157.190   162.600   167.410
   171.580   174.540   175.370   173.440   168.640   161.170   151.270   139.520
   126.900   114.250   101.760    89.130    76.210    63.170    50.080    36.850
    23.620    10.930     -.710   -11.360   -21.270   -30.350   -38.280   -45.100
   -51.390   -57.690   -63.980   -69.880   -75.120   -79.690   -83.650   -86.910
   -89.420   -91.400   -93.370   -95.790   -98.670  -101.730  -104.860  -108.400
  -112.720  -117.570  -122.190  -125.910  -128.640  -130.650  -132.100  -132.980
  -133.270  -132.990  -131.970  -129.890  -126.430  -121.400  -114.730  -106.670
   -97.870   -88.950   -79.930   -70.290   -59.520   -47.700   -35.180   -22.190
    -8.740     5.000    18.640    31.610    43.350    53.380    61.500    67.960
    73.110    76.990    79.340    80.000    79.260    77.570    75.280    72.700
    70.340    68.750    68.220    68.790    70.550    73.770    78.570    84.730
    91.640    98.490   104.360   108.540   110.880   111.810   111.800   110.830
   108.520   104.580    98.980    91.660    82.370    71.150    58.640    45.840
    33.460    21.730    10.790      .820    -8.080   -16.130   -23.400   -29.580
   -34.170   -37.080   -38.760   -39.670   -40.030   -39.930   -39.600   -39.230
   -38.930   -38.780   -39.000   -39.740   -41.010   -42.910   -45.660   -49.410
   -54.000   -59.200   -65.030   -71.470   -78.080   -84.040   -88.810   -92.420
   -95.250   -97.440   -98.840   -99.070   -97.700   -94.560   -89.960   -84.380
   -77.900   -70.250   -61.510   -52.380   -43.540   -34.940   -26.170   -17.220
    -8.540     -.520     6.690    12.690    16.850    18.790    18.710    17.000
    13.940     9.940     5.680     1.840    -1.320    -3.640    -4.710    -4.150
    -2.190      .420     3.060     5.870     9.500    14.680    21.750    30.510
    40.390    50.800    61.400    71.740    80.970    88.200    93.420    97.510
   101.060   103.560   103.940   101.860    97.870    92.540    85.910    78.100
    69.880    62.280    55.770    50.160    45.190    40.900    37.490    35.300
    34.800    36.450    40.190    45.290    50.760    55.840    60.000    62.970
    64.790    65.680    65.690    64.580    62.290    59.180    55.560    51.140
    45.480    38.800    31.990    25.770    20.120    14.880    10.210     6.460
     3.730     1.930     1.050     1.110     1.980     3.550     5.870     9.010
    12.760    16.830    21.200    25.930    30.750    35.030    38.280    40.570
    42.180    43.170    43.390    42.720    41.130    38.690    35.570    32.050
    28.290    24.340    20.280    16.280    12.460     8.800     5.340     2.350
     -.010    -1.930    -3.730    -5.490    -7.110    -8.720   -10.670   -13.130
   -16.020   -19.360   -23.410   -28.210   -33.430   -38.690   -43.910   -48.910
   -53.040   -55.510   -56.120   -55.320   -53.620   -51.340   -48.910   -46.830
   -45.270   -43.940   -42.730   -42.070   -42.340   -43.330   -44.620   -46.210
   -48.370   -50.890   -53.110   -54.690   -56.010   -57.370   -58.470   -58.720
   -57.940   -56.310   -53.920   -50.790   -47.160   -43.490   -39.980   -36.420
   -32.700   -29.000   -25.480   -21.850   -17.510   -12.130    -5.880      .770
     7.420    13.810    19.680    24.620    28.170    30.100    30.580    30.100
    29.120    27.850    26.400    24.890    23.490    22.230    20.950    19.450
    17.620    15.480    13.200    11.260    10.330    10.910    12.880    15.570
    18.360    21.050    23.610    25.850    27.450    28.330    28.530    27.910
    26.200    23.390    19.740    15.460    10.540     5.100     -.420    -5.750
   -11.120   -16.750   -22.280   -26.900   -30.250   -32.550   -34.140   -35.070
   -35.430   -35.540   -35.650   -35.700   -35.520   -35.180   -34.850   -34.530
   -34.200   -34.000   -34.020   -33.980   -33.460   -32.500   -31.560   -30.850
   -29.990   -28.610   -26.830   -24.980   -22.960   -20.300   -16.920   -13.290
   -10.040    -7.370    -5.190    -3.370    -1.870     -.540      .820     2.390
     4.120     5.910     7.610     9.180    10.580    11.770    12.620    13.050
    13.140    13.210    13.620    14.480    15.720    17.140    18.600    19.960
    21.030    21.560    21.410    20.680    19.650    18.550    17.300    15.780
    14.140    12.680    11.450    10.040     8.150     5.960     4.040     2.710
     1.910     1.440     1.180      .930      .440     -.330    -1.070    -1.490
    -1.740    -2.310    -3.490    -5.130    -6.970    -9.090   -11.780   -15.170
   -19.010   -22.950   -26.730   -30.200   -33.140   -35.410   -37.100   -38.380
   -39.240   -39.530   -39.430   -39.530   -40.180   -41.050   -41.540   -41.620
   -41.700   -41.940   -42.120   -42.200   -42.570   -43.340   -44.020   -44.230
   -44.380   -45.060   -46.140   -46.980   -47.360   -47.550   -47.480   -46.640
   -44.880   -42.870   -41.190   -39.650   -37.860   -35.940   -34.240   -32.450
   -29.900   -26.510   -22.860   -19.190   -15.100   -10.410    -5.810    -2.130
      .850     4.220     8.730    14.040    19.340    24.320    29.300    34.490
    39.420    43.330    45.890    47.420    48.360    48.840    48.850    48.720
    48.900    49.460    49.980    50.120    49.980    49.820    49.670    49.610
    50.060    51.470    53.680    56.060    58.080    59.640    60.680    60.950
    60.350    59.130    57.620    55.720    53.060    49.520    45.290    40.540
    35.280    29.500    23.350    17.030    10.660     4.140    -2.800   -10.400
   -18.490   -26.410   -33.510   -39.590   -44.950   -49.810   -53.980   -57.160
   -59.300   -60.620   -61.340   -61.640   -61.660   -61.420   -60.730   -59.390
   -57.540   -55.770   -54.690   -54.550   -55.200   -56.430   -58.070   -59.870
   -61.410   -62.300   -62.480   -62.150   -61.370   -59.860   -57.180   -53.170
   -47.940   -41.650   -34.400   -26.440   -18.160    -9.930    -1.930     5.660
    12.540    18.580    24.030    29.230    34.170    38.400    41.640    43.990
    45.780    47.140    48.010    48.370    48.320    48.100    47.960    48.120
    48.680    49.440    50.150    50.650    50.990    51.250    51.460    51.660
    51.960    52.450    53.120    53.910    54.810    55.690    56.260    56.270
    55.760    55.000    54.030    52.470    49.910    46.380    42.230    37.660
    32.580    26.980    21.190    15.520     9.870     3.920    -2.290    -8.360
   -13.960   -19.030   -23.580   -27.640   -31.360   -34.900   -37.950   -39.870
   -40.390   -40.090   -39.750   -39.460   -38.720   -37.320   -35.670   -34.280
   -33.250   -32.510   -32.200   -32.380   -32.770   -33.030   -33.300   -34.130
   -35.790   -37.990   -40.230   -42.290   -44.190   -45.880   -47.080   -47.490
   -46.900   -45.260   -42.580   -39.020   -34.960   -30.870   -27.060   -23.460
   -19.860   -16.300   -12.950    -9.780    -6.450    -2.840      .690     3.790
     6.650     9.690    12.890    15.720    17.990    20.090    22.430    24.840
    26.940    28.760    30.620    32.590    34.500    36.280    38.160    40.250
    42.410    44.480    46.470    48.360    50.080    51.700    53.440    55.310
    57.030    58.440    59.690    60.950    61.930    62.130    61.400    60.130
    58.740    57.370    55.910    54.240    52.200    49.610    46.400    42.770
    38.970    35.100    31.100    26.920    22.640    18.410    14.420    10.830
     7.660     4.810     2.200     -.020    -1.610    -2.580    -3.230    -3.960
    -4.860    -5.780    -6.550    -7.270    -8.190    -9.470   -11.070   -12.850
   -14.890   -17.480   -20.810   -24.860   -29.480   -34.680   -40.450   -46.470
   -52.070   -56.600   -59.850   -62.000   -63.190   -63.380   -62.450   -60.530
   -58.050   -55.410   -52.580   -49.130   -44.730   -39.710   -34.820   -30.430
   -26.270   -21.940   -17.650   -13.960   -11.150    -8.990    -7.300    -6.180
    -5.690    -5.610    -5.590    -5.480    -5.190    -4.430    -2.860     -.520
     2.260     5.180     8.100    10.970    13.730    16.570    19.810    23.600
    27.690    31.560    34.840    37.460    39.530    41.130    42.200    42.600
    42.410    41.930    41.580    41.680    42.340    43.410    44.530    45.270
    45.500    45.520    45.670    45.910    45.910    45.590    45.130    44.580
    43.740    42.440    40.720    38.560    35.660    31.990    28.010    24.200
    20.470    16.400    12.010     7.800     3.970      .150    -3.970    -8.120
   -11.840   -15.090   -18.110   -20.960   -23.450   -25.700   -28.130   -30.980
   -34.070   -37.090   -39.990   -42.800   -45.320   -47.350   -48.940   -50.330
   -51.530   -52.210   -52.180   -51.700   -51.130   -50.450   -49.300   -47.510
   -45.400   -43.460   -41.840   -40.290   -38.600   -36.810   -35.090   -33.550
   -32.210   -31.040   -29.820   -28.220   -26.040   -23.420   -20.550   -17.460
   -14.080   -10.580    -7.250    -4.070     -.720     2.900     6.380     9.300
    11.810    14.360    17.010    19.380    21.220    22.820    24.490    26.080
    27.250    28.100    29.240    31.070    33.390    35.690    37.740    39.660
    41.590    43.490    45.280    47.030    48.780    50.450    51.740    52.420
    52.430    51.880    50.890    49.580    48.130    46.600    44.770    42.210
    38.730    34.610    30.340    26.170    22.050    17.970    14.080    10.380
     6.510     2.300    -1.830    -5.200    -7.750   -10.160   -12.930   -15.810
   -18.320   -20.460   -22.690   -25.220   -27.980   -31.080   -34.830   -39.140
   -43.410   -47.270   -51.170   -55.580   -60.160   -63.980   -66.690   -68.710
   -70.420   -71.540   -71.680   -70.970   -69.760   -68.140   -65.930   -63.180
   -60.290   -57.600   -55.060   -52.490   -49.870   -47.380   -45.270   -43.520
   -41.900   -40.110   -38.050   -35.680   -32.860   -29.450   -25.730   -22.180
   -18.840   -15.100   -10.410    -5.000      .500     5.840    11.160    16.350
    20.970    25.000    28.920    32.990    36.810    39.910    42.450    44.850
    47.030    48.560    49.470    50.240    51.250    52.460    53.860    55.740
    58.250    61.030    63.700    66.230    68.640    70.620    71.770    72.190
    72.350    72.390    71.960    70.780    69.020    66.870    64.060    60.150
    55.220    49.900    44.570    38.960    32.660    25.760    18.910    12.650
     6.880     1.090    -5.000   -11.140   -16.830   -21.850   -26.340   -30.420
   -33.960   -36.880   -39.380   -41.750   -43.940   -45.710   -47.130   -48.530
   -49.980   -51.080   -51.650   -52.230   -53.590   -55.860   -58.500   -60.990
   -63.300   -65.560   -67.730   -69.630   -71.170   -72.190   -72.400   -71.640
   -70.100   -68.130   -65.830   -63.060   -59.700   -55.820   -51.550   -47.060
   -42.590   -38.420   -34.560   -30.740   -26.690   -22.450   -18.230   -14.230
   -10.450    -6.850    -3.360      .150     3.780     7.500    11.240    15.070
    19.140    23.510    28.000    32.280    36.190    39.760    43.100    46.280
    49.270    52.040    54.500    56.630    58.550    60.490    62.670    65.000
    67.200    68.970    70.250    71.000    71.120    70.600    69.770    69.060
    68.540    67.710    66.110    63.950    61.810    59.880    57.680    54.740
    51.180    47.580    44.330    41.390    38.520    35.550    32.390    29.000
    25.420    21.600    17.400    12.660     7.430     1.910    -3.800    -9.660
   -15.560   -21.270   -26.640   -31.700   -36.490   -41.050   -45.470   -49.940
   -54.390   -58.450   -61.740   -64.280   -66.330   -68.060   -69.560   -70.980
   -72.410   -73.580   -73.980   -73.430   -72.250   -70.890   -69.420   -67.660
   -65.630   -63.560   -61.550   -59.310   -56.490   -53.130   -49.670   -46.550
   -43.690   -40.570   -36.720   -32.170   -27.230   -22.120   -16.870   -11.680
    -6.890    -2.560     1.750     6.490    11.560    16.560    21.420    26.430
    31.610    36.560    41.050    45.390    50.050    54.950    59.570    63.650
    67.280    70.500    73.010    74.600    75.430    75.760    75.540    74.540
    72.790    70.530    67.860    64.670    60.850    56.510    51.880    47.060
    42.080    36.950    31.740    26.570    21.640    17.230    13.420    10.040
     6.910     4.010     1.420     -.950    -3.330    -5.840    -8.320   -10.590
   -12.740   -14.970   -17.240   -19.270   -20.980   -22.560   -24.250   -25.990
   -27.700   -29.490   -31.580   -33.800   -35.660   -36.880   -37.720   -38.580
   -39.570   -40.560   -41.470   -42.360   -43.110   -43.440   -43.240   -42.600
   -41.600   -40.200   -38.450   -36.500   -34.340   -31.770   -28.680   -25.340
   -22.120   -19.120   -16.300   -13.810   -11.900   -10.580    -9.460    -8.220
    -6.910    -5.780    -4.860    -4.030    -3.280    -2.830    -2.870    -3.330
    -3.920    -4.420    -4.740    -4.880    -4.760    -4.330    -3.600    -2.700
    -1.760     -.940     -.260      .420     1.340     2.510     3.680     4.560
     5.240     6.000     6.920     7.650     7.830     7.460     6.840     6.260
     5.810     5.510     5.330     5.200     5.180     5.610     6.840     8.840
    11.000    12.710    13.780    14.350    14.550    14.340    13.740    12.950
    12.270    11.890    11.840    11.940    11.990    11.940    11.940    12.180
    12.630    13.090    13.460    13.690    13.740    13.580    13.290    12.950
    12.530    11.770    10.600     9.090     7.350     5.270     2.780      .010
    -2.830    -5.780    -9.020   -12.520   -15.970   -19.040   -21.620   -23.690
   -25.200   -26.140   -26.620   -26.750   -26.530   -25.870   -24.740   -23.230
   -21.490   -19.640   -17.770   -15.980   -14.290   -12.680   -11.230   -10.090
    -9.400    -9.120    -9.020    -8.690    -7.840    -6.440    -4.650    -2.530
     -.080     2.590     5.050     6.990     8.620    10.470    12.790    15.300
    17.670    19.960    22.420    25.010    27.390    29.360    31.090    32.800
    34.530    36.270    38.050    39.850    41.490    42.910    44.290    45.710
    46.870    47.270    46.860    46.070    45.140    43.800    41.640    38.690
    35.330    31.780    28.040    24.230    20.720    17.720    15.050    12.380
     9.680     7.190     5.090     3.300     1.680      .210    -1.080    -2.240
    -3.440    -4.880    -6.600    -8.580   -10.820   -13.270   -15.840   -18.430
   -21.110   -24.070   -27.420   -30.990   -34.500   -37.820   -40.940   -43.840
   -46.470   -48.820   -50.900   -52.520   -53.350   -53.410   -53.060   -52.620
   -51.950   -50.680   -48.780   -46.570   -44.410   -42.310   -40.050   -37.440
   -34.340   -30.650   -26.430   -22.000   -17.810   -14.140   -10.930    -7.910
    -4.900    -1.930      .890     3.530     5.980     8.180    10.020    11.490
    12.660    13.590    14.280    14.910    15.750    17.000    18.630    20.550
    22.790    25.310    27.940    30.670    33.790    37.420    41.180    44.590
    47.800    51.470    55.770    59.850    62.730    64.280    65.130    65.730
    65.920    65.380    64.060    62.040    59.290    55.760    51.590    47.060
    42.490    38.190    34.360    30.890    27.420    23.710    19.890    16.220
    12.760     9.390     6.120     3.060      .270    -2.450    -5.260    -8.150
   -11.040   -14.040   -17.360   -21.070   -24.850   -28.350   -31.620   -35.190
   -39.460   -44.210   -48.840   -53.120   -57.450   -62.180   -66.990   -71.120
   -74.260   -76.720   -78.920   -80.840   -82.130   -82.480   -81.810   -80.190
   -77.790   -74.850   -71.490   -67.690   -63.450   -58.970   -54.480   -50.030
   -45.510   -40.970   -36.620   -32.490   -28.320   -23.800   -18.920   -13.920
    -8.980    -4.010     1.070     6.120    10.810    15.010    18.950    22.980
    27.140    31.180    34.900    38.370    41.830    45.440    49.290    53.550
    58.270    63.250    68.280    73.280    78.270    82.970    86.930    89.990
    92.250    93.790    94.440    94.180    93.180    91.490    88.860    85.200
    80.960    76.660    72.320    67.590    62.370    56.980    51.670    46.430
    41.230    36.200    31.290    26.180    20.730    15.200     9.890     4.830
     -.080    -4.660    -8.790   -12.730   -16.930   -21.390   -25.670   -29.430
   -32.830   -36.320   -40.150   -44.280   -48.620   -53.080   -57.570   -62.020
   -66.350   -70.500   -74.360   -77.940   -81.290   -84.360   -86.880   -88.600
   -89.440   -89.490   -88.780   -87.180   -84.600   -81.130   -77.000   -72.560
   -68.140   -63.900   -59.760   -55.510   -51.120   -46.690   -42.290   -37.760
   -33.010   -28.230   -23.680   -19.320   -14.730    -9.710    -4.550      .300
     4.720     8.980    13.150    16.980    20.190    22.770    24.810    26.210
    26.810    26.660    26.080    25.360    24.560    23.670    22.730    21.920
    21.530    21.740    22.540    23.690    25.010    26.640    28.860    31.670
    34.730    37.620    40.170    42.470    44.570    46.390    47.770    48.470
    48.300    47.250    45.450    43.040    40.040    36.560    32.940    29.480
    26.150    22.780    19.440    16.480    14.020    11.750     9.350     6.930
     4.820     3.110     1.610      .160    -1.120    -2.100    -2.920    -3.860
    -5.080    -6.600    -8.450   -10.680   -13.270   -16.060   -18.840   -21.570
   -24.290   -27.080   -29.920   -32.660   -35.060   -37.060   -38.950   -41.140
   -43.720   -46.120   -47.560   -47.760   -47.100   -46.120   -44.950   -43.510
   -41.800   -40.000   -38.160   -36.160   -33.980   -31.720   -29.430   -27.040
   -24.560   -22.160   -19.900   -17.570   -15.030   -12.440    -9.970    -7.520
    -4.820    -1.850     1.190     4.250     7.400    10.590    13.690    16.710
    19.840    23.090    26.180    28.860    31.220    33.420    35.460    37.280
    39.040    40.950    42.930    44.680    46.020    47.060    47.940    48.630
    49.070    49.360    49.570    49.580    49.220    48.440    47.380    46.150
    44.670    42.800    40.470    37.800    34.870    31.690    28.180    24.360
    20.390    16.390    12.360     8.310     4.340      .620    -2.830    -6.080
    -9.220   -12.200   -14.940   -17.400   -19.610   -21.590   -23.440   -25.270
   -27.130   -28.930   -30.560   -32.040   -33.530   -35.010   -36.290   -37.170
   -37.750   -38.270   -38.740   -38.900   -38.520   -37.800   -37.110   -36.540
   -35.830   -34.800   -33.690   -32.790   -31.970   -30.800   -28.920   -26.340
   -23.370   -20.350   -17.480   -14.800   -12.140    -9.260    -6.110    -2.830
      .440     3.630     6.730     9.650    12.290    14.690    17.000    19.370
    21.770    23.980    25.810    27.220    28.410    29.490    30.400    31.100
    31.670    32.190    32.560    32.650    32.520    32.330    31.960    31.180
    30.030    28.920    28.070    27.130    25.680    23.800    21.920    20.240
    18.590    16.850    15.110    13.450    11.770    10.010     8.350     6.930
     5.700     4.550     3.500     2.620     1.850      .950     -.210    -1.660
    -3.340    -5.210    -7.250    -9.490   -11.960   -14.620   -17.360   -20.060
   -22.680   -25.210   -27.580   -29.740   -31.740   -33.580   -35.160   -36.290
   -36.880   -37.020   -36.780   -36.180   -35.230   -34.010   -32.600   -31.040
   -29.260   -27.110   -24.540   -21.750   -19.070   -16.660   -14.410   -12.200
   -10.230    -8.780    -7.750    -6.650    -5.270    -4.000    -3.370    -3.310
    -3.170    -2.520    -1.640    -1.050     -.790     -.330      .840     2.690
     4.730     6.630     8.430    10.390    12.640    15.050    17.440    19.730
    21.930    24.010    25.830    27.180    27.890    27.910    27.340    26.390
    25.230    23.880    22.230    20.190    17.930    15.730    13.710    11.760
     9.730     7.730     5.990     4.630     3.520     2.420     1.290      .190
     -.850    -1.860    -2.850    -3.730    -4.440    -5.040    -5.650    -6.310
    -7.000    -7.740    -8.590    -9.610   -10.910   -12.480   -14.150   -15.590
   -16.560   -17.160   -17.660   -18.150   -18.380   -18.070   -17.290   -16.370
   -15.510   -14.650   -13.760   -12.810   -11.700   -10.260    -8.600    -7.220
    -6.490    -6.170    -5.640    -4.750    -3.880    -3.310    -2.730    -1.760
     -.530      .520     1.420     2.570     4.150     5.880     7.490     9.110
    10.900    12.690    14.160    15.200    15.980    16.590    17.070    17.560
    18.120    18.470    18.190    17.210    15.840    14.420    12.930    11.290
     9.530     7.790     6.140     4.670     3.450     2.350     1.020     -.620
    -2.260    -3.500    -4.400    -5.320    -6.430    -7.580    -8.640    -9.700
   -10.920   -12.320   -13.780   -15.150   -16.280   -17.060   -17.620   -18.210
   -18.980   -19.760   -20.280   -20.560   -20.780   -21.020   -21.120   -20.870
   -20.220   -19.220   -17.910   -16.360   -14.690   -13.050   -11.380    -9.430
    -7.000    -4.320    -1.920     -.100     1.340     2.730     4.110     5.260
     6.100     6.820     7.520     8.080     8.300     8.250     8.130     8.080
     8.160     8.550     9.360    10.470    11.770    13.400    15.610    18.310
    21.040    23.540    26.000    28.740    31.690    34.530    37.110    39.500
    41.650    43.300    44.260    44.660    44.720    44.370    43.360    41.730
    39.840    37.950    35.990    33.820    31.690    29.930    28.560    27.280
    25.990    24.940    24.240    23.510    22.380    21.090    20.190    19.710
    19.100    18.010    16.720    15.670    14.850    13.920    12.740    11.460
    10.130     8.710     7.250     5.860     4.390     2.490      .030    -2.640
    -5.100    -7.280    -9.370   -11.460   -13.480   -15.420   -17.360   -19.290
   -21.090   -22.690   -24.210   -25.730   -27.180   -28.420   -29.430   -30.250
   -30.910   -31.370   -31.580   -31.490   -31.100   -30.510   -29.940   -29.520
   -29.180   -28.700   -27.970   -27.070   -26.090   -25.070   -24.050   -23.040
   -21.980   -20.800   -19.530   -18.300   -17.120   -15.790   -14.150   -12.360
   -10.750    -9.430    -8.260    -7.120    -6.100    -5.220    -4.330    -3.290
    -2.180    -1.080      .070     1.360     2.710     4.020     5.470     7.370
     9.700    12.010    13.990    15.840    17.920    20.210    22.310    23.840
    24.810    25.460    25.940    26.210    26.150    25.640    24.710    23.540
    22.290    20.970    19.410    17.550    15.570    13.670    11.900    10.190
     8.530     6.990     5.570     4.140     2.620     1.130     -.220    -1.440
    -2.650    -3.880    -5.080    -6.270    -7.480    -8.760   -10.120   -11.640
   -13.350   -15.070   -16.580   -17.910   -19.340   -20.990   -22.600   -23.860
   -24.830   -25.810   -26.930   -27.970   -28.730   -29.260   -29.780   -30.330
   -30.790   -31.050   -31.100   -30.940   -30.610   -30.210   -29.800   -29.330
   -28.560   -27.350   -25.770   -24.030   -22.350   -20.810   -19.400   -18.080
   -16.790   -15.450   -14.030   -12.660   -11.440   -10.390    -9.380    -8.270
    -7.080    -5.970    -5.020    -4.150    -3.130    -1.870     -.500      .740
     1.780     2.800     3.990     5.300     6.440     7.280     8.020     8.930
    10.040    11.150    12.090    12.820    13.310    13.530    13.630    13.930
    14.630    15.550    16.280    16.590    16.560    16.370    15.980    15.300
    14.400    13.560    13.060    12.880    12.780    12.530    12.120    11.740
    11.610    11.770    12.150    12.620    13.100    13.580    14.070    14.520
    14.790    14.770    14.410    13.710    12.560    10.830     8.560     5.990
     3.430     1.000    -1.320    -3.500    -5.480    -7.240    -8.800   -10.050
   -10.760   -10.770   -10.220    -9.380    -8.510    -7.820    -7.480    -7.570
    -8.020    -8.630    -9.280   -10.000   -10.890   -12.010   -13.290   -14.630
   -15.950   -17.270   -18.670   -20.170   -21.570   -22.600   -23.050   -22.930
   -22.350   -21.460   -20.360   -19.100   -17.730   -16.310   -14.930   -13.620
   -12.210   -10.460    -8.380    -6.300    -4.560    -3.150    -1.860     -.570
      .610     1.540     2.190     2.610     2.840     2.940     3.010     3.110
     3.220     3.440     4.020     5.070     6.300     7.350     8.270     9.560
    11.580    14.210    17.010    19.710    22.300    24.820    27.200    29.390
    31.350    33.020    34.270    35.040    35.320    35.090    34.260    32.860
    31.050    29.050    26.980    24.990    23.210    21.690    20.330    19.010
    17.830    16.940    16.350    15.840    15.290    14.760    14.300    13.730
    12.760    11.320     9.570     7.690     5.800     3.910     1.990      .020
    -1.990    -3.950    -5.740    -7.270    -8.540    -9.580   -10.450   -11.290
   -12.180   -13.040   -13.680   -14.110   -14.520   -15.070   -15.610   -15.880
   -15.880   -15.840   -15.860   -15.760   -15.310   -14.630   -14.080   -13.910
   -14.130   -14.660   -15.330   -15.910   -16.160   -16.130   -16.080   -16.180
   -16.290   -16.190   -16.050   -16.320   -17.110   -17.920   -18.100   -17.480
   -16.500   -15.620   -14.840   -13.900   -12.750   -11.730   -11.090   -10.520
    -9.460    -7.800    -6.050    -4.620    -3.390    -1.960     -.360      .980
     1.860     2.540     3.390     4.440     5.530     6.660     7.860     9.050
    10.180    11.440    13.000    14.650    15.980    16.970    18.100    19.840
    22.160    24.750    27.390    30.010    32.440    34.440    35.940    37.050
    37.940    38.710    39.460    40.320    41.240    41.980    42.250    41.960
    41.240    40.150    38.600    36.410    33.530    30.290    27.350    25.170
    23.600    21.970    19.690    16.630    13.040     9.180     5.260     1.640
    -1.290    -3.450    -5.360    -7.730   -10.850   -14.300   -17.420   -20.050
   -22.530   -25.260   -28.220   -31.150   -33.990   -36.940   -39.980   -42.700
   -44.610   -45.710   -46.480   -47.310   -48.100   -48.560   -48.670   -48.650
   -48.580   -48.340   -47.840   -47.270   -46.730   -46.020   -44.840   -43.220
   -41.420   -39.540   -37.310   -34.510   -31.270   -27.840   -24.200   -20.200
   -15.890   -11.660    -7.860    -4.430    -1.080     2.340     5.790     9.230
    12.660    15.980    18.920    21.310    23.230    24.850    26.250    27.420
    28.500    29.800    31.420    33.130    34.700    36.190    37.820    39.500
    40.940    42.070    43.100    44.170    44.970    45.110    44.520    43.420
    41.910    39.840    37.140    34.000    30.670    27.250    23.670    19.870
    15.870    11.760     7.750     4.010      .520    -2.800    -5.970    -8.870
   -11.390   -13.510   -15.260   -16.720   -18.040   -19.420   -20.810   -21.910
   -22.570   -23.010   -23.470   -23.830   -23.890   -23.970   -24.680   -26.060
   -27.310   -27.710   -27.450   -27.240   -27.340   -27.440   -27.350   -27.320
   -27.460   -27.390   -26.680   -25.430   -24.000   -22.420   -20.510   -18.340
   -16.260   -14.270   -11.910    -8.900    -5.540    -2.400      .400     3.110
     5.850     8.460    10.780    12.850    14.680    16.140    17.100    17.630
    17.850    17.780    17.500    17.230    17.190    17.280    17.200    16.840
    16.460    16.280    16.150    15.740    14.980    14.150    13.470    12.850
    12.150    11.460    10.870    10.220     9.150     7.610     6.010     4.740
     3.770     2.820     1.820      .880      .030     -.850    -1.780    -2.520
    -2.940    -3.170    -3.360    -3.490    -3.370    -3.010    -2.610    -2.300
    -2.030    -1.780    -1.750    -2.230    -3.300    -4.730    -6.210    -7.570
    -9.000   -10.720   -12.690   -14.480   -15.600   -15.960   -15.850   -15.530
   -15.010   -14.150   -12.920   -11.520   -10.190    -9.050    -8.010    -6.740
    -4.830    -2.230      .590     2.860     4.080     4.160     3.260     1.560
     -.580    -2.620    -4.120    -5.160    -6.230    -7.730    -9.600   -11.590
   -13.490   -15.170   -16.370   -16.780   -16.300   -15.170   -13.760   -12.340
   -10.950    -9.660    -8.720    -8.350    -8.510    -8.920    -9.380    -9.960
   -10.750   -11.510   -11.860   -11.700   -11.350   -11.180   -11.230   -11.320
   -11.230   -10.850   -10.060    -8.920    -7.660    -6.540    -5.620    -4.760
    -3.720    -2.220     -.050     2.720     5.590     7.980     9.780    11.240
    12.440    13.050    12.850    12.020    10.990     9.970     9.010     8.270
     8.000     8.210     8.700     9.270     9.880    10.420    10.740    10.800
    10.810    11.070    11.680    12.600    13.800    15.330    17.180    19.170
    20.870    21.720    21.380    20.070    18.420    16.960    15.740    14.520
    13.180    11.760    10.300     8.750     7.040     5.190     3.230     1.250
     -.570    -1.990    -2.840    -3.040    -2.620    -1.790     -.930     -.340
     -.040      .190      .450      .580      .450      .070     -.560    -1.580
    -3.070    -4.820    -6.460    -7.810    -8.970   -10.120   -11.350   -12.710
   -14.220   -15.800   -17.270   -18.490   -19.350   -19.700   -19.340   -18.300
   -16.880   -15.430   -14.040   -12.660   -11.360   -10.240    -9.350    -8.590
    -7.900    -7.280    -6.670    -5.980    -5.250    -4.670    -4.410    -4.430
    -4.500    -4.340    -3.760    -2.660    -1.120      .750     2.880     5.260
     7.740    10.100    12.310    14.730    17.620    20.860    24.040    26.920
    29.580    32.040    34.060    35.460    36.320    36.870    37.190    37.230
    37.030    36.610    35.850    34.600    33.010    31.490    30.280    29.230
    28.080    26.840    25.650    24.520    23.350    22.200    21.320    20.820
    20.490    19.920    18.820    17.140    15.020    12.710    10.420     8.130
     5.630     2.850     -.040    -2.880    -5.820    -9.100   -12.530   -15.490
   -17.680   -19.460   -21.330   -23.250   -24.770   -25.740   -26.530   -27.440
   -28.280   -28.630   -28.480   -28.130   -27.800   -27.470   -27.220   -27.290
   -27.790   -28.520   -29.320   -30.310   -31.590   -32.780   -33.320   -33.130
   -32.840   -32.970   -33.280   -33.160   -32.380   -31.190   -29.730   -27.740
   -25.060   -22.070   -19.320   -16.830   -14.140   -11.000    -7.720    -4.730
    -1.980      .880     4.090     7.440    10.590    13.380    15.920    18.340
    20.710    22.980    25.060    26.880    28.400    29.640    30.670    31.590
    32.490    33.380    34.250    35.110    35.970    36.810    37.470    37.880
    38.240    38.870    39.890    41.020    41.940    42.560    43.010    43.310
    43.140    42.250    40.690    38.760    36.670    34.280    31.380    28.040
    24.730    21.800    19.210    16.620    13.850    11.080     8.540     6.150
     3.740     1.360     -.740    -2.500    -4.170    -5.990    -7.950    -9.830
   -11.520   -13.010   -14.330   -15.590   -17.040   -18.910   -21.230   -23.750
   -26.260   -28.740   -31.260   -33.810   -36.360   -38.880   -41.350   -43.680
   -45.760   -47.590   -49.190   -50.560   -51.530   -51.890   -51.610   -50.820
   -49.750   -48.540   -47.260   -45.920   -44.570   -43.250   -41.960   -40.650
   -39.180   -37.470   -35.510   -33.390   -31.140   -28.690   -25.950   -23.040
   -20.230   -17.650   -15.110   -12.270    -9.140    -6.040    -3.250     -.780
     1.550     3.890     6.300     8.880    11.600    14.180    16.300    17.920
    19.340    20.840    22.430    23.940    25.300    26.610    27.980    29.420
    30.840    32.170    33.390    34.540    35.650    36.750    37.900    39.100
    40.320    41.500    42.530    43.270    43.520    43.090    41.990    40.390
    38.560    36.650    34.610    32.370    29.920    27.340    24.720    22.160
    19.820    17.780    16.090    14.700    13.560    12.610    11.800    11.020
    10.180     9.210     8.160     7.140     6.210     5.300     4.220     2.860
     1.280     -.400    -2.130    -3.990    -6.080    -8.360   -10.770   -13.190
   -15.500   -17.640   -19.720   -22.000   -24.530   -26.980   -28.990   -30.610
   -32.230   -34.020   -35.680   -36.830   -37.550   -38.150   -38.600   -38.570
   -38.040   -37.440   -37.140   -36.890   -36.150   -34.860   -33.520   -32.540
   -31.800   -30.980   -30.010   -29.110   -28.350   -27.680   -27.100   -26.690
   -26.360   -25.760   -24.680   -23.210   -21.580   -19.870   -17.990   -15.910
   -13.710   -11.390    -8.850    -6.040    -3.120     -.290     2.370     4.930
     7.410     9.810    12.170    14.580    17.050    19.510    21.830    23.990
    25.970    27.760    29.280    30.570    31.690    32.680    33.460    33.950
    34.150    34.160    34.110    34.090    34.120    34.140    34.050    33.760
    33.300    32.750    32.190    31.610    30.910    29.920    28.550    26.860
    24.990    22.990    20.720    18.060    15.050    11.810     8.450     5.050
     1.770    -1.300    -4.180    -6.890    -9.370   -11.570   -13.630   -15.810
   -18.170   -20.470   -22.490   -24.250   -25.870   -27.330   -28.540   -29.520
   -30.400   -31.280   -32.190   -33.150   -34.080   -34.750   -34.980   -34.870
   -34.620   -34.240   -33.540   -32.460   -31.160   -29.660   -27.680   -25.030
   -21.950   -18.910   -16.090   -13.370   -10.690    -8.280    -6.270    -4.470
    -2.530     -.310     2.000     4.190     6.170     8.020     9.830    11.630
    13.320    14.800    16.070    17.300    18.640    20.130    21.670    23.170
    24.580    25.840    26.900    27.740    28.360    28.770    28.850    28.590
    28.110    27.530    26.850    25.870    24.360    22.280    19.740    16.970
    14.130    11.240     8.210     4.990     1.730    -1.330    -4.040    -6.480
    -8.730   -10.780   -12.550   -14.020   -15.320   -16.510   -17.570   -18.450
   -19.150   -19.760   -20.370   -21.010   -21.690   -22.390   -23.250   -24.410
   -25.900   -27.490   -28.890   -30.000   -30.900   -31.590   -31.850   -31.530
   -30.740   -29.600   -28.080   -25.980   -23.270   -20.130   -16.800   -13.410
   -10.040    -6.780    -3.720     -.760     2.260     5.370     8.370    10.980
    13.050    14.630    15.840    16.800    17.580    18.200    18.670    19.060
    19.450    19.910    20.510    21.290    22.240    23.270    24.260    25.210
    26.280    27.590    29.040    30.400    31.510    32.340    32.880    33.110
    32.960    32.380    31.280    29.520    27.130    24.350    21.530    18.810
    16.090    13.260    10.300     7.270     4.190     1.100    -1.880    -4.600
    -6.970    -8.980   -10.590   -11.810   -12.680   -13.310   -13.760   -14.070
   -14.350   -14.660   -14.980   -15.270   -15.560   -16.020   -16.730   -17.630
   -18.590   -19.600   -20.710   -21.910   -23.120   -24.240   -25.170   -25.860
   -26.220   -26.280   -26.120   -25.740   -25.010   -23.750   -21.980   -19.980
   -17.970   -15.970   -13.880   -11.730    -9.730    -8.030    -6.540    -5.110
    -3.750    -2.650    -1.890    -1.310     -.730     -.110      .470      .920
     1.240     1.420     1.480     1.530     1.670     1.920     2.250     2.730
     3.460     4.370     5.250     5.990     6.730     7.620     8.630     9.620
    10.650    11.850    13.170    14.380    15.370    16.290    17.280    18.270
    19.060    19.640    20.060    20.280    20.170    19.730    19.120    18.480
    17.760    16.930    16.040    15.200    14.500    13.930    13.410    12.810
    12.080    11.430    11.120    11.130    11.100    10.790    10.330    10.030
     9.880     9.610     9.090     8.430     7.790     7.140     6.410     5.630
     4.830     3.980     3.030     2.010      .990     -.030    -1.080    -2.150
    -3.180    -4.240    -5.430    -6.780    -8.130    -9.330   -10.340   -11.220
   -12.010   -12.730   -13.410   -14.080   -14.720   -15.240   -15.530   -15.560
   -15.390   -15.150   -14.870   -14.530   -14.070   -13.470   -12.780   -12.010
   -11.200   -10.320    -9.270    -8.000    -6.570    -5.170    -3.890    -2.610
    -1.250      .080     1.220     2.310     3.660     5.360     7.050     8.460
     9.780    11.370    13.200    14.900    16.240    17.480    18.820    20.090
    20.960    21.480    22.040    22.830    23.610    24.040    24.120    24.140
    24.200    24.110    23.620    22.760    21.790    20.950    20.160    19.190
    17.900    16.480    15.110    13.730    12.150    10.300     8.400     6.660
     5.070     3.470     1.770      .050    -1.610    -3.140    -4.540    -5.890
    -7.260    -8.650    -9.900   -10.950   -11.950   -13.080   -14.290   -15.360
   -16.290   -17.260   -18.230   -18.930   -19.250   -19.530   -20.070   -20.630
   -20.630   -19.930   -18.960   -18.170   -17.530   -16.740   -15.760   -14.760
   -13.810   -12.800   -11.670   -10.490    -9.380    -8.290    -7.130    -5.880
    -4.620    -3.400    -2.220    -1.100     -.080      .880     1.910     3.120
     4.440     5.730     6.860     7.890     8.930     9.920    10.770    11.480
    12.210    13.050    13.900    14.610    15.070    15.270    15.210    14.980
    14.720    14.410    13.840    12.910    11.760    10.580     9.270     7.620
     5.820     4.330     3.370     2.650     1.830     1.050      .540      .220
     -.250     -.940    -1.640    -2.300    -3.180    -4.460    -5.870    -7.120
    -8.280    -9.540   -10.740   -11.460   -11.440   -10.820    -9.830    -8.620
    -7.350    -6.280    -5.590    -5.120    -4.600    -3.950    -3.320    -2.780
    -2.340    -2.020    -1.910    -2.050    -2.300    -2.470    -2.440    -2.180
    -1.730    -1.170     -.570      .150     1.110     2.240     3.230     3.850
     4.190     4.550     5.010     5.420     5.610     5.650     5.670     5.760
     5.920     6.110     6.160     5.940     5.540     5.240     5.170     5.060
     4.510     3.550     2.560     1.800     1.090      .130    -1.130    -2.510
    -3.900    -5.360    -6.900    -8.400    -9.760   -11.000   -12.230   -13.500
   -14.770   -15.950   -17.010   -17.940   -18.750   -19.450   -20.090   -20.660
   -21.150   -21.630   -22.190   -22.860   -23.560   -24.220   -24.800   -25.280
   -25.560   -25.570   -25.380   -25.030   -24.490   -23.740   -22.880   -22.040
   -21.190   -20.130   -18.900   -17.750   -16.820   -15.880   -14.610   -13.100
   -11.660   -10.440    -9.220    -7.840    -6.420    -5.110    -3.850    -2.540
    -1.250     -.090     1.010     2.190     3.470     4.790     6.180     7.640
     9.000    10.000    10.670    11.290    11.950    12.480    12.840    13.290
    13.960    14.510    14.460    13.900    13.280    12.790    12.140    11.100
     9.970     9.120     8.590     8.090     7.510     6.960     6.530     6.160
     5.830     5.600     5.420     5.110     4.570     4.020     3.730     3.680
     3.560     3.100     2.330     1.500      .800      .190     -.470    -1.270
    -2.120    -2.810    -3.190    -3.340    -3.490    -3.800    -4.170    -4.330
    -4.100    -3.510    -2.710    -1.750     -.620      .660     1.900     2.980
     3.920     4.810     5.630     6.310     6.900     7.550     8.270     8.880
     9.250     9.390     9.380     9.250     9.040     8.930     8.990     9.090
     9.050     8.910     8.840     8.840     8.670     8.190     7.550     6.980
     6.480     5.940     5.390     4.980     4.730     4.410     3.800     2.930
     2.030     1.230      .440     -.480    -1.490    -2.300    -2.760    -3.030
    -3.460    -4.090    -4.650    -4.880    -4.850    -4.710    -4.510    -4.160
    -3.700    -3.300    -2.950    -2.520    -1.860    -1.070     -.280      .440
     1.050     1.540     1.980     2.440     2.900     3.230     3.440     3.700
     4.060     4.380     4.570     4.820     5.350     6.070     6.700     7.180
     7.750     8.500     9.250     9.760    10.060    10.260    10.380    10.390
    10.310    10.130     9.710     8.970     8.100     7.400     6.920     6.500
     6.130     5.940     6.030     6.220     6.420     6.770     7.420     8.260
     9.070     9.720    10.270    10.720    11.070    11.330    11.500    11.440
    11.000    10.310     9.700     9.280     8.790     7.960     6.890     5.900
     5.070     4.260     3.370     2.570     1.970     1.440      .830      .180
     -.310     -.560     -.710     -.800     -.790     -.640     -.470     -.420
     -.430     -.400     -.370     -.470     -.750    -1.090    -1.420    -1.880
    -2.660    -3.760    -5.050    -6.440    -8.000    -9.750   -11.580   -13.350
   -14.980   -16.510   -17.920   -19.170   -20.230   -21.060   -21.620   -21.920
   -22.010   -21.990   -21.970   -22.000   -22.040   -21.910   -21.460   -20.810
   -20.230   -19.910   -19.710   -19.420   -19.040   -18.720   -18.440   -18.010
   -17.350   -16.590   -15.770   -14.800   -13.640   -12.450   -11.310   -10.030
    -8.440    -6.710    -5.140    -3.750    -2.250     -.420     1.650     3.740
     5.760     7.670     9.480    11.310    13.230    15.040    16.330    16.940
    17.200    17.580    18.190    18.740    18.920    18.690    18.240    17.760
    17.330    16.800    16.040    15.150    14.690