-.170      .340      .970     1.310     1.250      .920      .580      .480
      .750     1.230     1.450     1.220      .880      .880     1.080      .980
      .580      .400      .720     1.120     1.260     1.480     2.150     2.820
     2.540     1.210     -.100     -.320      .440     1.250     1.530     1.540
     1.740     2.130     2.310     2.050     1.540     1.150      .960      .900
     1.040     1.630     2.530     3.100     2.900     2.250     1.770     1.570
     1.300     1.020     1.180     1.800     2.190     2.020     1.800     1.950
     1.990     1.410      .860     1.380     2.750     3.570     3.120     2.230
     1.880     1.930     1.840     1.870     2.490     3.270     3.310     2.700
     2.460     2.870     2.880     1.710      .180     -.110     1.150     2.710
     3.420     3.440     3.600     4.000     3.850     2.590      .930      .250
     1.130     2.630     3.300     2.860     2.360     2.730     3.600     4.060
     4.030     4.130     4.410     3.900     2.180      .370      .130     1.670
     3.590     4.590     4.630     4.270     3.610     2.450     1.120      .510
     1.070     2.340     3.430     3.780     3.600     3.640     4.530     6.090
     7.180     6.670     4.460     1.790      .270      .690     2.410     3.900
     3.930     2.850     2.170     2.780     3.820     3.810     2.660     1.710
     1.670     1.660      .890      .240     1.300     4.110     6.890     7.960
     7.090     5.140     3.030     1.470      .810      .940     1.530     2.460
     3.700     4.880     5.540     5.920     6.560     7.030     5.950     2.800
     -.790    -2.690    -2.510    -1.420     -.120     1.900     4.880     7.680
     8.800     8.010     6.330     4.820     3.750     2.860     2.000     1.550
     2.270     4.580     7.840    10.570    11.620    11.050     9.620     7.640
     4.820     1.400    -1.200    -1.320     1.150     4.450     6.610     7.170
     6.940     6.400     4.970     2.010    -1.820    -4.580    -4.440    -1.130
     3.510     6.630     6.790     5.570     5.840     7.920     8.660     5.540
      .810     -.440     3.450     8.460     9.810     7.560     5.580     5.890
     6.200     3.610    -1.270    -4.890    -5.050    -3.090    -1.680    -1.440
     -.430     2.960     7.560    10.520    10.520     8.740     6.700     4.230
      .530    -3.540    -5.660    -4.400     -.380     4.700     9.020    10.720
     8.530     3.360    -1.830    -4.940    -6.830    -9.280   -11.450   -10.190
    -4.100     4.160    10.510    13.240    13.120    10.770     5.770    -1.310
    -7.560    -9.750    -7.320    -2.760      .970     3.000     4.510     6.750
     9.210     9.850     7.300     2.820     -.420     -.520     1.100     1.380
     -.790    -3.640    -4.810    -3.600     -.590     3.490     7.240     8.040
     3.990    -3.070    -7.900    -6.560     -.320     5.620     7.220     4.960
     2.200     1.130      .870     -.830    -4.370    -7.470    -7.300    -3.210
     2.620     7.010     7.940     5.570     1.790    -1.340    -3.140    -4.870
    -8.150   -12.890   -16.670   -16.520   -11.280    -2.740     5.040     8.160
     5.780     1.190    -1.120      .150     1.900      .460    -4.040    -7.740
    -7.040    -2.180     3.030     4.560     1.740    -2.310    -4.120    -3.810
    -4.760    -8.920   -13.880   -15.960   -14.860   -13.300   -12.780   -11.960
    -9.710    -7.250    -6.270    -6.380    -6.050    -5.180    -5.000    -5.830
    -6.440    -5.730    -3.870    -1.410     1.260     3.090     2.180    -2.310
    -8.030   -10.690    -8.080    -2.390     1.770     1.680    -1.600    -5.140
    -7.080    -7.530    -7.810    -9.460   -13.300   -18.160   -20.940   -19.220
   -13.950    -8.840    -6.970    -8.270   -10.340   -10.520    -7.680    -3.080
      .360     1.020      .780     2.740     6.470     7.760     4.040    -2.080
    -6.590    -9.270   -12.480   -16.050   -17.250   -15.800   -15.380   -18.280
   -21.390   -19.850   -13.330    -6.270    -2.600    -2.670    -4.890    -7.940
   -10.360   -10.090    -6.180     -.370     4.190     5.700     4.490     1.600
    -2.290    -6.530   -10.100   -12.400   -13.810   -14.690   -14.040   -10.370
    -4.530     -.470    -1.820    -7.780   -13.610   -15.540   -14.320   -13.440
   -14.540   -15.430   -12.350    -4.150     5.820    12.220    12.790    10.170
     7.880     5.770     1.800    -2.960    -5.070    -4.780    -6.880   -12.980
   -17.430   -14.980    -9.290    -8.250   -12.310   -14.180   -10.800    -8.690
   -13.870   -21.530   -21.580   -12.170    -2.150      .140    -3.990    -7.520
    -7.210    -6.200    -7.920   -11.230   -13.220   -15.190   -21.840   -33.570
   -42.670   -41.240   -31.250   -22.390   -19.950   -20.020   -18.300   -17.850
   -23.130   -30.600   -31.800   -24.430   -14.280    -6.340     -.610     2.170
    -2.580   -15.690   -28.530   -30.870   -23.210   -16.380   -19.290   -31.160
   -45.540   -57.250   -63.590   -62.880   -55.710   -46.510   -41.300   -42.820
   -48.090   -50.810   -46.350   -35.440   -23.290   -14.230    -7.220     2.250
    15.940    29.910    38.250    38.880    35.150    32.710    34.720    38.560
    36.620    22.400    -2.610   -29.160   -48.940   -62.320   -76.090   -94.510
  -114.830  -131.160  -140.380  -143.400  -142.850  -140.860  -137.950  -132.600
  -122.670  -108.550   -94.330   -84.170   -77.670   -69.740   -55.130   -32.090
    -2.740    27.870    53.010    67.930    74.040    77.530    81.840    82.370
    71.120    45.870    12.710   -20.880   -52.740   -84.640  -116.410  -144.120
  -163.630  -173.500  -174.050  -165.890  -151.460  -136.650  -127.560  -124.450
  -120.150  -105.950   -78.470   -40.400     3.520    49.200    92.800   130.950
   162.640   189.260   211.240   225.320   225.660   206.850   166.270   106.580
    37.360   -28.110   -80.850  -119.810  -145.730  -154.240  -139.980  -107.000
   -69.030   -37.060   -10.720    15.360    40.680    59.020    67.450    70.930
    78.130    95.610   125.150   162.330   197.220   220.100   228.450   227.200
   222.900   220.230   222.820   231.660   240.450   237.190   213.960   172.610
   118.800    55.470   -13.070   -74.710  -115.680  -134.070  -141.670  -150.470
  -161.300  -166.570  -159.430  -137.750  -103.700   -63.640   -26.420     1.830
    21.030    34.460    45.030    55.670    69.810    88.040   106.590   122.510
   138.190   156.790   174.770   183.620   178.580   160.880   131.820    90.770
    41.000    -7.630   -45.830   -72.380   -92.230  -109.980  -127.790  -146.540
  -165.200  -180.010  -186.940  -184.310  -171.820  -149.290  -119.450   -89.810
   -67.280   -50.900   -33.170    -8.950    20.750    54.230    93.190   137.460
   179.020   207.210   219.960   224.700   226.190   218.460   193.430   154.650
   116.320    88.650    70.160    56.170    47.840    47.500    50.270    49.460
    48.730    59.620    84.450   109.720   121.530   121.050   118.730   118.550
   116.250   110.240   104.380    99.400    90.460    76.760    66.340    66.440
    74.100    81.940    89.280   101.330   118.840   135.430   145.720   151.010
   154.930   157.720   157.600   154.860   151.010   145.260   135.430   122.890
   113.550   112.160   116.710   120.480   119.500   116.090   114.570   115.230
   114.600   110.640   105.120   100.570    97.320    94.430    91.490    87.670
    81.210    71.950    63.670    61.100    64.690    70.360    74.320    76.180
    77.100    77.150    75.680    72.760    68.890    64.180    58.950    54.650
    53.020    54.200    56.040    55.540    51.590    46.650    44.910    47.510
    49.620    44.000    28.240     7.390   -11.380   -25.830   -38.960   -53.490
   -68.140   -79.920   -87.840   -93.270   -97.900  -103.270  -111.660  -125.220
  -143.780  -165.040  -187.030  -208.960  -229.330  -245.310  -255.610  -262.260
  -267.230  -268.540  -262.170  -248.030  -231.040  -215.250  -199.520  -180.900
  -160.610  -143.860  -134.310  -131.180  -131.950  -135.340  -140.450  -144.560
  -143.890  -136.550  -124.310  -111.470  -101.940   -96.870   -94.880   -95.020
   -98.990  -109.040  -123.830  -138.190  -147.750  -152.090  -152.360  -147.910
  -137.870  -124.670  -112.920  -104.880   -99.600   -96.680   -97.840  -103.710
  -111.240  -116.480  -118.280  -117.260  -112.840  -104.160   -93.500   -85.830
   -83.990   -86.060   -88.470   -89.950   -90.870   -90.190   -85.200   -74.450
   -59.570   -43.790   -29.340   -16.570    -4.910     6.280    17.350    28.480
    39.720    51.030    62.060    72.060    80.250    86.180    89.720    90.690
    88.760    83.920    76.650    67.510    56.970    45.890    35.640    27.400
    21.420    17.420    15.610    16.510    19.590    22.730    24.000    23.800
    24.690    28.250    32.330    32.190    25.150    13.670     2.870    -5.040
   -12.180   -20.360   -26.810   -26.480   -17.760    -3.680    12.690    32.040
    56.860    87.340   120.250   150.900   174.880   189.110   193.390   191.270
   187.630   184.620   180.710   173.950   164.610   153.670   139.770   119.230
    89.450    51.920    11.760   -25.290   -56.050   -81.130  -103.220  -123.900
  -141.980  -155.010  -162.050  -164.310  -163.730  -161.650  -158.570  -154.230
  -147.850  -139.360  -130.420  -123.120  -117.360  -110.730  -101.420   -90.240
   -78.830   -67.250   -54.680   -41.920   -31.230   -23.540   -17.230   -10.490
    -3.660     1.560     4.940     8.570    14.970    24.790    36.620    48.650
    59.860    69.220    74.260    71.290    57.760    34.130     3.160   -32.220
   -69.400  -105.140  -135.800  -159.270  -176.040  -187.720  -195.180  -198.670
  -198.990  -197.180  -192.990  -184.420  -169.280  -147.350  -121.260   -95.080
   -71.450   -49.660   -27.030    -2.400    22.210    43.590    60.120    71.740
    78.270    79.120    74.440    65.340    52.840    38.030    22.910     9.640
    -1.100    -9.560   -14.660   -13.980    -6.830     4.430    17.280    31.520
    47.510    63.260    75.660    83.800    89.050    92.090    92.360    90.510
    89.280    90.430    92.600    93.500    93.100    93.150    94.230    95.220
    95.550    96.100    97.490    99.060   100.520   103.360   109.110   116.870
   124.270   130.880   138.400   146.750   152.260   151.970   148.420   147.240
   149.610   150.150   143.780   132.460   123.190   120.340   122.320   125.220
   127.000   127.930   128.750   130.110   132.560   136.260   140.920   146.590
   153.630   161.230   166.800   167.680   163.320   155.190   145.060   134.130
   123.310   113.450   104.920    97.680    91.510    86.000    80.450    74.110
    66.390    56.510    43.760    28.620    13.040    -1.170   -14.090   -26.670
   -38.650   -48.580   -56.090   -62.610   -69.730   -78.190   -88.930  -103.280
  -120.670  -137.710  -150.980  -159.740  -164.340  -163.320  -154.470  -138.690
  -120.140  -102.230   -85.420   -69.230   -54.450   -42.210   -32.170   -22.850
   -13.380    -3.970     4.930    13.570    22.480    31.050    36.880    37.550
    33.310    26.850    19.820    11.190      .350   -10.190   -17.410   -21.850
   -26.240   -30.820   -33.490   -35.030   -39.770   -48.760   -55.880   -55.210
   -51.190   -56.960   -80.840  -117.380  -154.010  -184.720  -213.250  -241.810
  -261.160  -258.100  -233.560  -207.380  -199.300  -208.180  -216.530  -215.060
  -213.710  -224.590  -242.470  -251.100  -244.940  -233.950  -226.020  -214.950
  -191.780  -161.240  -138.380  -129.990  -126.430  -113.190   -86.330   -53.940
   -25.470    -2.930    17.900    40.890    65.690    89.630   110.880   129.070
   143.720   154.220   161.240   166.390   169.880   169.880   164.990   156.360
   146.380   136.160   125.400   113.800   100.980    85.890    67.970    48.870
    31.490    17.170     5.060    -5.780   -14.980   -21.720   -26.130   -29.000
   -31.030   -32.440   -33.000   -32.000   -28.850   -23.630   -16.910    -9.080
     -.490     8.200    16.300    23.790    31.140    38.240    44.190    48.240
    50.840    53.280    56.510    60.410    64.260    67.660    70.830    73.940
    76.760    79.160    81.840    86.020    92.500   101.120   110.990   120.610
   127.900   130.700   127.840   119.830   108.130    94.040    78.610    63.300
    49.670    38.070    27.310    16.140     4.660    -6.290   -16.650   -27.140
   -37.810   -47.650   -55.690   -62.040   -67.380   -72.050   -75.940   -78.990
   -81.500   -83.860   -86.140   -87.790   -88.160   -87.300   -86.050   -84.780
   -82.520   -77.970   -71.280   -63.810   -56.580   -49.550   -42.530   -35.430
   -27.650   -18.560    -8.860     -.140     7.270    14.540    21.920    27.880
    31.760    35.590    41.630    49.300    56.190    61.040    64.170    65.720
    65.490    63.750    60.510    54.550    44.610    31.140    15.000    -4.090
   -26.170   -49.140   -70.950   -92.210  -113.700  -132.540  -145.300  -153.970
  -163.310  -171.850  -172.450  -164.500  -158.530  -162.880  -170.980  -169.290
  -155.070  -138.090  -125.590  -114.140   -98.470   -80.540   -65.450   -53.500
   -41.790   -30.330   -21.320   -14.130    -6.050     2.530     8.200    10.260
    12.240    16.630    21.370    23.500    23.750    25.170    28.610    31.920
    33.000    32.000    30.250    28.560    27.290    26.810    27.020    26.840
    25.180    22.520    20.330    18.800    15.940     9.970     2.100    -4.340
    -7.330    -7.870    -7.970    -8.130    -7.230    -4.130     1.440     9.060
    17.910    27.190    36.760    46.880    57.110    65.920    71.880    74.720
    74.760    72.150    67.420    62.040    57.100    52.110    46.170    39.930
    35.080    31.950    29.080    25.630    22.800    22.240    23.860    26.330
    29.120    32.860    37.920    43.680    49.510    55.360    61.170    66.280
    70.150    73.240    76.610    80.520    84.100    86.420    87.510    88.030
    88.250    87.830    86.540    84.840    83.520    83.190    84.230    86.840
    90.780    95.180    99.050   101.900   103.800   104.840   104.870   103.800
   101.770    98.990    95.550    91.290    85.890    79.170    71.320    63.050
    55.060    47.720    41.160    35.690    31.610    28.660    26.240    24.110
    22.520    21.570    20.710    19.140    16.330    12.190     7.100     1.900
    -2.600    -6.090    -8.610    -9.980    -9.930    -8.770    -7.240    -5.640
    -3.830    -2.200    -1.610    -1.750     -.780     2.480     6.690     9.760
    11.770    14.640    19.000    23.080    25.310    26.280    27.360    28.560
    28.820    27.700    25.550    22.530    18.500    13.840     9.350     5.160
      .550    -4.860   -10.480   -15.390   -19.370   -22.970   -26.780   -30.920
   -35.160   -39.300   -43.500   -47.940   -52.430   -56.520   -60.450   -65.220
   -71.380   -77.920   -83.180   -86.540   -88.680   -90.050   -89.990   -87.750
   -83.420   -77.560   -70.340   -61.820   -52.650   -43.870   -35.950   -28.600
   -21.630   -15.470   -10.730    -7.630    -5.920    -5.280    -5.420    -6.060
    -6.840    -7.450    -7.710    -7.800    -8.260    -9.540   -11.490   -13.570
   -15.420   -17.070   -18.460   -19.250   -19.190   -18.500   -17.700   -17.210
   -17.310   -18.350   -20.710   -24.280   -28.290   -31.780   -34.430   -36.540
   -38.310   -39.510   -39.850   -39.490   -38.650   -37.090   -34.460   -30.940
   -27.140   -23.210   -18.550   -12.770    -6.280      .400     7.340    14.650
    21.550    27.010    31.000    34.240    36.860    38.240    38.510    38.810
    39.590    39.560    37.510    34.270    31.730    30.250    28.550    25.930
    23.350    21.690    20.460    18.870    17.230    16.310    16.060    15.830
    15.640    15.950    16.600    16.790    16.290    15.630    15.080    14.160
    12.550    10.700     9.320     8.740     9.170    11.090    14.660    19.150
    23.320    26.460    28.550    29.790    30.320    30.260    29.710    28.640
    27.100    25.490    24.180    22.860    20.740    17.330    12.700     7.170
      .910    -5.920   -12.990   -19.800   -26.020   -31.540   -36.430   -40.650
   -43.940   -45.940   -46.650   -46.460   -45.760   -44.590   -42.860   -40.770
   -38.640   -36.440   -33.840   -30.700   -27.180   -23.340   -18.950   -13.990
    -8.880    -4.020      .540     4.690     7.900     9.580     9.770     8.960
     7.500     5.530     3.320     1.380      .120     -.370     -.220      .270
      .500      .000     -.990    -1.740    -1.980    -2.210    -2.950    -4.250
    -6.340   -10.200   -16.820   -25.780   -35.340   -43.830   -50.730   -56.230
   -60.380   -63.100   -64.560   -65.190   -65.290   -64.990   -64.420   -63.680
   -62.630   -61.020   -58.790   -56.210   -53.550   -51.020   -48.760   -46.910
   -45.490   -44.400   -43.490   -42.630   -41.820   -41.210   -41.020   -41.190
   -41.260   -40.790   -39.700   -38.200   -36.310   -33.780   -30.490   -26.480
   -21.730   -16.000    -9.300    -2.200     4.470    10.170    14.730    18.090
    20.250    21.370    21.550    20.560    18.150    14.570    10.420     6.130
     1.790    -2.370    -5.820    -8.180    -9.580   -10.320   -10.340    -9.410
    -7.490    -4.780    -1.470     2.170     5.780     9.040    11.920    14.420
    16.170    16.630    15.740    14.050    12.100     9.780     6.690     2.840
    -1.300    -5.190    -8.550   -11.220   -12.910   -13.330   -12.340    -9.840
    -5.670      .140     7.020    14.040    20.430    26.050    31.060    35.430
    38.850    41.200    42.690    43.550    43.740    43.140    41.890    40.200
    38.030    35.050    31.090    26.450    21.750    17.570    14.320    12.120
    10.850    10.330    10.630    11.960    14.210    16.710    18.600    19.400
    19.240    18.490    17.260    15.370    12.620     9.150     5.590     2.580
      .380    -1.160    -2.170    -2.480    -1.900     -.570     1.280     3.630
     6.730    10.710    15.340    20.130    24.510    28.060    30.630    32.370
    33.460    33.810    33.240    31.900    30.220    28.470    26.610    24.740
    23.200    22.110    21.110    19.910    18.700    17.670    16.580    15.140
    13.660    12.580    11.390     9.000     5.200     1.080    -2.520    -6.160
   -10.790   -15.940   -20.090   -22.540   -24.100   -25.740   -27.230   -27.810
   -27.500   -27.090   -27.050   -26.910   -25.830   -23.440   -20.040   -16.180
   -12.290    -8.470    -4.560     -.550     3.200     6.080     7.810     8.580
     8.800     8.690     8.240     7.310     5.800     3.780     1.470     -.850
    -3.060    -5.260    -7.660   -10.400   -13.470   -16.740   -20.060   -23.310
   -26.520   -29.770   -32.980   -35.790   -37.830   -39.060   -39.670   -39.630
   -38.630   -36.480   -33.550   -30.510   -27.710   -25.000   -22.200   -19.310
   -16.390   -13.260    -9.720    -5.930    -2.320      .810     3.530     6.000
     8.080     9.560    10.450    11.140    12.070    13.370    14.850    16.410
    18.290    20.710    23.430    25.710    27.010    27.480    27.630    27.630
    27.170    25.990    24.190    22.030    19.590    16.870    14.070    11.360
     8.700     5.860     2.810     -.360    -3.580    -6.800    -9.800   -12.210
   -13.870   -14.870   -15.240   -14.680   -12.970   -10.260    -6.960    -3.400
      .220     3.590     6.500     9.050    11.590    14.180    16.490    18.330
    19.930    21.610    23.180    24.110    24.130    23.670    23.340    23.340
    23.430    23.240    22.620    21.570    20.190    18.710    17.240    15.640
    13.470    10.510     6.960     3.250     -.440    -4.200    -7.890   -11.020
   -13.110   -14.120   -14.220   -13.500   -12.020    -9.970    -7.670    -5.290
    -2.920     -.730     1.210     3.090     5.220     7.500     9.540    11.140
    12.640    14.330    16.090    17.570    18.750    19.830    20.920    21.940
    22.830    23.560    23.840    23.400    22.390    21.210    19.930    18.170
    15.740    13.060    10.600     8.390     6.110     3.740     1.490     -.740
    -3.380    -6.670   -10.280   -13.620   -16.340   -18.370   -19.580   -19.660
   -18.310   -15.580   -11.970    -8.210    -4.730    -1.520     1.440     3.940
     5.720     6.860     7.640     8.160     8.230     7.830     7.250     6.690
     5.950     4.830     3.590     2.740     2.520     2.790     3.490     4.690
     6.340     8.060     9.520    10.830    12.240    13.670    14.720    15.190
    15.360    15.650    16.070    16.260    16.070    15.840    16.000    16.400
    16.630    16.700    17.140    18.040    18.700    18.400    17.380    16.520
    16.030    15.190    13.480    11.450    10.020     9.390     9.130     8.970
     9.030     9.250     9.170     8.500     7.570     6.850     6.420     6.030
     5.460     4.750     4.090     3.710     3.740     4.060     4.450     4.870
     5.540     6.520     7.580     8.490     9.370    10.370    11.280    11.720
    11.730    11.770    12.000    11.990    11.380    10.380     9.440     8.520
     7.080     4.830     2.060     -.770    -3.570    -6.570    -9.850   -13.120
   -15.950   -18.040   -19.460   -20.510   -21.440   -22.320   -23.100   -23.860
   -24.740   -25.830   -27.010   -28.190   -29.370   -30.730   -32.340   -34.090
   -35.790   -37.270   -38.390   -38.970   -38.890   -38.140   -36.800   -34.880
   -32.310   -29.210   -25.930   -22.870   -20.110   -17.610   -15.460   -13.810
   -12.560   -11.450   -10.530   -10.230   -10.720   -11.560   -12.220   -12.770
   -13.680   -15.050   -16.440   -17.590   -18.770   -20.330   -22.170   -23.970
   -25.670   -27.430   -29.370   -31.370   -33.330   -35.080   -36.400   -37.250
   -37.970   -38.990   -40.280   -41.370   -41.920   -42.040   -41.780   -40.750
   -38.470   -34.930   -30.660   -26.150   -21.630   -17.110   -12.720    -8.590
    -4.830    -1.500     1.430     4.090     6.700     9.290    11.690    13.680
    15.220    16.370    17.130    17.380    17.080    16.330    15.300    14.060
    12.550    10.840     9.090     7.410     5.770     4.080     2.410      .940
     -.280    -1.300    -2.110    -2.580    -2.590    -2.210    -1.650    -1.110
     -.690     -.370      .070      .850     2.010     3.210     4.210     5.240
     6.800     9.000    11.330    13.320    15.160    17.420    20.320    23.560
    26.790    29.960    33.090    36.050    38.760    41.360    43.850    45.780
    46.600    46.290    45.300    43.810    41.340    37.460    32.630    27.950
    24.100    20.780    17.330    13.480     9.420     5.240      .880    -3.620
    -7.940   -11.880   -15.570   -19.120   -22.340   -24.930   -26.920   -28.640
   -30.130   -31.050   -31.110   -30.400   -29.170   -27.390   -25.040   -22.450
   -20.110   -18.130   -16.160   -13.910   -11.470    -9.070    -6.760    -4.470
    -2.300     -.330     1.590     3.620     5.630     7.220     8.120     8.420
     8.450     8.490     8.740     9.320    10.120    10.850    11.210    11.100
    10.570     9.570     7.870     5.300     1.980    -1.810    -5.900   -10.360
   -15.220   -20.320   -25.450   -30.540   -35.660   -40.730   -45.370   -49.130
   -51.670   -52.740   -52.200   -50.120   -46.830   -42.820   -38.500   -34.070
   -29.630   -25.250   -21.020   -17.090   -13.590   -10.580    -7.900    -5.240
    -2.350      .800     3.940     6.740     9.070    11.180    13.460    15.970
    18.330    20.200    21.670    23.090    24.500    25.710    26.650    27.400
    27.730    27.210    25.870    24.430    23.440    22.550    21.090    19.080
    17.210    15.800    14.470    12.940    11.540    10.720    10.350    10.020
     9.810    10.170    11.220    12.450    13.340    13.790    13.900    13.600
    12.880    12.070    11.590    11.480    11.430    11.280    11.380    12.240
    13.980    16.170    18.290    20.110    21.720    23.250    24.700    26.070
    27.440    28.980    30.790    32.890    35.280    38.000    41.070    44.460
    47.940    51.080    53.300    54.150    53.610    52.040    49.860    47.280
    44.350    41.270    38.320    35.540    32.660    29.470    26.100    22.760
    19.480    16.160    12.860     9.750     6.890     4.440     2.720     1.880
     1.460      .660     -.650    -1.860    -2.510    -2.990    -3.990    -5.560
    -7.150    -8.500    -9.820   -11.260   -12.620   -13.860   -15.290   -17.040
   -18.520   -19.040   -18.640   -17.890   -17.020   -15.790   -14.040   -12.090
   -10.270    -8.560    -6.900    -5.440    -4.380    -3.680    -3.370    -3.690
    -4.810    -6.450    -8.350   -10.700   -13.800   -17.390   -20.860   -24.070
   -27.600   -31.750   -35.890   -39.240   -41.900   -44.560   -47.380   -49.810
   -51.420   -52.500   -53.330   -53.580   -52.820   -51.370   -49.970   -48.780
   -47.210   -44.980   -42.690   -41.140   -40.220   -39.160   -37.530   -35.660
   -33.930   -32.180   -30.020   -27.450   -24.790   -22.180   -19.490   -16.750
   -14.200   -11.920    -9.700    -7.420    -5.330    -3.790    -2.810    -2.240
    -2.180    -2.900    -4.400    -6.180    -7.700    -8.780    -9.490    -9.880
    -9.950    -9.700    -9.210    -8.580    -7.830    -6.930    -5.700    -3.930
    -1.610     1.070     3.900     6.770     9.600    12.220    14.480    16.340
    17.730    18.600    19.010    19.180    19.210    19.030    18.690    18.490
    18.580    18.670    18.350    17.720    17.260    17.250    17.580    18.250
    19.400    20.940    22.280    22.960    23.200    23.510    23.980    24.170
    23.740    22.850    21.860    21.020    20.400    20.000    19.650    19.170
    18.590    18.260    18.430    19.050    19.820    20.620    21.550    22.760
    24.310    26.060    27.750    29.180    30.480    31.970    33.580    34.550
    34.000    31.840    28.800    25.610    22.490    19.380    16.360    13.540
    10.910     8.500     6.640     5.520     4.860     4.160     3.400     3.020
     3.190     3.450     3.390     3.140     3.120     3.340     3.480     3.360
     3.040     2.540     1.770      .760     -.290    -1.290    -2.330    -3.400
    -4.330    -4.940    -5.220    -5.060    -4.330    -3.070    -1.570     -.020
     1.690     3.590     5.290     6.370     6.920     7.320     7.580     7.200
     5.890     3.950     1.780     -.630    -3.470    -6.550    -9.520   -12.380
   -15.420   -18.660   -21.800   -24.810   -28.030   -31.610   -35.100   -37.980
   -40.240   -42.140   -43.590   -44.200   -43.840   -42.700   -40.970   -38.670
   -35.990   -33.300   -30.690   -27.890   -24.750   -21.560   -18.630   -15.850
   -12.890    -9.750    -6.720    -3.910    -1.190     1.460     3.770     5.550
     6.880     7.920     8.670     8.990     8.840     8.330     7.650     6.960
     6.370     5.850     5.210     4.330     3.230     1.900      .310    -1.440
    -3.050    -4.350    -5.430    -6.450    -7.250    -7.550    -7.360    -7.100
    -7.080    -7.230    -7.280    -7.160    -6.970    -6.690    -6.160    -5.390
    -4.610    -3.960    -3.230    -2.120     -.520     1.460     3.700     6.260
     9.070    11.940    14.680    17.330    20.040    22.790    25.310    27.350
    28.820    29.780    30.280    30.450    30.350    29.810    28.530    26.400
    23.720    20.870    17.930    14.690    11.010     7.120     3.340     -.130
    -3.340    -6.310    -8.990   -11.250   -12.960   -14.050   -14.600   -14.670
   -14.200   -13.170   -11.760   -10.360    -9.210    -8.170    -6.990    -5.730
    -4.730    -4.100    -3.450    -2.350     -.710     1.150     2.900     4.390
     5.540     6.350     6.960     7.540     7.980     7.910     7.130     5.910
     4.690     3.590     2.470     1.280      .130    -1.020    -2.470    -4.410
    -6.640    -8.850   -11.020   -13.450   -16.310   -19.410   -22.470   -25.450
   -28.410   -31.250   -33.700   -35.710   -37.480   -39.100   -40.250   -40.580
   -40.200   -39.520   -38.630   -37.100   -34.570   -31.320   -27.960   -24.800
   -21.720   -18.670   -15.950   -13.770   -11.890    -9.950    -7.890    -5.970
    -4.380    -3.100    -1.920     -.700      .470     1.250     1.400     1.170
     1.220     1.960     3.010     3.660     3.670     3.430     3.260     3.060
     2.590     1.980     1.530     1.290     1.120      .950      .870      .960
     1.280     2.010     3.200     4.600     5.830     6.830     7.970     9.580
    11.530    13.440    15.240    17.200    19.490    21.910    24.080    25.890
    27.550    29.260    31.020    32.680    34.160    35.540    36.940    38.320
    39.490    40.350    40.940    41.260    41.140    40.530    39.620    38.640
    37.510    35.940    33.860    31.470    28.870    25.950    22.750    19.590
    16.700    13.940    11.120     8.540     6.600     5.310     4.300     3.500
     3.170     3.390     3.800     4.130     4.550     5.190     5.820     6.220
     6.690     7.660     9.090    10.470    11.520    12.420    13.390    14.390
    15.270    15.990    16.540    16.900    17.170    17.600    18.310    19.200
    20.100    20.960    21.720    22.240    22.460    22.500    22.380    21.830
    20.640    18.970    17.160    15.330    13.450    11.630    10.100     8.830
     7.410     5.680     3.900     2.380      .990     -.610    -2.420    -4.110
    -5.570    -7.030    -8.660   -10.320   -11.800   -13.150   -14.520   -15.850
   -16.930   -17.780   -18.610   -19.540   -20.410   -20.990   -21.220   -21.220
   -21.160   -21.200   -21.380   -21.550   -21.540   -21.460   -21.670   -22.290
   -22.960   -23.220   -23.080   -22.960   -23.120   -23.420   -23.740   -24.140
   -24.670   -25.250   -25.920   -26.830   -27.990   -29.040   -29.660   -30.030
   -30.600   -31.400   -32.080   -32.440   -32.760   -33.300   -33.810   -33.920
   -33.580   -33.060   -32.490   -31.730   -30.690   -29.440   -28.100   -26.730
   -25.430   -24.300   -23.260   -22.050   -20.540   -18.970   -17.620   -16.480
   -15.280   -13.890   -12.430   -11.080    -9.810    -8.520    -7.170    -5.840
    -4.600    -3.440    -2.400    -1.530     -.960     -.670     -.560     -.460
     -.380     -.420     -.660     -.990    -1.250    -1.350    -1.310    -1.140
     -.850     -.520     -.230      .110      .600     1.250     2.030     2.980
     4.140     5.300     6.170     6.790     7.520     8.530     9.520    10.250
    10.930    11.900    13.010    13.840    14.440    15.320    16.670    17.990
    18.800    19.250    19.800    20.540    21.150    21.430    21.420    21.180
    20.550    19.560    18.470    17.460    16.360    14.920    13.160    11.290
     9.500     7.770     6.100     4.550     3.180     2.000     1.070      .480
      .270      .280      .330      .410      .660     1.110     1.540     1.770
     1.920     2.290     2.880     3.300     3.330     3.240     3.490     4.070
     4.510     4.540     4.520     4.950     5.850     6.800     7.540     8.190
     8.910     9.620    10.140    10.450    10.710    10.990    11.230    11.320
    11.280    11.140    10.830    10.210     9.300     8.240     7.250     6.340
     5.380     4.180     2.710     1.120     -.400    -1.860    -3.370    -5.010
    -6.660    -8.150    -9.410   -10.450   -11.250   -11.740   -11.930   -11.990
   -12.040   -12.010   -11.740   -11.150   -10.300    -9.240    -8.010    -6.630
    -5.220    -3.820    -2.380     -.900      .570     1.900     3.080     4.150
     5.150     6.070     6.880     7.500     7.830     7.830     7.580     7.240
     6.820     6.280     5.620     4.940     4.330     3.740     3.050     2.240
     1.370      .420     -.650    -1.860    -3.070    -4.090    -4.870    -5.440
    -5.810    -5.940    -5.810    -5.470    -5.070    -4.700    -4.370    -4.010
    -3.500    -2.810    -2.050    -1.410     -.970     -.550      .050      .800
     1.520     2.140     2.780     3.660     4.800     6.080     7.360     8.510
     9.410     9.990    10.330    10.530    10.610    10.430     9.930     9.200
     8.370     7.430     6.340     5.180     4.050     2.920     1.670      .360
     -.710    -1.370    -1.850    -2.490    -3.310    -3.960    -4.180    -4.120
    -4.030    -3.930    -3.570    -2.840    -1.910     -.990     -.190      .600
     1.440     2.220     2.770     2.950     2.850     2.700     2.630     2.520
     2.180     1.600      .980      .400     -.290    -1.160    -2.030    -2.720
    -3.420    -4.490    -5.980    -7.500    -8.760    -9.910   -11.340   -13.140
   -15.100   -16.990   -18.780   -20.390   -21.690   -22.640   -23.320   -23.770
   -23.900   -23.690   -23.300   -22.830   -22.110   -20.970   -19.550   -18.090
   -16.600   -14.880   -12.910   -11.020    -9.500    -8.280    -7.130    -6.030
    -5.100    -4.380    -3.860    -3.660    -3.930    -4.640    -5.590    -6.630
    -7.760    -8.910    -9.860   -10.470   -10.810   -10.970   -10.930   -10.630
   -10.180    -9.780    -9.440    -8.980    -8.300    -7.550    -6.930    -6.430
    -5.870    -5.190    -4.510    -3.920    -3.360    -2.760    -2.140    -1.530
     -.780      .280     1.650     3.050     4.310     5.480     6.710     7.990
     9.160    10.150    10.870    11.240    11.230    11.070    11.050    11.150
    11.100    10.780    10.390    10.080     9.680     8.980     8.170     7.670
     7.640     7.850     8.080     8.370     8.920     9.740    10.690    11.590
    12.290    12.680    12.740    12.610    12.470    12.350    12.150    11.790
    11.310    10.840    10.460    10.170     9.950     9.770     9.650     9.670
     9.920    10.290    10.660    11.030    11.630    12.590    13.780    14.930
    15.870    16.650    17.370    17.990    18.450    18.740    18.820    18.640
    18.160    17.470    16.630    15.600    14.340    12.970    11.740    10.740
     9.900     9.120     8.490     8.170     8.240     8.560     8.990     9.460
     9.970    10.500    10.950    11.210    11.310    11.400    11.600    11.940
    12.330    12.720    13.120    13.560    14.050    14.520    14.910    15.120
    15.090    14.900    14.620    14.220    13.620    12.770    11.690    10.440
     9.060     7.620     6.290     5.110     3.920     2.540     1.010     -.520
    -2.020    -3.600    -5.320    -7.000    -8.420    -9.510   -10.290   -10.780
   -11.050   -11.250   -11.470   -11.630   -11.660   -11.630   -11.700   -11.850
   -11.920   -11.850   -11.830   -11.980   -12.180   -12.200   -12.060   -11.920
   -11.830   -11.610   -11.130   -10.570   -10.120    -9.770    -9.310    -8.740
    -8.280    -8.100    -8.130    -8.260    -8.460    -8.740    -9.010    -9.170
    -9.330    -9.700   -10.260   -10.830   -11.290   -11.770   -12.550   -13.640
   -14.830   -15.850   -16.640   -17.200   -17.550   -17.650   -17.510   -17.210
   -16.840   -16.400   -15.820   -15.010   -13.940   -12.650   -11.190    -9.610
    -7.900    -6.130    -4.390    -2.700    -1.030      .590     2.000     3.130
     4.070     4.950     5.760     6.380     6.750     6.960     7.060     6.920
     6.390     5.540     4.570     3.610     2.600     1.470      .300     -.790
    -1.750    -2.590    -3.340    -3.980    -4.580    -5.220    -5.850    -6.380
    -6.790    -7.120    -7.420    -7.590    -7.510    -7.140    -6.580    -5.970
    -5.390    -4.760    -3.940    -2.880    -1.680     -.470      .680     1.830
     3.100     4.480     5.910     7.240     8.260     8.900     9.230     9.380
     9.350     9.020     8.350     7.400     6.290     5.120     4.050     3.210
     2.560     1.820      .850     -.140     -.950    -1.600    -2.300    -3.050
    -3.700    -4.190    -4.660    -5.180    -5.700    -6.170    -6.620    -7.020
    -7.300    -7.510    -7.770    -8.020    -7.990    -7.660    -7.330    -7.180
    -6.970    -6.480    -5.900    -5.570    -5.310    -4.640    -3.490    -2.420
    -1.810    -1.440     -.910     -.260      .260      .660     1.100     1.520
     1.680     1.600     1.540     1.600     1.560     1.260      .820      .430
      .100     -.250     -.600     -.920    -1.350    -2.020    -2.860    -3.640
    -4.310    -5.040    -5.890    -6.690    -7.210    -7.460    -7.600    -7.690
    -7.620    -7.330    -6.940    -6.690    -6.650    -6.750    -6.840    -6.780
    -6.510    -6.060    -5.510    -4.880    -4.080    -3.040    -1.760     -.320
     1.180     2.700     4.180     5.560     6.810     7.960     9.010     9.930
    10.660    11.200    11.510    11.520    11.280    11.030    10.910    10.760
    10.230     9.280     8.240     7.440     6.770     5.970     5.060     4.340
     3.940     3.730     3.560     3.520     3.720     4.010     4.210     4.330
     4.510     4.760     4.930     5.000     5.110     5.300     5.430     5.420
     5.430     5.600     5.850     6.030     6.260     6.790     7.700     8.780
     9.890    11.050    12.360    13.770    15.210    16.600    17.810    18.590
    18.800    18.560    18.030    17.260    16.160    14.680    12.870    10.790
     8.530     6.310     4.300     2.500      .760     -.930    -2.340    -3.300
    -3.840    -4.150    -4.330    -4.390    -4.390    -4.420    -4.530    -4.780
    -5.200    -5.690    -6.060    -6.240    -6.350    -6.600    -6.960    -7.220
    -7.270    -7.200    -7.170    -7.220    -7.180    -6.900    -6.280    -5.480
    -4.870    -4.630    -4.490    -4.010    -3.190    -2.510    -2.360    -2.590
    -2.890    -3.340    -4.280    -5.690    -7.250    -8.860   -10.800   -13.140
   -15.590   -17.810   -19.880   -21.870   -23.480   -24.300   -24.450   -24.370
   -24.180   -23.560   -22.320   -20.820   -19.470   -18.230   -16.750   -14.920
   -12.970   -11.140    -9.510    -8.100    -6.930    -5.990    -5.160    -4.380
    -3.750    -3.360    -3.220    -3.170    -3.020    -2.670    -2.190    -1.790
    -1.520    -1.290    -1.000     -.690     -.450     -.230      .050      .340
      .440      .350      .210      .070     -.220     -.760    -1.350    -1.760
    -2.000    -2.220    -2.350    -2.150    -1.580     -.860     -.110      .870
     2.310     4.120     5.900     7.400     8.640     9.750    10.740    11.630
    12.460    13.300    14.110    14.800    15.390    15.970    16.580    17.150
    17.620    18.060    18.560    19.050    19.390    19.560    19.740    20.040
    20.380    20.530    20.400    20.100    19.780    19.490    19.190    18.810
    18.330    17.830    17.470    17.300    17.240    17.170    17.130    17.260
    17.540    17.780    17.890    17.920    17.940    17.810    17.460    17.060
    16.840    16.700    16.310    15.600    14.820    14.140    13.480    12.810
    12.370    12.320    12.440    12.390    12.210    12.190    12.360    12.490
    12.480    12.540    12.720    12.730    12.410    12.000    11.730    11.430
    10.730     9.690     8.690     7.940     7.270     6.650     6.300     6.290
     6.260     5.820     4.970     4.030     3.170     2.390     1.660     1.040
      .480     -.090     -.610     -.960    -1.180    -1.520    -2.060    -2.640
    -3.130    -3.640    -4.350    -5.220    -6.130    -7.060    -8.070    -9.030
    -9.730   -10.120   -10.310   -10.450   -10.590   -10.740   -10.920   -11.040
   -11.000   -10.820   -10.690   -10.710   -10.810   -10.850   -10.790   -10.670
   -10.510   -10.330   -10.170   -10.090    -9.990    -9.760    -9.460    -9.350
    -9.590   -10.070   -10.580   -11.010   -11.420   -11.840   -12.280   -12.680
   -12.980   -13.120   -13.110   -13.090   -13.160   -13.260   -13.280   -13.280
   -13.420   -13.700   -13.900   -13.960   -14.100   -14.520   -14.930   -14.880
   -14.390   -14.060   -14.350   -15.020   -15.540   -15.700   -15.670   -15.550
   -15.230   -14.740   -14.340   -14.190   -14.130   -13.970   -13.740   -13.600
   -13.470   -13.150   -12.610   -12.000   -11.450   -10.900   -10.300    -9.700
    -9.160    -8.670    -8.280    -8.220    -8.620    -9.280    -9.870   -10.250
   -10.540   -10.720   -10.710   -10.570   -10.520   -10.620   -10.580   -10.190
    -9.680    -9.360    -9.200    -8.910    -8.480    -8.200    -8.070    -7.680
    -6.950    -6.480    -6.800    -7.510    -7.650    -6.990    -6.330    -6.380
    -6.830    -6.920    -6.460    -5.900    -5.530    -5.170    -4.650    -4.190
    -3.980    -3.870    -3.610    -3.220    -2.920    -2.740    -2.560    -2.370
    -2.220    -2.040    -1.770    -1.450    -1.160     -.750     -.020      .900
     1.650     2.220     3.000     4.220     5.530     6.500     7.230     8.030
     8.830     9.230     9.210     9.160     9.240     9.060     8.360     7.550
     7.190     7.140     6.700     5.670     4.600     3.990     3.500     2.570
     1.290      .310     -.080     -.280     -.670    -1.150    -1.430    -1.590
    -1.950    -2.450    -2.780    -2.800    -2.740    -2.700    -2.470    -1.840
     -.980     -.210      .540     1.630     3.190     4.980     6.740     8.470
    10.270    12.080    13.760    15.350    16.920    18.360    19.480    20.160
    20.380    20.100    19.260    17.980    16.510    14.970    13.240    11.280
     9.290     7.560     6.090     4.570     2.860     1.160     -.220    -1.250
    -2.150    -2.990    -3.610    -3.820    -3.730    -3.620    -3.660    -3.770
    -3.840    -3.870    -3.890    -3.880    -3.740    -3.490    -3.150    -2.720
    -2.160    -1.480     -.760      .000      .840     1.700     2.430     2.880
     3.050     3.040     2.830     2.290     1.360      .230     -.870    -1.910
    -2.970    -4.040    -5.000    -5.750    -6.490    -7.470    -8.700    -9.810
   -10.440   -10.580   -10.560   -10.560   -10.470   -10.030    -9.330    -8.720
    -8.410    -8.230    -7.930    -7.560    -7.320    -7.160    -6.740    -5.880
    -4.760    -3.650    -2.540    -1.230      .220     1.500     2.310     2.660
     2.740     2.720     2.680     2.670     2.710     2.680     2.420     1.720
      .460    -1.250    -3.110    -4.800    -6.310    -7.850    -9.490   -10.930
   -11.830   -12.240   -12.480   -12.620   -12.420   -11.650   -10.460    -9.160
    -7.850    -6.440    -4.930    -3.500    -2.290    -1.300     -.470      .320
     1.120     2.020     3.010     4.100     5.340     6.800     8.420    10.050
    11.580    13.060    14.490    15.750    16.740    17.560    18.380    19.140
    19.550    19.530    19.260    18.940    18.440    17.540    16.340    15.180
    14.230    13.380    12.450    11.550    10.860    10.380     9.990     9.640
     9.320     9.080     8.970     9.160     9.740    10.580    11.350    11.950
    12.540    13.240    13.950    14.400    14.500    14.350    14.130    13.900
    13.680    13.480    13.390    13.580    14.230    15.370    16.810    18.200
    19.240    19.790    19.880    19.550    18.790    17.530    15.800    13.890
    12.240    11.060    10.190     9.350     8.410     7.370     6.280     5.310
     4.820     5.070     5.930     6.930     7.810     8.700     9.730    10.610
    10.900    10.530     9.930     9.530     9.390     9.300     9.180     9.090
     9.040     8.820     8.190     7.150     5.970     4.890     4.080     3.510
     3.100     2.680     2.040     1.030     -.250    -1.520    -2.510    -3.130
    -3.540    -3.990    -4.720    -5.860    -7.360    -9.050   -10.810   -12.580
   -14.330   -15.880   -16.950   -17.330   -17.020   -16.180   -15.040   -13.780
   -12.570   -11.500   -10.570    -9.800    -9.180    -8.720    -8.410    -8.270
    -8.400    -8.740    -9.030    -9.050    -8.910    -9.030    -9.590   -10.300
   -10.700   -10.740   -10.780   -11.090   -11.620   -12.150   -12.690   -13.390
   -14.240   -15.050   -15.610   -15.980   -16.330   -16.840   -17.560   -18.490
   -19.560   -20.560   -21.150   -20.980   -19.940   -18.420   -17.140   -16.530
   -16.370   -16.030   -15.140   -14.020   -13.160   -12.660   -12.090   -11.080
    -9.680    -8.290    -7.240    -6.590    -6.160    -5.710    -5.060    -4.150
    -3.110    -2.180    -1.520    -1.120     -.890     -.790     -.800     -.880
     -.870     -.670     -.360     -.100      .130      .560     1.360     2.440
     3.500     4.330     5.000     5.790     6.810     7.930     8.900     9.560
     9.990    10.370    10.840    11.330    11.670    11.720    11.500    11.160
    10.790    10.360     9.780     9.110     8.510     8.180     8.100     8.210
     8.450     8.780     9.040     9.180     9.390    10.070    11.270    12.550
    13.380    13.650    13.650    13.560    13.260    12.590    11.610    10.560
     9.690     9.210     9.230     9.620    10.080    10.490    11.030    11.990
    13.260    14.470    15.380    16.170    17.070    17.970    18.430    18.100
    17.050    15.660    14.160    12.490    10.460     8.120     5.870     4.100
     2.840     1.770      .690     -.250     -.870    -1.260    -1.710    -2.240
    -2.510    -2.330    -1.960    -1.820    -1.930    -2.010    -2.020    -2.310
    -3.100    -4.150    -5.050    -5.850    -6.940    -8.410    -9.840   -10.810
   -11.330   -11.640   -11.750   -11.450   -10.690    -9.770    -8.930    -8.090
    -7.120    -6.080    -5.210    -4.620    -4.160    -3.740    -3.560    -3.820
    -4.420    -5.040    -5.460    -5.850    -6.440    -7.240    -8.110    -9.000
    -9.980   -11.110   -12.330   -13.540   -14.680   -15.620   -16.120   -16.100
   -15.770   -15.450   -15.240   -15.060   -14.890   -14.900   -15.300   -16.040
   -16.900   -17.590   -17.970   -18.040   -17.850   -17.440   -16.800   -16.020
   -15.250   -14.560   -13.840   -12.940   -11.930   -10.990   -10.130    -9.200
    -8.170    -7.280    -6.740    -6.370    -5.910    -5.340    -4.900    -4.570
    -4.100    -3.340    -2.580    -2.070    -1.730    -1.220     -.510      .030
      .050     -.460    -1.230    -2.040    -2.700    -3.020    -2.790    -1.960
     -.690      .780     2.140     3.090     3.360     2.760     1.300     -.730
    -2.780    -4.280    -4.930    -4.830    -4.250    -3.370    -2.290    -1.240
     -.530     -.300     -.380     -.530     -.590     -.440      .090     1.050
     2.230     3.290     4.180     5.110     6.230     7.410     8.560     9.770
    11.130    12.390    13.180    13.440    13.440    13.280    12.750    11.710
    10.420     9.290     8.430     7.610     6.580     5.290     3.830     2.360
     1.170      .480      .190      .010     -.260     -.620    -1.090    -1.760
    -2.590    -3.230    -3.370    -3.100    -2.680    -2.150    -1.430     -.770
     -.660    -1.180    -1.610    -1.200     -.050     1.040     1.440     1.300
     1.100      .970      .700      .320      .150      .430      .900     1.150
     1.090      .960      .880      .600     -.140    -1.220    -2.280    -3.120
    -3.820    -4.450    -4.910    -5.090    -5.210    -5.610    -6.400    -7.350
    -8.160    -8.800    -9.340    -9.770    -9.970    -9.820    -9.330    -8.540
    -7.470    -6.260    -5.110    -4.210    -3.530    -2.950    -2.350    -1.800
    -1.350    -1.020     -.750     -.480     -.180      .230      .880     1.800
     2.790     3.600     4.120     4.430     4.520     4.320     3.830     3.350
     3.190     3.430     3.950     4.700     5.690     6.790     7.670     8.230
     8.690     9.260     9.810    10.080    10.150    10.350    10.920    11.680
    12.290    12.600    12.650    12.560    12.390    12.150    11.880    11.580
    11.230    10.800    10.220     9.470     8.630     7.820     7.180     6.810
     6.740     6.900     7.170     7.410     7.610     7.770     7.850     7.820
     7.750     7.760     7.790     7.680     7.310     6.750     6.110     5.470
     4.940     4.630     4.570     4.650     4.830     5.170     5.690     6.160
     6.380     6.360     6.290     6.180     5.950     5.590     5.270     5.070
     4.890     4.580     4.200     3.960     3.980     4.210     4.460     4.480
     4.160     3.640     3.230     3.070     3.000     2.740     2.180     1.390
      .450     -.570    -1.610    -2.620    -3.580    -4.400    -5.000    -5.330
    -5.560    -5.860    -6.300    -6.870    -7.620    -8.550    -9.530   -10.370
   -11.010   -11.490   -11.750   -11.590   -10.990   -10.200    -9.560    -9.190
    -9.070    -9.160    -9.390    -9.600    -9.650    -9.570    -9.470    -9.390
    -9.280    -9.140    -9.010    -8.890    -8.650    -8.230    -7.730    -7.310
    -7.130    -7.160    -7.240    -7.250    -7.250    -7.460    -7.980    -8.690
    -9.390   -10.030   -10.640   -11.180   -11.480   -11.520   -11.410   -11.230
   -10.950   -10.520    -9.960    -9.280    -8.440    -7.410    -6.240    -5.020
    -3.730    -2.430    -1.350     -.710     -.410     -.150      .270      .840
     1.430     2.020     2.730     3.600     4.560     5.360     5.750     5.690
     5.410     5.250     5.360     5.650     6.040     6.570     7.320     8.160
     8.910     9.460     9.850    10.070    10.060     9.780     9.250     8.540
     7.740     6.920     6.140     5.360     4.610     3.990     3.540     3.160
     2.720     2.270     1.960     1.850     1.770     1.590     1.460     1.630
     2.130     2.770     3.350     3.760     3.920     3.830     3.600     3.390
     3.280     3.230     3.180     3.180     3.270     3.460     3.690     3.910
     4.080     4.180     4.290     4.570     5.020     5.440     5.590     5.440
     5.040     4.430     3.620     2.740     1.990     1.470     1.100      .780
      .440      .070     -.330     -.690     -.910     -.960     -.970     -.980
     -.890     -.630     -.340     -.200     -.130      .070      .400      .670
      .750      .750      .760      .730      .640      .640      .900     1.280
     1.440     1.300     1.030      .860      .830      .890     1.080     1.470
     2.040     2.630     3.110     3.420     3.500     3.300     2.820     2.160
     1.440      .740      .070     -.520     -.990    -1.270    -1.370    -1.330
    -1.190    -1.020     -.910     -.880     -.840     -.710     -.540     -.490
     -.640     -.850     -.900     -.720     -.360      .070      .500      .860
     1.080     1.130     1.050      .910      .780      .750      .830      .980
     1.130     1.240     1.320     1.390     1.510     1.720     2.010     2.270
     2.450     2.680     3.080     3.570     3.930     4.110     4.300     4.690
     5.220     5.680     6.020     6.310     6.560     6.710     6.760     6.880
     7.160     7.520     7.790     7.840     7.640     7.270     6.850     6.460
     6.160     6.040     6.260     6.940     7.920     8.880     9.560     9.840
     9.590     8.770     7.620     6.660     6.050     5.480     4.620     3.780
     3.560     4.030     4.550     4.640     4.510     4.560     4.710     4.520
     3.960     3.440     3.320     3.450     3.430     3.150     2.730     2.280
     1.860     1.470     1.120      .710      .110     -.660    -1.490    -2.310
    -3.130    -4.010    -4.860    -5.590    -6.180    -6.710    -7.250    -7.780
    -8.240    -8.650    -9.060    -9.460    -9.820   -10.160   -10.520   -10.910
   -11.270   -11.560   -11.820   -12.040   -12.130   -12.000   -11.680   -11.240
   -10.690   -10.060    -9.480    -9.120    -8.840    -8.390    -7.780    -7.370
    -7.450    -7.830    -8.060    -8.030    -8.010    -8.250    -8.660    -9.010
    -9.300    -9.630   -10.030   -10.360   -10.520   -10.600   -10.720   -10.900
   -11.070   -11.250   -11.400   -11.450   -11.300   -10.950   -10.550   -10.210
    -9.900    -9.520    -9.090    -8.730    -8.480    -8.200    -7.740    -7.160
    -6.680    -6.390    -6.180    -5.860    -5.400    -4.950    -4.630    -4.480
    -4.440    -4.470    -4.550    -4.690    -4.910    -5.130    -5.180    -4.970
    -4.580    -4.170    -3.770    -3.320    -2.780    -2.270    -1.900    -1.620
    -1.320    -1.010     -.840     -.840     -.900     -.950    -1.040    -1.270
    -1.570    -1.820    -2.000    -2.210    -2.440    -2.560    -2.540    -2.560
    -2.790    -3.110    -3.270    -3.210    -3.080    -2.940    -2.680    -2.240
    -1.800    -1.500    -1.280    -1.000     -.630     -.300     -.050      .140
      .160     -.140     -.670    -1.080    -1.180    -1.120    -1.040     -.840
     -.310      .470     1.220     1.800     2.300     2.790     3.110     3.170
     3.200     3.470     3.970     4.390     4.560     4.610     4.840     5.260
     5.620     5.710     5.600     5.540     5.650     5.730     5.590     5.290
     5.120     5.200     5.350     5.330     5.120     4.880     4.640     4.290
     3.750     3.140     2.610     2.210     1.860     1.460     1.110      .980
     1.210     1.710     2.310     2.950     3.690     4.480     5.110     5.460
     5.740     6.210     6.760     7.110     7.270     7.560     8.020     8.250
     7.910     7.280     6.880     6.750     6.490     5.880     5.220     4.800
     4.550     4.280     4.070     4.140     4.440     4.760     4.950     5.050
     4.990     4.690     4.190     3.690     3.300     2.950     2.620     2.410
     2.360     2.330     2.200     2.040     1.950     1.880     1.720     1.540
     1.490     1.620     1.810     1.950     2.060     2.160     2.240     2.230
     2.080     1.820     1.530     1.300     1.160     1.000      .630     -.010
     -.750    -1.350    -1.720    -1.920    -2.090    -2.300    -2.500    -2.580
    -2.470    -2.170    -1.740    -1.260     -.790     -.400     -.130      .010
      .130      .330      .580      .780      .890      .980     1.170     1.480
     1.810     2.000     2.030     2.030     2.090     2.150     2.070     1.800
     1.440     1.100      .750      .300     -.270     -.940    -1.740    -2.680
    -3.670    -4.600    -5.520    -6.520    -7.480    -8.100    -8.170    -7.880
    -7.520    -7.150    -6.640    -5.950    -5.290    -4.860    -4.560    -4.160
    -3.590    -3.010    -2.660    -2.620    -2.690    -2.600    -2.260    -1.830
    -1.500    -1.300    -1.110     -.900     -.710     -.570     -.390     -.200
     -.120     -.200     -.360     -.590     -.930    -1.370    -1.720    -1.890
    -2.070    -2.460    -2.870    -2.960    -2.760    -2.640    -2.820    -3.060
    -3.100    -3.030    -2.970    -2.800    -2.370    -1.830    -1.450    -1.140
     -.580      .210      .810      .970      .920      .980     1.120     1.090
      .840      .570      .430      .400      .410      .420      .350      .150
     -.130     -.330     -.350     -.280     -.230     -.240     -.230     -.050
      .330      .760     1.030     1.120     1.220     1.430     1.600     1.510
     1.230     1.090     1.190     1.370     1.490     1.600     1.780     1.900
     1.870     1.810     1.900     2.080     2.160     2.140     2.250     2.630
     3.110     3.490     3.800     4.150     4.510     4.740     4.820     4.840
     4.900     4.970     4.940     4.830     4.790     4.970     5.320     5.640
     5.820     5.920     6.020     6.100     6.020     5.760     5.360     4.780
     4.000     3.200     2.660     2.380     2.040     1.470      .940      .790
      .910      .970      .940     1.080     1.420     1.660     1.660     1.760
     2.170     2.540     2.460     2.110     2.130     2.700     3.300     3.470
     3.340     3.320     3.510     3.710     3.800     3.900     4.070     4.290
     4.560     4.920     5.320     5.590     5.690     5.710     5.700     5.620
     5.410     5.020     4.350     3.300     1.990      .770     -.080     -.570
     -.860     -.990     -.940     -.840     -.890    -1.070    -1.230    -1.320
    -1.550    -2.030    -2.580    -2.980    -3.310    -3.780    -4.400    -4.930
    -5.330    -5.810    -6.460    -7.060    -7.340    -7.380    -7.430    -7.570
    -7.610    -7.450    -7.150    -6.760    -6.220    -5.470    -4.690    -4.130
    -3.810    -3.560    -3.240    -2.980    -2.970    -3.280    -3.790    -4.250
    -4.540    -4.720    -4.920    -5.150    -5.260    -5.100    -4.750    -4.410
    -4.090    -3.620    -2.940    -2.320    -2.040    -2.080    -2.170    -2.210
    -2.300    -2.430    -2.400    -2.170    -1.940    -1.900    -1.930    -1.770
    -1.430    -1.060     -.680     -.120      .650     1.420     2.080     2.760
     3.580     4.420     5.120     5.730     6.390     7.070     7.590     7.940
     8.230     8.530     8.800     9.040     9.370     9.780    10.160    10.420
    10.640    10.850    10.910    10.730    10.470    10.300    10.160     9.870
     9.450     9.100     8.790     8.340     7.710     7.170     6.790     6.330
     5.540     4.680     4.170     4.070     4.000     3.720     3.410     3.350
     3.530     3.710     3.730     3.660     3.690     3.900     4.250     4.620
     4.990     5.430     5.970     6.470     6.770     6.870     6.960     7.130
     7.290     7.390     7.550     7.830     8.100     8.140     7.900     7.500
     6.990     6.370     5.750     5.280     4.890     4.340     3.540     2.700
     2.050     1.550      .990      .300     -.400     -.960    -1.380    -1.750
    -2.230    -2.950    -3.820    -4.520    -4.800    -4.830    -5.010    -5.530
    -6.170    -6.620    -6.780    -6.800    -6.790    -6.790    -6.820    -6.880
    -6.930    -6.930    -6.960    -7.090    -7.250    -7.280    -7.160    -6.960
    -6.750    -6.540    -6.390    -6.460    -6.760    -7.110    -7.380    -7.630
    -8.010    -8.440    -8.760    -8.920    -9.080    -9.310    -9.550    -9.800
   -10.210   -10.870   -11.650   -12.290   -12.720   -13.020   -13.140   -12.980
   -12.580   -12.170   -11.770   -11.120   -10.000    -8.700    -7.700    -7.070
    -6.400    -5.430    -4.440    -3.870    -3.690    -3.510    -3.160    -2.930
    -3.030    -3.320    -3.540    -3.650    -3.800    -4.000    -4.190    -4.390
    -4.720    -5.060    -5.200    -5.160    -5.210    -5.500    -5.800    -5.840
    -5.720    -5.730    -5.990    -6.290    -6.460    -6.570    -6.770    -7.050
    -7.340    -7.610    -7.880    -8.130    -8.330    -8.450    -8.430    -8.160
    -7.570    -6.740    -5.910    -5.240    -4.600    -3.750    -2.610    -1.380
     -.320      .460     1.040     1.470     1.780     1.960     1.980     1.810
     1.400      .880      .520      .480      .640      .740      .740      .780
      .960     1.180     1.320     1.400     1.510     1.660     1.790     1.890
     1.920     1.790     1.500     1.170      .920      .590      .020     -.710
    -1.230    -1.340    -1.240    -1.150    -1.030     -.730     -.350     -.110
     -.060     -.030      .150      .400      .550      .520      .450      .540
      .950     1.560     2.060     2.290     2.550     3.120     3.820     4.150
     4.060     4.110     4.650     5.300     5.510     5.340     5.320     5.510
     5.480     5.030     4.530     4.220     3.760     2.870     1.900     1.430
     1.360     1.030      .130     -.860    -1.400    -1.490    -1.450    -1.370
    -1.170     -.860     -.620     -.460     -.260     -.030      .140      .270
      .530      .970     1.350     1.410     1.290     1.430     2.040     2.890
     3.510     3.690     3.570     3.420     3.370     3.350     3.270     3.120
     2.950     2.760     2.540     2.250     1.910     1.570     1.250      .960
      .700      .460      .260      .150      .120      .140