.650      .860     1.100     1.340     1.570     1.700     1.490      .910
      .380      .360      .860     1.360     1.410     1.080      .740      .690
      .880     1.090     1.040      .680      .190     -.180     -.420     -.680
     -.970    -1.050     -.810     -.540     -.630     -.970    -1.050     -.640
     -.080      .170      .100     -.090     -.370     -.700     -.810     -.490
     -.070     -.060     -.310     -.180      .510     1.090      .960      .520
      .490      .860      .960      .550      .170      .220      .350      .090
     -.360     -.430     -.050      .320      .480      .670     1.010     1.130
      .770      .380      .700     1.600     2.030     1.310      .110     -.290
      .400     1.120      .940      .400      .740     2.210     3.530     3.420
     2.050      .710      .320      .730     1.250     1.390     1.000      .240
     -.490     -.630     -.010      .940     1.560     1.470      .830      .160
     -.160     -.180     -.280     -.560     -.600     -.050      .640      .760
      .540      .950     1.980     2.090      .270    -1.990    -2.180     -.070
     1.840     1.530     -.120    -1.080    -1.070    -1.250    -1.840    -1.620
     -.080     1.570     2.250     2.420     2.820     2.860     1.630     -.020
     -.310      .710      .870    -1.040    -3.240    -3.090     -.460     2.380
     3.740     3.970     4.070     4.210     4.140     4.190     4.780     5.420
     4.970     2.910     -.080    -2.740    -4.020    -3.320     -.760     2.580
     5.140     5.890     5.010     3.550     2.480     2.000     1.560      .500
    -1.280    -3.150    -4.150    -3.870    -2.670    -1.390     -.680     -.500
     -.180      .850     2.250     2.970     2.500     1.580     1.250     1.270
      .390    -1.760    -3.710    -3.660    -1.660      .470     1.100      .280
     -.740     -.720      .710     2.800     4.080     3.360      .850    -1.850
    -3.010    -2.110      .020     2.060     3.140     3.230     3.070     3.640
     5.190     6.780     6.940     4.800      .910    -2.970    -4.920    -4.260
    -2.170     -.800    -1.100    -1.790     -.940     1.540     3.610     3.450
     1.270    -1.570    -4.380    -7.030    -8.550    -7.600    -4.630    -2.190
    -1.940    -2.350     -.770     2.680     4.890     4.080     2.240     2.160
     3.020     1.340    -3.670    -7.880    -6.860    -1.330     3.620     4.560
     3.200     3.270     5.620     7.760     7.580     5.920     5.030     5.610
     6.360     5.890     4.380     3.110     3.030     3.930     4.970     5.690
     6.210     6.550     6.170     4.650     2.830     2.320     3.370     4.050
     2.430     -.800    -2.970    -2.570     -.740      .670     1.150     1.030
      .190    -1.600    -3.680    -5.020    -5.660    -6.330    -6.830    -6.040
    -3.970    -2.410    -2.870    -4.390    -4.680    -2.810      .110     2.730
     4.670     5.970     6.170     4.910     2.870     1.330      .690      .050
    -1.450    -3.050    -2.700      .830     6.510    11.730    14.420    14.290
    12.280     9.440     6.450     3.860     2.320     2.570     4.890     8.270
    10.220     8.390     3.220    -1.680    -2.830     -.410     2.170     2.170
      .160    -1.420    -1.020     1.040     3.500     5.310     6.030     5.920
     5.310     3.770      .230    -5.160    -9.770   -10.120    -5.380     1.540
     6.590     8.160     7.780     7.810     9.060    10.670    11.400    10.270
     6.460      .140    -6.210    -8.660    -5.580      .020     3.210     2.520
      .910     1.070     1.670     -.240    -4.570    -8.240    -9.530    -9.860
   -10.670   -10.560    -6.960      .250     7.940    12.260    11.470     6.930
     2.170      .410     1.740     2.800      .070    -6.060   -10.990   -10.000
    -2.880     5.360     8.720     5.700      .800     -.080     4.060     8.510
     8.610     5.040     2.180     2.400     3.790     3.770     2.620     2.200
     2.740     2.390      .070    -2.730    -3.310     -.310     5.160    10.520
    13.620    13.680    10.930     5.910     -.060    -4.150    -3.620      .720
     3.990     2.080    -3.200    -5.740    -2.610     2.050     1.740    -4.610
   -11.520   -13.490   -10.670    -7.500    -6.880    -7.500    -6.710    -4.070
    -1.380     -.040     -.100    -1.410    -4.290    -8.380   -12.080   -13.890
   -13.740   -12.290    -9.680    -5.790    -1.280     2.600     4.910     5.180
     2.850    -2.030    -7.770   -11.990   -14.360   -17.090   -21.790   -26.710
   -28.380   -25.390   -18.920   -10.000     1.590    14.360    23.090    22.480
    12.990     1.160    -6.720    -9.860   -11.330   -12.960   -13.940   -13.670
   -13.230   -13.300   -12.580    -9.790    -6.500    -6.390   -11.800   -21.540
   -31.580   -37.660   -37.960   -34.460   -31.020   -29.210   -26.550   -19.920
   -10.170    -1.560     3.020     4.780     6.820    11.160    18.210    26.840
    33.500    33.340    24.900    12.840     3.460    -2.210    -8.840   -20.370
   -35.410   -49.780   -60.890   -68.290   -71.780   -71.510   -69.440   -68.560
   -70.020   -72.160   -72.840   -71.870   -70.760   -70.270   -68.650   -62.730
   -51.200   -36.620   -23.250   -12.700    -2.680     9.240    21.760    31.050
    35.040    35.040    33.320    30.560    25.870    18.010     6.170    -9.470
   -27.320   -44.510   -57.710   -63.670   -60.000   -47.140   -29.530   -13.320
    -1.550     7.700    17.890    29.830    42.130    54.490    68.320    83.830
    98.150   107.360   109.680   106.170    98.800    88.420    74.320    55.580
    32.980     9.380   -12.130   -30.390   -46.220   -60.640   -73.880   -85.650
   -95.360  -101.590  -102.540   -97.970   -90.230   -82.670   -76.920   -71.880
   -65.530   -57.430   -48.910   -40.710   -31.430   -19.990   -10.180   -10.500
   -26.460   -53.140   -77.680   -90.810   -94.500   -97.020  -101.780  -103.540
   -96.090   -81.260   -68.190   -63.760   -65.720   -66.040   -59.860   -48.910
   -36.780   -23.510    -6.370    15.540    39.510    60.850    74.480    75.320
    60.290    31.650    -2.070   -29.760   -43.520   -42.850   -34.850   -28.890
   -28.030   -24.930    -8.360    24.970    66.710   105.310   136.000   161.210
   184.130   205.070   222.950   236.760   244.980   246.460   242.660   236.780
   228.580   211.200   175.610   118.790    47.230   -26.830   -90.100  -128.570
  -127.680   -80.200     2.110    88.990   151.510   183.590   201.250   221.080
   244.350   263.100   274.040   280.480   284.030   281.830   271.650   254.350
   230.900   202.010   171.450   144.970   124.310   106.170    88.950    76.000
    69.440    64.730    55.670    42.220    29.070    17.970     6.400    -6.100
   -15.340   -18.300   -18.720   -23.640   -35.740   -51.660   -68.190   -87.290
  -113.040  -144.430  -174.770  -199.420  -221.030  -242.500  -256.150  -246.740
  -209.180  -159.280  -121.110  -104.170   -97.800   -87.880   -73.760   -66.230
   -72.840   -89.710  -106.280  -114.150  -110.740   -97.750   -78.300   -54.300
   -25.090    10.190    47.250    74.030    76.940    51.880     8.620   -37.270
   -76.260  -108.030  -134.950  -156.360  -170.050  -175.530  -173.190  -162.880
  -146.240  -128.690  -114.880  -102.950   -86.940   -64.990   -41.100   -18.050
     7.230    38.690    74.180   106.100   127.030   132.730   122.490   100.700
    76.950    60.170    51.830    47.250    43.750    43.920    49.930    57.960
    61.450    58.740    54.380    52.550    51.130    43.490    25.230    -1.590
   -30.050   -53.090   -66.570   -69.640   -64.140   -54.120   -44.310   -37.500
   -33.250   -30.050   -28.330   -30.270   -36.200   -41.780   -39.640   -24.370
     3.220    35.410    61.050    71.720    66.550    51.710    34.970    20.790
    10.720     7.420    16.160    41.410    82.520   132.990   182.670   220.690
   238.180   231.810   206.590   174.460   147.510   130.410   118.440   103.070
    79.640    49.780    17.450   -15.060   -45.280   -66.380   -68.810   -48.730
   -13.280    25.340    60.350    92.390   120.990   138.440   134.800   107.840
    65.410    18.730   -24.630   -62.630   -97.090  -130.850  -163.660  -189.850
  -202.050  -198.800  -187.050  -176.040  -169.980  -167.790  -167.720  -169.550
  -172.610  -174.170  -171.140  -163.380  -154.670  -148.890  -143.210  -125.790
   -84.670   -21.640    45.740    99.140   134.170   157.010   170.350   170.470
   158.030   142.500   130.880   118.110    95.340    64.590    38.430    25.930
    24.680    26.740    25.960    17.560    -2.920   -34.470   -66.810   -86.720
   -88.990   -79.500   -68.250   -61.550   -60.260   -62.250   -64.900   -66.480
   -66.580   -65.730   -64.970   -65.590   -68.490   -73.030   -77.110   -79.410
   -80.960   -83.640   -87.760   -92.600   -98.520  -106.230  -113.910  -117.440
  -115.040  -109.990  -107.460  -109.550  -113.630  -112.750   -96.000   -52.660
    18.000   100.890   173.840   224.380   254.920   270.170   265.140   231.380
   173.080   109.860    61.300    32.410    16.290     6.780     4.320    10.850
    23.690    36.080    42.760    44.150    45.230    48.920    49.710    36.500
     5.520   -30.120   -48.170   -37.170    -7.430    19.250    28.680    22.140
     9.100    -3.080   -11.700   -15.940   -15.280   -10.520    -3.910     2.870
    11.080    24.530    46.470    76.350   109.400   139.080   160.030   169.520
   168.090   159.560   149.300   140.460   131.960   120.660   105.010    85.320
    61.100    30.660    -5.440   -42.670   -75.860  -103.630  -127.830  -149.460
  -167.370  -180.810  -191.070  -199.280  -204.600  -206.150  -205.480  -205.020
  -204.980  -204.070  -202.960  -203.720  -204.800  -199.780  -183.840  -159.550
  -133.350  -107.650   -80.220   -50.970   -24.680    -4.720    12.140    31.230
    51.980    67.090    68.860    53.830    22.780   -20.020   -67.050  -110.200
  -145.260  -172.980  -195.420  -212.900  -224.440  -229.060  -226.070  -215.780
  -200.560  -183.500  -164.650  -140.240  -106.890   -65.840   -22.150    19.130
    55.440    86.890   115.310   142.300   167.570   189.790   208.940   225.540
   237.180   239.150   230.690   217.660   205.870   193.980   176.800   153.890
   129.630   105.180    75.900    38.970    -1.040   -37.420   -68.500   -96.180
  -119.430  -133.600  -135.810  -127.640  -112.770   -94.280   -74.440   -54.610
   -34.370   -12.520    10.670    33.660    56.210    79.760   104.470   127.680
   146.370   159.830   168.820   173.630   174.300   171.340   164.640   152.350
   132.740   106.800    77.450    46.470    14.110   -17.980   -45.570   -64.340
   -72.460   -70.050   -58.000   -38.650   -16.250     5.650    26.880    49.490
    73.970    98.170   119.670   137.070   148.130   149.170   138.510   119.630
    98.890    80.080    62.440    43.940    24.800     7.250    -6.540   -15.560
   -19.990   -21.080   -20.550   -19.380   -17.600   -15.420   -13.470   -11.380
    -7.310     -.120     8.650    16.150    21.420    26.300    32.830    40.610
    47.230    50.870    52.030    52.520    52.880    51.080    44.100    30.770
    12.780    -6.700   -24.750   -39.160   -48.870   -54.870   -59.820   -65.540
   -71.200   -74.590   -75.000   -73.740   -72.280   -70.730   -68.070   -63.020
   -55.400   -48.020   -46.350   -53.380   -64.230   -69.330   -65.650   -62.700
   -72.860   -95.170  -112.350  -106.570   -76.950   -39.580   -11.450     3.120
    10.660    17.760    24.720    28.130    26.000    19.110     9.560     -.280
    -8.170   -12.880   -15.000   -16.130   -17.270   -18.320   -18.630   -17.200
   -12.970    -6.470    -1.200    -1.770    -9.440   -20.580   -30.530   -38.290
   -45.950   -54.060   -59.390   -57.910   -49.110   -36.660   -25.360   -18.030
   -14.560   -13.140   -12.070   -10.670    -8.790    -5.800     -.840     5.890
    12.820    18.590    23.290    27.570    30.900    31.580    28.620    22.760
    15.430     7.370    -1.260    -9.870   -17.500   -23.610   -28.040   -29.800
   -26.690   -16.950    -1.460    16.360    32.580    44.490    50.450    49.590
    42.740    33.080    24.600    19.430    17.060    16.350    17.370    20.850
    26.430    32.550    37.870    42.140    45.530    48.040    49.810    51.140
    51.330    47.920    38.250    22.200     2.910   -15.320   -29.500   -38.600
   -42.930   -43.790   -43.390   -43.730   -45.390   -47.600   -49.350   -50.030
   -49.210   -46.690   -43.180   -40.070   -38.150   -36.950   -35.630   -34.160
   -32.930   -31.950   -31.050   -30.430   -30.170   -29.160   -25.510   -18.250
    -8.210     3.030    14.440    25.530    35.770    44.650    51.930    57.620
    61.730    64.270    65.100    63.640    59.370    53.100    47.040    42.880
    40.130    36.990    32.660    27.710    22.250    14.830     4.070    -9.280
   -22.830   -34.760   -44.730   -52.610   -57.370   -58.120   -55.770   -52.710
   -50.670   -49.330   -47.190   -43.150   -36.870   -28.200   -17.580    -7.020
      .350     2.680     1.110    -1.070    -1.000     2.540     9.670    20.020
    32.560    45.560    57.400    67.290    74.980    80.010    81.740    80.130
    76.210    71.780    68.330    65.850    62.580    56.430    47.120    36.930
    28.880    24.390    23.210    25.000    30.070    38.190    47.500    55.480
    60.700    63.200    63.500    61.980    59.200    56.100    53.330    50.730
    47.920    45.030    42.620    41.130    40.630    41.040    42.240    43.820
    45.150    45.560    44.220    40.210    32.900    22.740    11.330      .520
    -8.380   -14.590   -17.620   -17.400   -14.480    -9.800    -4.180     1.720
     7.240    11.890    15.610    18.440    19.980    19.440    16.600    12.300
     7.710     3.310    -1.160    -5.960   -10.790   -14.960   -17.870   -19.320
   -19.650   -19.730   -20.560   -22.630   -25.620   -28.730   -31.390   -33.530
   -35.130   -35.730   -34.600   -31.440   -26.830   -21.800   -16.940   -12.110
    -7.020    -1.930     2.310     4.730     4.850     2.920     -.140    -3.260
    -6.000    -8.720   -11.940   -15.320   -17.740   -18.380   -17.490   -15.890
   -13.940   -11.420    -8.250    -4.910    -2.020      .160     1.560     1.900
      .730    -2.020    -5.770    -9.660   -13.160   -16.440   -20.160   -24.850
   -30.170   -34.890   -37.750   -38.400   -37.420   -35.450   -32.800   -29.760
   -27.020   -25.460   -25.620   -27.560   -30.730   -33.740   -34.580   -31.570
   -24.430   -14.370    -3.210     7.330    15.970    22.040    25.720    27.800
    28.960    29.360    28.930    27.540    25.070    21.630    18.180    16.300
    16.690    17.920    17.270    13.080     6.060    -1.920    -9.700   -17.270
   -24.590   -30.820   -34.870   -36.260   -35.210   -32.260   -28.070   -23.250
   -17.900   -11.360    -2.960     6.700    15.770    22.570    26.810    29.010
    29.340    27.510    23.510    17.780    10.550     1.860    -7.590   -16.270
   -23.040   -28.090   -32.190   -35.410   -37.330   -38.100   -38.480   -38.660
   -37.660   -34.210   -27.740   -18.280    -6.270     7.140    19.930    30.030
    36.360    38.790    37.470    32.720    25.410    16.890     8.340      .470
    -6.400   -12.170   -17.210   -22.040   -26.780   -30.970   -34.270   -36.920
   -39.250   -40.960   -41.420   -40.340   -38.010   -34.930   -31.580   -28.520
   -26.190   -24.450   -22.400   -18.890   -13.140    -5.080     4.620    14.880
    24.470    32.310    37.390    38.920    36.780    31.830    25.390    18.340
    11.010     3.820    -2.460    -7.400   -11.510   -15.850   -20.960   -26.450
   -31.350   -34.390   -34.430   -30.900   -24.170   -15.050    -4.250     7.410
    18.330    26.590    31.600    34.740    38.050    42.290    47.040    52.140
    58.400    66.410    75.450    83.920    90.630    95.140    96.910    94.930
    88.510    78.000    64.430    48.560    30.880    12.450    -4.910   -19.660
   -31.440   -40.660   -47.350   -50.920   -51.140   -48.610   -44.330   -39.030
   -33.300   -28.020   -24.160   -22.180   -21.860   -22.630   -23.820   -24.650
   -24.560   -23.570   -22.150   -20.640   -18.920   -16.790   -14.280   -11.420
    -7.920    -3.290     2.480     8.500    13.230    15.340    14.460    11.040
     5.730    -1.230    -9.510   -18.050   -25.330   -30.340   -33.130   -34.180
   -33.670   -31.580   -28.250   -24.410   -20.750   -17.760   -15.980   -15.940
   -17.600   -20.210   -22.950   -25.550   -28.290   -31.340   -34.430   -36.890
   -38.270   -38.780   -39.190   -40.120   -41.190   -41.210   -39.360   -36.140
   -32.920   -30.600   -28.860   -26.910   -24.490   -21.970   -19.590   -16.950
   -13.700   -10.300    -7.910    -7.390    -8.580   -10.680   -13.070   -15.560
   -18.130   -20.400   -21.750   -21.640   -20.000   -17.300   -14.330   -11.740
    -9.690    -8.040    -6.680    -5.450    -3.860    -1.150     3.060     8.280
    13.480    17.740    20.530    21.610    20.960    19.070    16.840    15.150
    14.440    14.780    16.080    18.110    20.330    22.070    23.110    23.860
    24.840    26.130    27.410    28.440    29.210    29.680    29.580    28.700
    27.150    25.110    22.450    18.840    14.340     9.580     5.210     1.300
    -2.570    -6.790   -11.470   -16.500   -21.570   -26.190   -29.920   -32.780
   -35.150   -37.280   -38.930   -39.610   -39.130   -37.710   -35.600   -32.790
   -29.070   -24.390   -19.060   -13.570    -8.520    -4.530    -2.280    -2.140
    -3.750    -6.090    -8.060    -9.270   -10.110   -11.140   -12.460   -13.720
   -14.540   -14.690   -14.130   -13.000   -11.660   -10.350    -8.730    -6.080
    -2.080     2.550     6.610     9.420    11.200    12.550    13.810    14.800
    14.910    13.430    10.200     6.010     2.090     -.970    -3.540    -6.100
    -8.320    -9.470    -9.370    -8.700    -8.220    -8.090    -7.920    -7.170
    -5.300    -1.980     2.730     8.320    14.090    19.420    23.970    27.710
    31.030    34.430    38.080    41.790    45.290    48.430    51.030    52.840
    53.860    54.490    55.080    55.490    55.350    54.390    52.500    49.360
    44.550    37.920    29.800    20.840    11.800     3.450    -3.920   -10.850
   -18.130   -25.650   -32.120   -36.140   -37.430   -36.700   -34.840   -32.480
   -30.170   -28.320   -26.860   -25.250   -22.990   -19.850   -15.560    -9.840
    -2.910     4.160    10.140    14.590    17.700    19.570    19.890    18.520
    15.950    12.830     9.360     5.540     1.750    -1.240    -3.160    -4.700
    -6.910   -10.100   -13.500   -16.120   -17.660   -18.440   -18.570   -17.490
   -14.610   -10.130    -5.060     -.310     3.940     8.010    12.070    16.010
    19.590    22.570    24.610    25.310    24.510    22.320    19.120    15.290
    11.070     6.470     1.460    -3.670    -8.250   -11.660   -13.950   -15.660
   -17.130   -18.230   -18.740   -18.620   -17.770   -15.780   -12.470    -8.450
    -4.970    -3.060    -2.960    -4.210    -6.100    -8.040    -9.740   -11.040
   -11.620   -11.000    -9.070    -6.540    -4.490    -3.470    -3.120    -2.850
    -2.500    -2.350    -2.640    -3.330    -4.140    -4.650    -4.470    -3.590
    -2.370    -1.070      .530     2.780     5.420     7.600     8.800     9.170
     9.120     8.610     7.290     5.170     2.870     1.150      .210     -.310
    -1.010    -2.160    -3.570    -4.760    -5.490    -5.990    -6.820    -8.370
   -10.590   -13.050   -15.310   -17.140   -18.550   -19.590   -20.300   -20.710
   -20.840   -20.510   -19.130   -16.090   -11.330    -5.560      .170     5.140
     8.990    11.520    12.510    11.870     9.810     6.630     2.590    -2.010
    -6.840   -11.470   -15.470   -18.430   -20.230   -21.070   -21.100   -19.940
   -16.910   -11.880    -5.670      .580     6.080    10.470    13.540    15.340
    16.390    17.340    18.380    19.400    20.440    21.710    23.060    24.060
    24.700    25.460    26.470    27.050    26.460    24.780    22.610    20.230
    17.430    14.120    10.500     6.930     3.880     1.880     1.150     1.290
     1.930     3.560     7.000    12.110    17.520    22.110    26.190    30.610
    35.380    39.650    42.930    45.460    47.490    48.790    49.130    48.750
    48.040    47.080    45.710    43.870    41.740    39.570    37.620    36.100
    34.970    33.940    32.850    31.870    31.350    31.470    32.340    34.100
    36.810    40.090    43.320    46.220    48.840    51.140    52.680    53.030
    52.200    50.450    47.820    44.200    39.880    35.470    31.340    27.310
    23.180    19.180    15.720    12.690     9.580     6.130     2.660     -.390
    -2.940    -5.270    -7.690   -10.480   -13.860   -17.780   -21.770   -25.150
   -27.510   -28.840   -29.260   -28.730   -27.140   -24.400   -20.520   -15.710
   -10.490    -5.480    -1.060     2.880     6.600     9.960    12.410    13.350
    12.550    10.180     6.670     2.580    -1.470    -5.030    -7.990   -10.480
   -12.510   -13.840   -14.290   -14.090   -13.810   -14.000   -14.890   -16.280
   -17.730   -18.640   -18.680   -18.120   -17.740   -18.190   -19.360   -20.540
   -21.040   -20.740   -19.780   -18.150   -15.690   -12.560    -9.330    -6.480
    -4.030    -1.880     -.300      .130     -.900    -3.170    -6.380   -10.450
   -15.220   -19.910   -23.430   -25.110   -25.170   -24.240   -22.750   -20.870
   -18.760   -16.760   -15.230   -14.400   -14.240   -14.400   -14.300   -13.460
   -11.790    -9.590    -7.240    -4.880    -2.450      .150     2.800     5.090
     6.440     6.450     5.190     3.160     1.000     -.960    -2.760    -4.540
    -6.420    -8.340   -10.110   -11.390   -11.850   -11.430   -10.580   -10.090
   -10.540   -11.800   -13.210   -14.240   -14.790   -15.010   -15.030   -14.850
   -14.470   -13.690   -12.140    -9.670    -6.630    -3.680    -1.140     1.120
     3.230     4.980     6.150     6.880     7.420     7.760     7.640     6.910
     5.610     3.810     1.520     -.990    -3.070    -4.080    -3.840    -2.680
    -1.120      .340     1.320     1.650     1.430      .830     -.030    -1.130
    -2.390    -3.610    -4.500    -4.830    -4.510    -3.720    -2.900    -2.460
    -2.460    -2.690    -2.990    -3.450    -4.230    -5.340    -6.620    -7.910
    -9.070    -9.970   -10.550   -10.780   -10.560    -9.770    -8.580    -7.510
    -7.030    -7.100    -7.250    -7.160    -6.930    -6.770    -6.620    -6.360
    -6.080    -6.150    -6.790    -7.940    -9.410   -11.180   -13.360   -15.920
   -18.550   -20.740   -22.050   -22.250   -21.410   -19.780   -17.790   -16.040
   -15.030   -14.860   -15.190   -15.730   -16.550   -17.900   -19.690   -21.420
   -22.630   -23.170   -23.060   -22.210   -20.560   -18.340   -16.040   -14.110
   -12.780   -12.170   -12.340   -13.180   -14.460   -15.920   -17.440   -18.950
   -20.260   -21.110   -21.270   -20.710   -19.600   -18.220   -16.850   -15.550
   -14.010   -11.760    -8.560    -4.600     -.350     3.720     7.220     9.860
    11.470    12.150    12.390    12.670    13.240    13.930    14.500    14.790
    14.650    13.850    12.170     9.660     6.730     3.980     1.850      .480
     -.250     -.620     -.940    -1.440    -2.080    -2.510    -2.330    -1.360
      .190     1.990     3.880     5.710     7.120     7.630     7.060     5.730
     4.140     2.580     1.110     -.130     -.930    -1.240    -1.300    -1.340
    -1.430    -1.620    -2.220    -3.670    -6.140    -9.310   -12.660   -15.740
   -18.220   -19.770   -20.260   -19.920   -19.210   -18.250   -16.680   -14.010
   -10.360    -6.430    -2.840      .330     3.350     6.280     8.780    10.480
    11.120    10.640     9.170     7.050     4.720     2.450      .250    -1.850
    -3.710    -5.230    -6.480    -7.370    -7.490    -6.540    -4.800    -3.020
    -1.680     -.680      .250     1.040     1.420     1.400     1.360     1.610
     2.140     2.810     3.480     4.070     4.390     4.260     3.640     2.770
     2.050     1.870     2.280     2.960     3.380     3.290     2.860     2.500
     2.470     2.660     2.690     2.210     1.200      .040     -.780    -1.040
     -.780     -.090     1.170     3.050     5.370     7.800    10.140    12.320
    14.180    15.550    16.390    16.720    16.470    15.530    14.100    12.600
    11.230     9.710     7.720     5.370     3.070     1.110     -.470    -1.630
    -2.330    -2.750    -3.270    -4.140    -5.260    -6.410    -7.470    -8.320
    -8.620    -7.960    -6.160    -3.440     -.220     3.090     6.130     8.720
    10.760    12.220    13.050    13.280    13.070    12.510    11.510     9.910
     7.720     5.240     2.770      .440    -1.720    -3.620    -5.180    -6.440
    -7.550    -8.540    -9.250    -9.440    -9.020    -8.260    -7.470    -6.680
    -5.530    -3.620    -1.080     1.540     3.760     5.530     7.100     8.610
    10.020    11.160    11.850    11.990    11.690    11.360    11.300    11.340
    11.070    10.490    10.150    10.470    11.170    11.630    11.700    11.730
    11.940    11.960    11.360    10.300     9.410     9.110     9.310     9.720
    10.250    10.910    11.560    11.900    11.710    11.060    10.220     9.540
     9.240     9.420     9.990    10.580    10.730    10.280     9.530     8.890
     8.400     7.790     7.010     6.330     5.920     5.550     5.070     4.850
     5.400     6.690     8.160     9.410    10.540    11.660    12.560    12.980
    13.040    12.960    12.590    11.640    10.130     8.470     6.950     5.560
     4.260     3.160     2.180      .970     -.840    -3.220    -5.920    -8.760
   -11.550   -13.770   -14.820   -14.410   -12.850   -10.680    -8.320    -6.110
    -4.340    -3.230    -2.700    -2.450    -2.200    -1.700     -.800      .560
     2.220     3.870     5.190     6.060     6.520     6.690     6.520     5.830
     4.490     2.530      .230    -1.980    -3.690    -4.670    -4.910    -4.460
    -3.440    -2.130    -1.100     -.920    -1.640    -2.570    -2.840    -2.170
    -1.050     -.150      .320      .530      .600      .470      .130     -.150
     -.080      .420     1.200     2.190     3.490     5.150     7.120     9.240
    11.340    13.200    14.630    15.440    15.650    15.420    15.010    14.580
    14.190    13.740    13.090    12.180    11.080     9.850     8.540     7.200
     5.920     4.670     3.260     1.470     -.700    -3.080    -5.510    -7.950
   -10.230   -11.980   -12.890   -12.970   -12.640   -12.330   -12.210   -12.250
   -12.320   -12.220   -11.710   -10.510    -8.500    -5.770    -2.710      .150
     2.340     3.830     4.980     6.110     7.140     7.740     7.840     7.660
     7.310     6.600     5.360     3.790     2.300     1.040     -.130    -1.240
    -2.100    -2.560    -2.810    -3.060    -3.220    -3.020    -2.510    -2.150
    -2.250    -2.700    -3.240    -3.830    -4.610    -5.450    -5.970    -6.070
    -6.100    -6.440    -6.970    -7.260    -7.080    -6.630    -6.140    -5.520
    -4.580    -3.350    -2.110     -.970      .170     1.370     2.410     3.100
     3.540     4.110     4.980     6.010     6.990     7.820     8.520     9.000
     9.140     8.920     8.470     8.010     7.720     7.670     7.810     7.920
     7.610     6.540     4.750     2.650      .860     -.310    -1.050    -1.820
    -2.930    -4.310    -5.780    -7.290    -8.870   -10.480   -11.960   -13.280
   -14.470   -15.450   -16.010   -16.050   -15.790   -15.630   -15.700   -15.730
   -15.370   -14.530   -13.480   -12.490   -11.690   -11.090   -10.710   -10.500
   -10.180    -9.440    -8.320    -7.170    -6.340    -5.810    -5.370    -4.920
    -4.560    -4.340    -4.100    -3.700    -3.260    -3.050    -3.140    -3.290
    -3.250    -3.010    -2.820    -2.890    -3.130    -3.310    -3.300    -3.080
    -2.610    -1.740     -.530      .690     1.560     2.060     2.300     2.210
     1.600      .560     -.430    -1.070    -1.480    -1.830    -1.970    -1.700
    -1.140     -.640     -.290      .080      .550     1.090     1.830     3.050
     4.720     6.370     7.660     8.720     9.830    10.890    11.560    11.740
    11.720    11.730    11.750    11.760    11.840    12.040    12.120    11.770
    10.860     9.480     7.690     5.440     2.780     -.030    -2.640    -4.890
    -6.820    -8.560   -10.070   -11.180   -11.720   -11.750   -11.530   -11.300
   -11.060   -10.660   -10.140    -9.670    -9.340    -8.960    -8.250    -7.160
    -5.900    -4.670    -3.580    -2.770    -2.400    -2.390    -2.320    -1.930
    -1.460    -1.500    -2.290    -3.580    -4.960    -6.170    -7.070    -7.530
    -7.570    -7.540    -7.830    -8.530    -9.490   -10.560   -11.690   -12.700
   -13.390   -13.710   -13.750   -13.460   -12.550   -10.910    -8.830    -6.830
    -5.180    -3.710    -2.130     -.380     1.350     2.910     4.260     5.430
     6.490     7.440     8.250     8.980     9.610    10.060    10.100     9.540
     8.430     7.030     5.640     4.400     3.440     2.960     3.150     3.970
     5.050     5.950     6.520     6.870     7.070     7.130     7.040     6.950
     6.980     7.040     7.030     7.050     7.390     8.160     9.040     9.550
     9.500     9.080     8.610     8.200     7.840     7.600     7.630     7.970
     8.420     8.630     8.230     7.120     5.400     3.240      .840    -1.640
    -4.050    -6.280    -8.290   -10.040   -11.400   -12.200   -12.490   -12.470
   -12.220   -11.490    -9.940    -7.650    -5.190    -3.090    -1.420      .150
     1.810     3.400     4.620     5.400     5.940     6.430     6.900     7.210
     7.220     6.960     6.630     6.440     6.380     6.200     5.620     4.640
     3.430     2.200     1.050     -.010     -.860    -1.290    -1.210     -.730
     -.040      .710     1.470     2.170     2.730     3.090     3.320     3.550
     3.870     4.230     4.650     5.180     5.870     6.620     7.120     7.120
     6.580     5.630     4.310     2.470      .060    -2.510    -4.570    -5.890
    -6.870    -8.000    -9.120    -9.720    -9.680    -9.520    -9.680    -9.870
    -9.510    -8.500    -7.310    -6.330    -5.500    -4.530    -3.260    -1.600
      .530     3.050     5.550     7.550     8.900     9.760    10.330    10.640
    10.690    10.530    10.320    10.260    10.450    10.810    11.030    10.900
    10.440     9.860     9.240     8.430     7.400     6.340     5.440     4.620
     3.640     2.340      .640    -1.510    -3.920    -6.090    -7.530    -8.250
    -8.660    -9.090    -9.500    -9.700    -9.730    -9.650    -9.440    -9.130
    -8.870    -8.880    -9.140    -9.470    -9.770   -10.010   -10.140   -10.070
    -9.790    -9.300    -8.590    -7.780    -7.230    -7.300    -7.900    -8.620
    -9.160    -9.660   -10.250   -10.820   -11.090   -11.010   -10.690   -10.190
    -9.450    -8.520    -7.590    -6.750    -5.970    -5.240    -4.660    -4.310
    -4.100    -3.900    -3.720    -3.730    -4.070    -4.680    -5.380    -5.950
    -6.250    -6.200    -5.800    -5.040    -3.970    -2.680    -1.360     -.120
      .980     1.790     2.060     1.530      .200    -1.610    -3.510    -5.200
    -6.540    -7.390    -7.630    -7.190    -6.040    -4.180    -1.690     1.060
     3.500     5.050     5.500     5.020     3.940     2.530     1.040     -.180
     -.870    -1.030     -.940     -.770     -.430      .130      .620      .600
      .000     -.890    -1.860    -3.100    -4.740    -6.400    -7.350    -7.210
    -6.210    -4.860    -3.460    -1.980     -.300     1.620     3.670     5.560
     7.040     8.100     8.920     9.540     9.770     9.460     8.790     8.070
     7.350     6.510     5.610     5.060     5.090     5.500     5.970     6.420
     6.980     7.530     7.700     7.220     6.190     4.900     3.570     2.400
     1.700     1.720     2.430     3.500     4.600     5.640     6.770     8.120
     9.730    11.450    12.930    13.820    14.010    13.820    13.690    13.760
    13.730    13.260    12.380    11.440    10.730    10.270     9.920     9.560
     9.050     8.170     6.850     5.320     4.060     3.440     3.510     3.980
     4.450     4.650     4.490     4.140     3.840     3.750     3.800     3.800
     3.510     2.740     1.480     -.040    -1.420    -2.410    -3.040    -3.490
    -3.880    -4.140    -4.230    -4.220    -4.310    -4.720    -5.510    -6.660
    -8.000    -9.340   -10.420   -10.950   -10.790   -10.120    -9.320    -8.660
    -8.110    -7.560    -7.010    -6.560    -6.180    -5.750    -5.230    -4.660
    -3.910    -2.680     -.810     1.470     3.730     5.710     7.280     8.270
     8.440     7.770     6.520     5.020     3.470     2.000      .750     -.280
    -1.200    -2.080    -2.800    -3.130    -2.990    -2.410    -1.400      .060
     1.770     3.460     4.930     6.200     7.310     8.150     8.640     8.940
     9.370    10.090    11.020    12.020    13.010    13.890    14.480    14.620
    14.410    14.060    13.650    13.020    11.970    10.410     8.380     6.040
     3.680     1.620     -.040    -1.460    -2.750    -3.820    -4.470    -4.770
    -5.000    -5.410    -6.020    -6.750    -7.540    -8.250    -8.690    -8.790
    -8.640    -8.340    -7.910    -7.350    -6.810    -6.460    -6.330    -6.330
    -6.420    -6.680    -7.180    -7.860    -8.540    -9.030    -9.220    -9.180
    -9.080    -9.040    -9.060    -9.010    -8.760    -8.240    -7.460    -6.540
    -5.640    -4.880    -4.330    -4.010    -3.940    -3.940    -3.760    -3.250
    -2.610    -2.140    -1.850    -1.470     -.850     -.080      .620     1.250
     1.870     2.450     2.920     3.330     3.720     4.000     3.990     3.690
     3.370     3.300     3.520     3.860     4.250     4.790     5.630     6.770
     8.050     9.300    10.420    11.320    11.890    12.000    11.630    10.850
     9.770     8.480     7.160     6.090     5.580     5.740     6.450     7.470
     8.560     9.490    10.050    10.230    10.150     9.880     9.360     8.470
     7.210     5.750     4.270     2.860     1.640      .760      .300      .210
      .370      .690     1.020     1.110      .770      .100     -.560     -.980
    -1.220    -1.530    -2.030    -2.590    -3.060    -3.450    -3.880    -4.480
    -5.200    -5.750    -5.800    -5.370    -4.920    -4.970    -5.550    -6.240
    -6.740    -7.140    -7.640    -8.160    -8.450    -8.470    -8.370    -8.200
    -7.840    -7.330    -6.840    -6.390    -5.690    -4.670    -3.710    -3.220
    -3.120    -2.960    -2.570    -2.200    -2.050    -2.010    -2.050    -2.440
    -3.340    -4.440    -5.320    -6.100    -7.270    -8.990   -10.890   -12.590
   -14.130   -15.710   -17.220   -18.280   -18.740   -18.800   -18.700   -18.480
   -18.050   -17.220   -15.840   -13.880   -11.640    -9.510    -7.610    -5.790
    -3.880    -1.930     -.010     1.920     3.900     5.780     7.280     8.280
     8.890     9.220     9.310     9.210     8.980     8.630     8.050     7.300
     6.600     6.060     5.500     4.680     3.640     2.590     1.560      .330
    -1.230    -2.930    -4.420    -5.540    -6.290    -6.670    -6.690    -6.460
    -6.220    -6.100    -5.990    -5.810    -5.630    -5.610    -5.720    -5.770
    -5.650    -5.370    -4.950    -4.320    -3.490    -2.690    -2.200    -2.080
    -2.130    -2.160    -2.110    -1.980    -1.700    -1.170     -.420      .380
     1.090     1.710     2.370     3.070     3.730     4.230     4.590     4.900
     5.100     5.080     4.830     4.620     4.690     4.880     4.800     4.360
     3.990     4.010     4.160     3.890     3.160     2.490     2.240     2.080
     1.560      .740      .130     -.020      .070      .180      .370      .780
     1.340     1.810     2.100     2.230     2.220     2.030     1.730     1.380
      .970      .420     -.200     -.590     -.400      .450     1.720     3.080
     4.320     5.390     6.210     6.630     6.530     6.010     5.290     4.600
     4.020     3.580     3.220     2.880     2.500     2.130     1.870     1.760
     1.780     1.870     2.000     2.150     2.350     2.660     3.090     3.500
     3.660     3.500     3.180     2.890     2.700     2.600     2.660     2.950
     3.430     3.990     4.500     4.840     4.870     4.580     4.080     3.470
     2.610     1.360     -.170    -1.540    -2.470    -2.940    -3.070    -2.830
    -2.250    -1.500     -.820     -.230      .400     1.120     1.850     2.450
     2.880     3.150     3.280     3.350     3.480     3.660     3.820     3.990
     4.310     4.780     5.170     5.220     4.930     4.490     4.000     3.400
     2.670     1.910     1.270      .770      .320     -.110     -.530    -1.000
    -1.560    -2.020    -2.130    -1.820    -1.400    -1.260    -1.410    -1.570
    -1.560    -1.380    -1.070     -.500      .350     1.150     1.570     1.740
     2.130     2.910     3.640     3.790     3.320     2.670     2.230     1.930
     1.440      .560     -.680    -2.070    -3.450    -4.800    -6.180    -7.640
    -9.090   -10.300   -11.040   -11.230   -10.970   -10.380    -9.540    -8.510
    -7.320    -6.030    -4.670    -3.350    -2.230    -1.500    -1.060     -.620
      .130     1.160     2.220     3.140     3.940     4.730     5.460     5.950
     5.990     5.440     4.310     2.920     1.720      .990      .520     -.110
     -.980    -1.850    -2.510    -3.020    -3.490    -3.850    -3.900    -3.570
    -3.010    -2.420    -1.970    -1.860    -2.120    -2.540    -2.800    -2.740
    -2.540    -2.410    -2.290    -2.080    -1.830    -1.830    -2.200    -2.750
    -3.240    -3.660    -4.170    -4.830    -5.460    -5.900    -6.140    -6.280
    -6.370    -6.440    -6.480    -6.460    -6.300    -5.910    -5.370    -4.870
    -4.530    -4.250    -3.790    -3.000    -1.900     -.630      .660     1.870
     2.860     3.420     3.410     2.950     2.430     2.180     2.230     2.380
     2.490     2.580     2.750     3.000     3.340     3.720     4.050     4.140
     3.830     3.190     2.390     1.540      .650     -.240    -1.010    -1.590
    -2.050    -2.460    -2.770    -2.790    -2.480    -2.080    -1.860    -1.780
    -1.570    -1.160     -.810     -.800     -.940     -.770     -.160      .510
      .820      .830      .870      .990      .930      .560      .100     -.190
     -.410     -.770    -1.240    -1.550    -1.610    -1.690    -2.100    -2.850
    -3.640    -4.240    -4.650    -5.020    -5.410    -5.780    -6.010    -6.080
    -6.050    -5.950    -5.810    -5.690    -5.790    -6.220    -6.820    -7.190
    -7.140    -6.810    -6.470    -6.090    -5.460    -4.610    -3.840    -3.350
    -2.960    -2.500    -2.020    -1.750    -1.650    -1.540    -1.360    -1.230
    -1.140     -.900     -.420      .120      .600     1.190     2.060     3.010
     3.570     3.550     3.180     2.730     2.200     1.480      .720      .300
      .350      .620      .720      .570      .380      .360      .540      .890
     1.450     2.300     3.360     4.500     5.610     6.680     7.690     8.680
     9.710    10.870    12.150    13.520    14.950    16.410    17.700    18.550
    18.980    19.250    19.570    19.760    19.590    19.090    18.500    17.880
    17.100    16.130    15.130    14.220    13.330    12.450    11.700    11.110
    10.450     9.580     8.790     8.530     8.820     9.210     9.310     9.140
     8.990     9.090     9.500    10.200    11.090    11.900    12.490    12.960
    13.420    13.770    13.750    13.250    12.450    11.450    10.110     8.300
     6.290     4.630     3.620     3.120     2.760     2.410     2.100     1.800
     1.300      .510     -.360     -.920    -1.060    -1.090    -1.440    -2.140
    -2.720    -2.690    -2.000    -1.050     -.320      .090      .360      .660
      .990     1.210     1.150      .780      .170     -.510    -1.210    -1.990
    -2.890    -3.790    -4.580    -5.310    -6.130    -6.980    -7.630    -7.940
    -8.120    -8.420    -8.900    -9.440    -9.960   -10.390   -10.660   -10.680
   -10.390    -9.790    -8.880    -7.740    -6.580    -5.540    -4.500    -3.340
    -2.120    -1.020     -.060      .850     1.580     1.940     2.020     2.080
     2.060     1.670      .970      .510      .550      .630      .330     -.040
     -.050      .000     -.590    -1.780    -2.850    -3.510    -4.210    -5.200
    -6.030    -6.420    -6.800    -7.500    -7.970    -7.570    -6.740    -6.370
    -6.460    -6.230    -5.490    -5.010    -5.300    -5.810    -5.840    -5.500
    -5.370    -5.520    -5.650    -5.610    -5.520    -5.340    -5.020    -4.810
    -5.030    -5.510    -5.780    -5.770    -5.880    -6.270    -6.630    -6.750
    -6.870    -7.260    -7.710    -7.840    -7.700    -7.630    -7.780    -8.000
    -8.170    -8.270    -8.170    -7.640    -6.700    -5.730    -5.190    -5.230
    -5.700    -6.400    -7.240    -8.130    -9.020    -9.820   -10.330   -10.360
    -9.880    -9.100    -8.330    -7.670    -7.100    -6.600    -6.230    -5.950
    -5.650    -5.330    -5.280    -5.730    -6.510    -7.080    -7.030    -6.420
    -5.530    -4.550    -3.620    -3.040    -3.140    -3.850    -4.570    -4.610
    -3.830    -2.640    -1.520     -.680     -.220     -.270     -.830    -1.520
    -1.800    -1.440     -.760     -.260     -.060      .250     1.090     2.460
     4.000     5.390     6.500     7.220     7.390     7.010     6.440     6.160
     6.310     6.650     6.890     7.000     6.870     6.180     4.740     2.850
     1.110     -.170    -1.100    -1.800    -2.150    -2.130    -2.000    -1.940
    -1.790    -1.260     -.440      .280      .700      .890      .810      .240
     -.810    -1.760    -2.100    -2.020    -2.230    -3.060    -3.950    -4.160
    -3.630    -3.000    -2.850    -3.130    -3.400    -3.420    -3.330    -3.320
    -3.300    -3.000    -2.270    -1.330     -.600     -.320     -.250      .100
      .920     1.830     2.350     2.390     2.320     2.380     2.320     1.840
     1.020      .300     -.140     -.580    -1.340    -2.300    -3.040    -3.380
    -3.540    -3.790    -3.970    -3.650    -2.640    -1.280     -.020     1.100
     2.390     3.960     5.470     6.490     7.020     7.340     7.580     7.670
     7.640     7.720     7.940     8.100     7.970     7.650     7.320     7.000
     6.570     6.070     5.700     5.600     5.760     6.080     6.410     6.580
     6.520     6.310     6.160     6.180     6.300     6.340     6.160     5.700
     5.050     4.490     4.220     4.180     4.120     3.980     3.940     4.060
     4.150     3.960     3.560     3.240     3.200     3.390     3.650     3.840
     3.840     3.580     3.220     3.010     3.060     3.190     3.050     2.500
     1.780     1.320     1.370     1.760     2.090     2.050     1.700     1.200
      .660      .100     -.470    -1.080    -1.850    -2.830    -3.750    -4.320
    -4.610    -4.980    -5.600    -6.260    -6.780    -7.320    -8.020    -8.650
    -8.720    -8.060    -6.990    -5.900    -4.910    -4.020    -3.260    -2.610
    -1.960    -1.280     -.750     -.550     -.570     -.440      .010      .670
     1.320     1.800     2.040     1.980     1.820     2.060     3.070     4.670
     6.150     6.980     7.220     7.360     7.650     7.900     7.800     7.460
     7.380     8.000     9.200    10.460    11.270    11.500    11.190    10.410
     9.370     8.510     8.210     8.400     8.760     9.210     9.940    10.910
    11.580    11.420    10.480     9.190     7.660     5.600     2.910      .160
    -1.670    -1.940     -.830      .560      .740    -1.070    -4.200    -6.870
    -7.640    -6.570    -5.040    -4.460    -5.240    -6.700    -7.680    -7.340
    -5.730    -3.700    -2.350    -2.140    -2.730    -3.290    -3.250    -2.570
    -1.650     -.880     -.420     -.200     -.070      .010      .130      .340
      .560      .480     -.180    -1.340    -2.600    -3.600    -4.310    -4.810
    -5.050    -4.850    -4.310    -3.800    -3.540    -3.340    -2.900    -2.230
    -1.770    -1.860    -2.380    -2.910    -3.240    -3.500    -3.920    -4.380
    -4.460    -3.900    -2.950    -2.270    -2.250    -2.700    -3.000    -2.870
    -2.590    -2.640    -3.010    -3.260    -3.100    -2.660    -2.260    -1.870
    -1.280     -.490      .190      .540      .770     1.200     1.690     1.660
      .740     -.640    -1.600    -1.700    -1.360    -1.270    -1.550    -1.670
    -1.280     -.820    -1.090    -2.330    -3.820    -4.650    -4.620    -4.310
    -4.340    -4.720    -4.880    -4.360    -3.270    -2.090    -1.160     -.410
      .490     1.680     3.000     4.070     4.680     4.880     4.810     4.550
     4.110     3.760     3.850     4.410     4.880     4.560     3.240     1.410
     -.210    -1.150    -1.360    -1.060     -.570     -.070      .520     1.340
     2.210     2.710     2.770     2.860     3.320     3.850     3.870     3.340
     2.840     2.710     2.670     2.330     1.840     1.520     1.310      .790
     -.110     -.950    -1.300    -1.200    -1.040    -1.060    -1.270    -1.580
    -2.000    -2.530    -3.040    -3.440    -3.770    -4.230    -4.880    -5.490
    -5.720    -5.460    -4.930    -4.480    -4.240    -4.130    -3.920    -3.450
    -2.600    -1.400     -.010     1.320     2.360     3.000     3.320     3.590
     3.990     4.410     4.490     4.040     3.450     3.380     4.070     4.850
     4.690     3.150      .870    -1.010    -2.040    -2.870    -4.420    -6.580
    -8.200    -8.340    -7.370    -6.490    -6.220    -5.900    -4.750    -2.960
    -1.430     -.660     -.220      .420     1.140     1.250      .360    -1.040
    -1.790     -.910     1.600     4.650     6.720     6.810     4.860     1.480
    -2.490    -6.090    -8.360    -8.740    -7.560    -5.910    -4.910    -5.030
    -6.140    -7.870    -9.790   -11.420   -12.240   -12.050   -11.070    -9.670
    -8.160    -6.780    -5.860    -5.700    -6.390    -7.670    -9.130   -10.340
   -10.940   -10.730    -9.820    -8.540    -7.210    -5.890    -4.570    -3.500
    -3.090    -3.500    -4.320    -4.900    -4.910    -4.670    -4.790    -5.440
    -5.960    -5.200    -2.570     1.330     5.030     7.280     7.710     6.650
     4.600     2.060     -.310    -2.030    -3.200    -4.360    -5.660    -6.460
    -5.900    -3.940    -1.480      .530     1.880     3.010     4.290     5.450
     5.790     4.840     2.870      .880     -.120      .110     1.140     2.510
     4.230     6.290     8.150     8.950     8.410     7.120     5.870     4.980
     4.260     3.470     2.550     1.620      .920      .750     1.110     1.500
     1.310      .550     -.080      .140     1.240     2.650     3.810     4.520
     4.800     4.670     4.190     3.520     2.960     2.710     2.580     2.040
      .720    -1.080    -2.440    -2.680    -1.970    -1.080     -.570     -.450
     -.650    -1.360    -2.710    -4.250    -5.250    -5.340    -4.790    -4.070
    -3.320    -2.340     -.960      .670     2.140     3.040     3.200     2.770
     2.080     1.390      .760      .260      .160      .730     1.820     2.910
     3.460     3.450     3.360     3.810     5.150     7.040     8.680     9.340
     9.000     8.420     8.440     9.290    10.500    11.410    11.710    11.510
    11.130    10.840    10.790    10.920    10.990    10.730    10.080     9.170
     8.270     7.560     7.030     6.490     5.790     4.990     4.340     3.920
     3.560     3.070     2.490     2.040     1.760     1.480     1.250     1.440
     2.300     3.560     4.560     4.910     4.740     4.380     3.950     3.370
     2.700     2.140     1.760     1.430     1.070      .830      .990     1.550
     2.160     2.400     2.160     1.610     1.050      .680      .510      .500
      .590      .730      .910     1.100     1.290     1.390     1.220      .650
     -.260    -1.280    -2.280    -3.320    -4.500    -5.750    -6.920    -8.000
    -9.050    -9.840   -10.020    -9.600    -9.040    -8.720    -8.500    -7.890
    -6.760    -5.470    -4.430    -3.680    -3.020    -2.320    -1.560     -.710
      .270     1.430     2.860     4.560     6.320     7.730     8.570     9.000
     9.210     9.150     8.710     8.120     7.830     7.930     7.990     7.590
     6.920     6.500     6.610     6.920     6.930     6.360     5.410     4.560
     4.180     4.290     4.680     5.160     5.750     6.440     7.050     7.370
     7.380     7.320     7.310     7.240     6.850     5.990     4.750     3.400
     2.310     1.810     1.980     2.550     3.170     3.570     3.710     3.730
     3.670     3.460     2.880     1.860      .590     -.490     -.940     -.640
      .210     1.100     1.590     1.460      .800     -.120    -1.090    -1.990
    -2.850    -3.630    -4.180    -4.380    -4.310    -4.350    -4.900    -5.900
    -6.870    -7.370    -7.500    -7.740    -8.300    -8.900    -9.190    -9.130
    -9.000    -9.000    -9.200    -9.750   -10.750   -12.030   -13.120   -13.630
   -13.560   -13.170   -12.600   -11.910   -11.120   -10.360    -9.660    -8.940
    -8.130    -7.310    -6.640    -6.300    -6.310    -6.520    -6.670    -6.530
    -6.050    -5.380    -4.720    -4.190    -3.880    -3.800    -3.930    -4.170
    -4.390    -4.390    -4.050    -3.430    -2.830    -2.560    -2.640    -2.790
    -2.680    -2.200    -1.450     -.590      .260     1.060     1.880     2.780
     3.720     4.590     5.300     5.880     6.410     6.820     6.950     6.800
     6.610     6.620     6.860     7.090     7.090     6.820     6.440     6.210
     6.340     6.860     7.600     8.310     8.860     9.240     9.550     9.890
    10.240    10.530    10.700    10.770    10.810    10.770    10.530    10.020
     9.350     8.660     7.930     7.060     6.070     5.050     3.910     2.410
      .570    -1.300    -2.830    -4.000    -4.990    -5.900    -6.650    -7.300
    -8.040    -8.880    -9.470    -9.460    -8.890    -8.080    -7.300    -6.620
    -6.020    -5.580    -5.390    -5.410    -5.500    -5.500    -5.280    -4.880
    -4.450    -4.210    -4.220    -4.370    -4.540    -4.820    -5.380    -6.310
    -7.500    -8.740    -9.800   -10.410   -10.370    -9.730    -8.820    -7.970
    -7.250    -6.530    -5.770    -5.110    -4.650    -4.350    -4.120    -3.960
    -3.860    -3.720    -3.330    -2.630    -1.750     -.890     -.140      .530
     1.110     1.510     1.640     1.540     1.330     1.040      .510     -.340
    -1.310    -1.980    -2.170    -2.060    -1.850    -1.460     -.710      .280
     1.110     1.570     1.770     1.860     1.730     1.220      .440     -.270
     -.650     -.660     -.450     -.200     -.100     -.210     -.500     -.950
    -1.610    -2.320    -2.670    -2.270    -1.280     -.300      .290      .570
      .690      .520     -.020     -.640     -.840     -.540     -.090      .290
      .750     1.400     1.940     1.990     1.660     1.420     1.600     2.040
     2.280     2.060     1.530     1.090     1.070     1.530     2.280     3.120
     3.940     4.600     4.990     5.070     4.860     4.270     3.160     1.610
      .110     -.870    -1.230    -1.210     -.940     -.400      .320      .930
     1.230     1.270     1.130      .790      .310     -.080     -.160     -.080
     -.110     -.290     -.470     -.620     -.890    -1.290    -1.600    -1.660
    -1.600    -1.650    -1.900    -2.340    -3.000    -3.910    -4.920    -5.840
    -6.630    -7.360    -8.000    -8.360    -8.380    -8.280    -8.270    -8.360
    -8.310    -7.960    -7.340    -6.670    -6.080    -5.620    -5.250    -4.980
    -4.800    -4.580    -4.120    -3.430    -2.750    -2.380    -2.320    -2.350
    -2.300    -2.270    -2.300    -2.250    -1.980    -1.610    -1.350    -1.160
     -.790     -.100      .760     1.620     2.490     3.420     4.330     5.110
     5.780     6.360     6.760     6.840     6.740     6.660     6.620     6.440
     6.030     5.510     4.970     4.370     3.660     2.930     2.330     1.870
     1.550     1.450     1.540     1.630     1.540     1.400     1.510     1.870
     2.180     2.220     2.070     1.940     1.940     2.000     2.080     2.100
     1.980     1.770     1.660     1.800     2.110     2.310     2.200     1.840
     1.410     1.050      .760      .460      .020     -.610    -1.400    -2.190
    -2.850    -3.320    -3.500    -3.270    -2.540    -1.400     -.170      .830
     1.510     1.930     2.180     2.200     1.910     1.420      .940      .560
      .210     -.140     -.360     -.320     -.130     -.050     -.170     -.360
     -.450     -.510     -.710    -1.080    -1.470    -1.720    -1.860    -2.040
    -2.290    -2.460    -2.370    -2.120    -1.990    -2.170    -2.530    -2.830
    -3.050    -3.320    -3.740    -4.210    -4.600    -4.850    -4.940    -4.870
    -4.740    -4.740    -4.890    -5.080    -5.190    -5.270    -5.340    -5.270
    -5.010    -4.740    -4.530    -4.080    -3.080    -1.750     -.640      .050
      .660     1.470     2.290     2.900     3.450     4.140     4.750     4.950
     4.900     5.130     5.790     6.370     6.420     6.020     5.510     5.000
     4.420     3.850     3.470     3.250     3.060     2.910     2.890     2.890
     2.690     2.400     2.360     2.670     3.010     3.070     2.960     3.000
     3.250     3.570     3.880     4.250     4.610     4.870     5.150     5.680
     6.440     7.060     7.240     7.040     6.680     6.190     5.510     4.750
     4.140     3.720     3.280     2.670     2.050     1.670     1.500     1.310
      .910      .380     -.030     -.210     -.230     -.210     -.120      .070
      .300      .410      .370      .440      .890     1.650     2.350     2.770
     3.080     3.520     4.070     4.480     4.630     4.650     4.700     4.780
     4.770     4.640     4.440     4.240     4.100     4.100     4.270     4.610
     5.040     5.490     5.910     6.270     6.510     6.550     6.300     5.760
     5.070     4.430     3.900     3.370     2.830     2.430     2.360     2.660
     3.190     3.740     4.120     4.160     3.810     3.250     2.650     2.070
     1.450      .790      .210     -.170     -.340     -.330     -.120      .280
      .770     1.170     1.330     1.200      .870      .560      .390      .300
      .170      .040      .100      .390      .730      .930     1.000     1.040
     1.050     1.020     1.000     1.010      .930      .670      .340      .230
      .430      .760     1.030     1.190     1.290     1.300     1.170      .980
      .800      .590      .220     -.270     -.730    -1.010    -1.140    -1.250
    -1.420    -1.670    -1.940    -2.180    -2.370    -2.570    -2.820    -3.040
    -3.030    -2.640    -2.000    -1.390    -1.040     -.920     -.860     -.760
     -.590     -.350     -.090      .120      .120     -.140     -.550     -.970
    -1.350    -1.670    -1.850    -1.810    -1.600    -1.460    -1.590    -2.020
    -2.530    -2.890    -2.960    -2.780    -2.460    -2.100    -1.650    -1.090
     -.550     -.260     -.370     -.770    -1.280    -1.800    -2.370    -2.980
    -3.540    -3.990    -4.280    -4.210    -3.420    -1.720      .620     2.940
     4.690     5.710     6.090     5.870     5.020     3.750     2.510     1.750
     1.470     1.360     1.110      .750      .530      .690     1.180     1.780
     2.290     2.590     2.620     2.270     1.540      .700      .140     -.020
     -.080     -.320     -.600     -.530     -.060      .450      .710      .840
     1.060     1.230     1.060      .520     -.080     -.530     -.930    -1.460
    -2.080    -2.620    -3.060    -3.560    -4.210    -4.970    -5.680    -6.290
    -6.900    -7.630    -8.380    -8.910    -9.090    -9.150    -9.370    -9.760
   -10.080   -10.300   -10.570   -10.940   -11.140   -10.920   -10.400    -9.810
    -9.200    -8.540    -8.050    -8.040    -8.410    -8.740    -8.790    -8.790
    -8.910    -8.940    -8.610    -8.040    -7.590    -7.290    -6.830    -6.150
    -5.590    -5.460    -5.590    -5.630    -5.560    -5.670    -6.060    -6.500
    -6.740    -6.830    -6.890    -6.960    -6.940    -6.770    -6.450    -6.000
    -5.560    -5.290    -5.240    -5.250    -5.160    -5.000    -4.960    -5.110
    -5.290    -5.260    -4.960    -4.560    -4.310    -4.330    -4.520    -4.620
    -4.510    -4.330    -4.340    -4.550    -4.730    -4.690    -4.570    -4.580
    -4.700    -4.720    -4.530    -4.240    -3.880    -3.310    -2.470    -1.550
     -.760     -.140      .440     1.040     1.580     2.020     2.370     2.700
     3.030     3.400     3.800     4.080     4.070     3.850     3.730     3.880
     4.120     4.120     3.850     3.570     3.540     3.640     3.620     3.390
     3.180     3.350     4.070     5.140     6.130     6.780     7.110     7.360
     7.590     7.590     7.220     6.600     6.090     5.920     6.050     6.260
     6.370     6.270     5.960     5.530     5.120     4.870     4.770     4.710
     4.560     4.210     3.650     3.010     2.470     2.060     1.690     1.280
      .940      .830      .960     1.120     1.150     1.120     1.240     1.540
     1.800     1.840     1.730     1.680     1.780     1.860     1.780     1.710
     2.000     2.720     3.510     3.980     4.080     4.130     4.420     4.930
     5.370     5.540     5.460     5.340     5.360     5.490     5.560     5.500
     5.360     5.200     5.000     4.720     4.370     4.040     3.700     3.290
     2.820     2.410     2.120     1.970     1.980     2.200     2.560     2.870
     3.010     3.090     3.230     3.340     3.280     3.060     2.890     2.830
     2.750     2.590     2.460     2.500     2.620     2.740     2.890     3.230
     3.760     4.370     4.980     5.690     6.560     7.500     8.400     9.210
     9.900    10.390    10.610    10.620    10.570    10.510    10.390    10.180
     9.910     9.550     8.950     8.010     6.930     6.030     5.360     4.680
     3.720     2.620     1.720     1.150      .700      .180     -.350     -.730
     -.960    -1.170    -1.330    -1.240     -.850     -.380     -.030      .270
      .690     1.130     1.310     1.180      .990      .860      .590      .020
     -.610     -.930    -1.020    -1.360    -2.210    -3.250    -3.960    -4.310
    -4.680    -5.330    -6.090    -6.650    -6.940    -7.020    -6.980    -6.840
    -6.730    -6.780    -6.990    -7.180    -7.220    -7.230    -7.340    -7.440
    -7.320    -6.960    -6.590    -6.370    -6.180    -5.750    -5.090    -4.500
    -4.280    -4.370    -4.530    -4.630    -4.780    -5.020    -5.240    -5.330
    -5.290    -5.200    -5.120    -5.000    -4.780    -4.360    -3.720    -2.990
    -2.400    -1.980    -1.550    -1.000     -.530     -.420     -.640     -.900
    -1.050    -1.240    -1.610    -1.990    -2.140    -2.090    -2.060    -2.130
    -2.160    -2.080    -1.940    -1.840    -1.790    -1.820    -1.940    -2.070
    -2.070    -1.900    -1.650    -1.330     -.790     -.020      .730     1.210
     1.470     1.760     2.130     2.370     2.350     2.230     2.200     2.210