-4.990    -5.750    -5.780    -4.190    -1.670      .410     1.560     2.140
     2.530     3.180     4.720     7.270     9.720    10.540     9.020     5.060
    -1.440    -9.600   -15.890   -15.600    -7.410     4.320    12.960    15.250
    12.760     8.400     3.230    -3.120    -9.910   -14.490   -14.190    -8.740
    -1.010     4.870     6.290     3.440    -1.720    -7.000   -10.380   -10.260
    -6.560    -1.320     2.950     5.250     5.640     3.560    -1.290    -6.640
    -8.910    -7.590    -5.840    -5.430    -3.750     1.470     7.080     8.170
     5.580     5.000     8.250    10.480     7.700     2.720      .210     -.070
     -.740     -.370     4.590    12.410    16.630    15.190    13.330    15.030
    16.370    11.760     2.920    -3.560    -5.730    -7.700   -11.520   -13.050
    -8.220      .440     6.590     7.500     5.700     4.270     3.170      .430
    -4.870   -11.290   -15.910   -16.570   -13.650    -9.280    -4.540     1.080
     6.700     8.460     3.630    -4.550    -9.030    -6.430     -.330     3.810
     4.620     4.300     4.280     3.870     2.590     1.400     1.300     1.810
     1.570     -.210    -2.590    -2.910     1.320     9.260    15.990    16.530
    10.900     4.160     1.450     3.820     8.360    10.850     8.390     1.550
    -5.350    -7.900    -6.070    -3.400    -1.390     2.240     8.210    11.770
     8.220      .600    -2.610     2.320     9.850    12.370     8.610     3.470
     1.710     4.150     8.270    10.470     8.480     3.500     -.420     -.250
     3.370     7.730    10.530     9.680     3.010    -8.660   -19.380   -22.450
   -17.290    -9.380    -3.350      .850     4.210     4.870      .940    -4.890
    -7.130    -3.780     1.300     3.050      .750    -1.790     -.780     3.770
     8.140     8.430     4.270     -.430     -.750     4.510    11.330    14.210
    11.740     7.630     5.500     4.480     1.780    -1.270      .360     7.730
    13.880    10.900     -.170    -9.380    -7.960     3.170    14.530    16.550
     8.230    -1.060     -.690     7.680     9.100    -6.560   -27.720   -31.100
   -10.300    14.570    21.370    12.600     8.670    18.500    28.320    21.760
     1.840   -13.220   -11.550     1.010    10.550    10.820     7.250     7.250
     9.950     7.970    -1.040    -9.050    -7.100     2.370     7.970     3.950
    -2.790    -1.980     8.310    21.290    28.640    25.170    10.810    -7.110
   -16.470   -11.120     1.490     7.880     3.650    -3.600    -6.450    -6.420
    -8.240   -10.920   -10.210    -7.010    -7.230   -12.510   -16.080   -10.640
     1.800    10.450     6.110    -9.560   -24.270   -24.860    -9.190    10.250
    17.000     7.330    -5.100    -4.450     9.130    20.760    19.580     9.540
     -.170    -7.590   -14.600   -16.930    -8.320     5.880    10.230     -.940
   -13.230    -9.810     5.270    10.340    -6.860   -32.840   -42.140   -23.230
    12.150    42.230    53.850    49.190    38.680    30.210    24.060    15.390
      .550   -17.820   -30.640   -29.080   -14.440     -.520    -2.050   -18.760
   -33.690   -29.490    -5.350    22.840    36.020    24.960    -4.080   -31.620
   -37.240   -17.770     7.350    15.850     7.600     3.200    16.980    39.520
    50.020    39.970    19.870     7.040    10.520    24.500    32.910    24.140
     4.400    -7.860    -3.990     4.380     2.590    -6.130    -6.390     6.690
    21.910    29.020    30.400    32.830    37.070    41.270    47.990    60.290
    74.050    79.740    70.650    45.160     4.090   -47.290   -94.440  -117.690
  -107.030   -72.210   -35.230   -11.990    -1.440     7.760    22.550    38.330
    44.280    32.300     2.540   -34.380   -59.570   -57.460   -31.220    -2.970
     7.670     3.470     3.160    17.280    36.920    44.500    29.010    -7.210
   -47.910   -69.790   -60.890   -34.740   -17.130   -17.270   -22.970   -26.180
   -36.600   -60.140   -80.430   -78.740   -62.070   -51.300   -46.790   -29.270
     3.760    26.110    17.850    -6.280   -18.360   -14.410   -12.880   -23.340
   -35.130   -36.970   -32.140   -30.140   -34.310   -42.000   -48.720   -47.870
   -34.620   -15.880    -9.610   -26.310   -53.840   -67.490   -54.460   -23.640
     7.890    31.540    48.360    58.510    55.290    30.530   -14.300   -62.270
   -88.270   -76.370   -32.340    22.460    70.150   105.960   127.890   125.210
    88.800    31.600   -16.180   -39.570   -53.800   -74.700   -86.840   -63.710
   -14.750    16.270     8.740    -5.600     8.760    33.970    21.720   -33.520
   -78.720   -68.910   -22.260     9.510     7.170    -3.560     2.640    19.300
    27.960    28.490    33.090    39.170    27.990    -4.270   -29.350   -16.890
    22.510    43.190    19.980   -19.140   -30.450   -10.920     5.090    -1.110
   -10.830    -3.560    13.940    27.960    42.540    61.450    64.650    32.630
   -13.990   -31.200    -9.860    11.940     3.360   -19.200   -21.830      .070
    26.880    49.720    72.070    82.850    58.490     -.130   -54.170   -64.260
   -31.630     8.060    24.400    16.740     5.200     8.310    28.350    50.310
    53.340    29.290    -6.400   -25.500   -13.550    13.420    22.780      .470
   -28.660   -22.780    30.330    94.230   119.190    94.460    56.690    46.520
    66.090    83.030    67.980    21.880   -27.820   -50.570   -35.710     -.370
    24.440    20.820    -1.230   -17.270   -14.500    -1.100     7.700     5.070
    -6.050   -18.180   -21.850   -10.400     9.800    18.220    -1.200   -39.900
   -70.570   -74.930   -59.100   -39.670   -23.560    -9.470    -2.790   -15.550
   -48.530   -83.130   -99.200   -97.410   -95.180  -100.300   -97.990   -70.300
   -22.990    15.300    20.870    -3.750   -36.550   -57.470   -59.720   -45.600
   -19.370    13.450    43.000    56.460    47.020    22.640      .480   -13.490
   -36.100   -85.960  -148.190  -174.260  -131.710   -48.380     9.240     4.600
   -34.410   -54.630   -38.840   -16.580   -21.360   -52.780   -83.310   -89.560
   -67.990   -27.630    18.040    50.210    49.050    11.720   -36.030   -57.080
   -36.710     4.300    32.780    36.150    30.030    36.860    60.980    83.690
    81.170    48.580     7.100   -16.500   -17.400   -13.170   -15.330   -11.130
    17.030    61.690    92.930    89.410    56.190    13.310   -20.360   -30.540
   -10.040    32.690    74.720    96.080    93.010    72.360    41.280     7.180
   -20.730   -37.480   -44.890   -43.530   -29.500    -5.130    16.010    23.740
    24.130    27.320    28.690    15.100   -12.590   -35.770   -37.460   -15.610
    21.460    60.690    83.850    75.710    40.900     6.000    -2.080    21.220
    56.450    75.470    60.720    19.830   -16.700   -22.420    -3.840     6.750
    -7.760   -26.830   -20.360    10.010    31.820    21.650    -9.760   -35.100
   -42.260   -40.980   -43.070   -45.850   -37.960   -16.010    11.660    38.390
    67.270    98.760   117.180   103.570    63.240    26.900    17.610    26.980
    32.330    27.070    21.490    20.580    17.620     9.330     2.250     -.090
    -4.730   -16.890   -28.250   -25.290    -5.670    19.420    36.640    40.340
    33.850    24.630    17.340    10.100     -.730   -12.060   -14.480    -2.690
    17.260    32.350    32.660    18.550     2.040     -.820    14.750    34.700
    40.800    32.740    26.650    30.900    35.050    27.320    11.130    -3.800
   -15.060   -20.880   -11.470    15.630    38.350    29.740    -4.210   -26.230
   -13.290    17.100    34.610    32.940    25.180    17.160     5.210    -7.440
   -13.650   -19.520   -37.430   -58.030   -50.760    -4.300    48.410    62.380
    31.340    -7.200   -14.520    13.890    52.900    73.600    61.700    22.850
   -21.230   -46.850   -46.040   -30.270   -15.410    -6.900    -1.950     -.120
    -4.050   -11.890   -16.750   -15.580   -13.280   -14.780   -16.830   -12.030
      .070    10.010     7.680    -7.510   -27.370   -43.740   -53.620   -55.560
   -45.320   -20.010    13.450    38.810    43.850    32.420    19.860    16.450
    18.420    16.650    10.300     7.560    13.530    22.550    26.060    25.620
    31.990    48.820    62.570    55.600    28.730     2.760    -6.270    -5.930
   -14.000   -30.710   -36.130   -17.530    11.610    26.890    20.150     2.740
   -12.930   -22.850   -23.400    -8.270    18.900    38.430    32.710     7.970
   -12.140   -14.860   -10.690   -14.970   -26.890   -34.050   -31.460   -26.170
   -24.990   -26.890   -28.430   -28.740   -26.100   -16.630    -1.020    12.120
    14.810     8.340     -.440    -7.850   -13.420   -15.510   -13.620   -11.960
   -12.400    -5.990    17.720    51.070    69.760    60.220    37.080    24.980
    29.710    36.870    33.940    21.520     4.730   -12.850   -23.510   -16.750
     5.650    24.430    22.140     3.160   -14.120   -20.730   -22.500   -24.210
   -20.870    -8.970     3.340     4.580    -6.120   -19.940   -30.230   -37.820
   -45.720   -54.300   -62.160   -67.780   -69.490   -66.210   -58.780   -48.880
   -37.300   -25.600   -18.260   -19.120   -25.490   -29.510   -26.630   -19.580
   -12.750    -6.400      .920     7.330     8.730     3.920    -3.840    -9.550
    -8.450     2.320    20.080    35.570    39.910    33.430    24.130    17.180
    10.040     -.700   -12.790   -22.000   -28.050   -31.450   -27.490   -11.010
    12.150    25.840    19.610     -.080   -17.930   -25.190   -23.770   -19.030
   -14.490   -12.500   -14.130   -17.430   -19.330   -20.110   -22.910   -28.350
   -32.730   -31.870   -23.930    -9.000     9.620    23.590    24.850    15.380
     6.690     6.280     9.300     7.650     2.250      .150     2.940     5.390
     3.790    -1.680   -11.520   -25.490   -36.200   -33.420   -18.500    -6.110
    -6.400   -12.160   -10.630    -2.260      .960    -7.170   -20.810   -32.590
   -41.470   -48.050   -49.780   -45.060   -37.020   -29.320   -21.650   -12.790
    -4.420     1.470     5.730     8.780     7.550      .680    -5.270     -.810
    14.820    31.550    39.080    36.190    28.720    22.190    18.530    17.260
    17.000    16.490    15.770    15.750    16.030    14.510    10.120     4.570
      .090    -3.580    -8.570   -15.780   -23.450   -28.570   -29.370   -26.950
   -24.340   -23.170   -21.370   -15.620    -6.170     2.830     8.190    10.760
    12.680    13.750    12.600     9.590     6.300     3.270      .600     -.460
      .750     1.990      .710    -1.470     -.310     5.020    10.800    14.040
    15.120    14.160     8.950     -.840   -10.660   -15.690   -16.630   -18.060
   -22.830   -30.480   -39.090   -45.070   -43.000   -30.380   -12.910    -1.020
      .360    -3.950    -6.000    -2.550     4.480    12.180    18.650    22.480
    22.760    19.280    12.210     2.620    -6.170    -9.710    -6.140     2.520
    13.640    26.010    36.920    39.970    30.040    10.330    -8.660   -17.910
   -16.060    -7.290     4.010    14.680    21.270    20.460    12.380     2.200
    -3.270    -1.590     2.880     3.170    -3.400   -12.490   -16.780   -12.980
    -5.010     -.200    -2.250    -8.290   -12.790   -13.230   -10.800    -6.830
    -1.070     6.180    12.650    16.160    16.720    15.800    15.130    16.340
    19.260    19.980    14.760     7.110     5.180     8.660     5.450   -10.480
   -24.480   -17.870     2.790     9.520    -8.980   -29.220   -24.210     -.250
    13.960     7.400    -3.670    -5.120    -3.700    -9.680   -17.750   -17.190
    -9.750    -3.930     1.540    14.300    31.470    39.890    34.230    23.400
    15.770     8.430    -3.280   -13.540   -11.350     4.950    24.840    36.560
    36.890    30.550    23.530    17.730    10.990     2.230    -4.310    -2.710
     6.390    14.740    15.960    12.850    12.160    14.970    16.840    15.700
    14.340    14.580    13.830     9.410     2.980    -1.810    -3.810    -4.360
    -4.590    -4.950    -6.280    -8.870   -10.970   -10.470    -8.060    -6.620
    -7.380    -8.550    -8.240    -6.770    -5.140    -2.980      .100     2.760
     3.590     3.780     5.720     9.140    10.750     8.080     1.890    -5.470
   -12.040   -15.720   -14.090    -6.960     1.850     7.390     8.310     7.180
     6.610     6.700     6.620     6.780     7.950     9.150     7.900     2.580
    -5.500   -12.460   -14.030    -8.740      .340     7.470     9.010     6.420
     4.070     4.660     7.390    10.020    10.980     9.390     5.000     -.640
    -3.880    -1.550     5.990    14.800    20.400    20.830    17.330    13.070
    10.770    10.880    11.610    11.060     9.060     6.990     6.510     8.820
    13.730    18.530    18.960    13.340     5.090     -.790    -3.300    -4.930
    -6.060    -3.940     1.650     5.910     5.610     4.850     9.260    16.110
    16.320     7.040    -3.610    -6.890    -3.880    -1.610    -2.470    -2.830
     -.460     2.410     4.060     6.410    10.860    14.430    13.080     7.010
      .200    -4.430    -6.950    -8.430    -9.220    -9.590   -10.390   -11.980
   -13.270   -12.360    -8.220    -1.990     3.340     5.220     3.820     1.730
      .910      .870      .220     -.940    -1.270     -.300     1.100     1.910
     1.340    -1.450    -6.260   -10.290    -9.910    -4.940      .340     1.830
      .090    -1.370     -.980     -.380    -1.030    -2.100    -2.710    -3.940
    -7.070   -10.780   -12.090   -10.000    -6.580    -4.280    -3.520    -3.490
    -3.890    -4.760    -5.660    -6.140    -7.020    -9.520   -13.100   -15.180
   -13.590    -8.630    -2.510     2.610     5.490     5.770     4.210     2.710
     3.100     5.630     8.990    11.660    12.860    12.620    11.690    11.250
    11.640    11.440     8.940     4.680     1.540     1.430     3.200     4.700
     5.850     7.950    10.590    11.130     7.760     1.930    -3.120    -5.400
    -5.150    -3.710    -2.330    -1.690    -1.570    -1.030      .590     2.570
     3.460     2.570      .750     -.270      .960     4.620     8.980    11.070
     9.070     4.590     1.450     1.810     4.150     5.820     6.470     7.640
     9.710    10.950    10.000     7.500     4.700     1.820    -1.300    -3.990
    -5.680    -7.250    -9.970   -13.170   -14.630   -13.340   -10.350    -6.670
    -1.990     3.580     8.120     9.560     8.110     5.610     3.150      .640
    -1.690    -2.920    -2.670    -1.810    -1.670    -3.210    -6.820   -11.910
   -16.380   -17.520   -14.280    -8.710    -4.740    -5.180    -9.240   -12.810
   -12.050    -7.430    -3.570    -4.070    -7.390    -9.560    -9.840   -11.100
   -14.260   -15.730   -12.320    -6.620    -4.520    -8.040   -13.190   -14.930
   -12.260    -7.890    -4.830    -4.270    -5.570    -6.810    -6.000    -2.970
     -.040      .280    -1.860    -3.840    -4.070    -4.350    -7.500   -13.180
   -17.590   -18.080   -16.530   -16.550   -18.270   -18.300   -15.290   -12.480
   -13.040   -15.110   -14.140    -9.450    -5.370    -5.440    -8.300   -10.440
   -10.790   -10.700   -10.910   -10.750    -9.790    -8.420    -6.700    -4.280
    -1.580     -.150    -1.050    -3.640    -6.240    -7.450    -6.920    -5.450
    -4.680    -5.970    -8.880   -11.120   -10.790    -8.720    -7.920   -10.270
   -14.100   -15.830   -13.920   -10.570    -8.920    -9.300    -9.510    -8.320
    -7.090    -7.400    -8.570    -8.880    -8.240    -8.250    -9.530   -10.650
    -9.650    -6.080    -1.160     3.240     5.550     5.450     4.320     3.960
     4.450     3.740      .140    -5.290    -9.600   -10.850    -9.760    -8.470
    -8.470    -9.770   -11.350   -12.000   -10.870    -7.510    -1.880     5.280
    11.790    14.660    12.250     6.110      .080    -2.630    -1.530     1.610
     4.450     5.190     3.270     -.100    -2.410    -1.920      .410     1.570
     -.530    -4.970    -8.840   -10.120    -9.070    -7.290    -5.790    -4.330
    -2.190      .870     4.360     7.430     9.510    10.630    11.400    12.500
    14.050    15.350    15.360    13.750    11.430     9.890    10.000    11.300
    12.650    13.460    14.190    15.540    17.420    18.960    19.590    19.780
    20.280    21.000    21.190    20.700    20.180    19.960    19.280    17.470
    15.130    13.330    12.070    10.590     9.250     9.560    11.930    14.580
    15.690    15.640    15.930    16.490    15.740    13.250    10.650     9.420
     9.170     8.870     8.870    10.200    12.600    14.710    15.990    17.170
    18.550    19.170    18.330    17.080    17.130    18.720    20.300    20.330
    18.770    16.640    14.730    12.880    10.470     7.190     3.450      .100
    -2.200    -3.320    -3.350    -2.390     -.650     1.300     2.660     2.940
     2.260     1.300      .980     1.890     3.660     5.110     5.580     5.900
     7.440    10.120    12.090    11.820     9.920     8.320     8.060     8.570
     9.010     9.150     8.740     7.020     3.710      .050    -2.010    -1.810
     -.470      .660     1.490     2.650     4.250     5.750     6.900     7.790
     8.000     6.510     3.140     -.620    -2.950    -3.700    -4.150    -4.950
    -5.230    -4.200    -2.740    -2.330    -2.970    -3.090    -1.860     -.310
      .190     -.080      .230     1.550     2.900     3.230     2.570     1.710
     1.200     1.080     1.070      .720     -.270    -1.470    -1.940    -1.270
     -.310     -.220    -1.270    -2.690    -3.560    -3.450    -2.360     -.770
      .470      .720      .410      .490      .990      .720    -1.130    -3.900
    -6.340    -7.970    -8.800    -8.280    -5.820    -2.450     -.640    -1.830
    -4.600    -6.100    -4.830    -1.570     1.800     3.630     2.960     -.080
    -3.860    -6.120    -6.000    -4.910    -4.910    -6.430    -7.920    -7.710
    -5.840    -3.930    -3.620    -5.140    -7.210    -8.190    -7.610    -6.420
    -5.760    -5.680    -5.290    -4.240    -3.390    -3.700    -4.980    -6.080
    -6.270    -5.870    -5.610    -5.810    -6.390    -7.220    -8.040    -8.270
    -7.500    -6.100    -5.070    -4.950    -5.240    -5.050    -4.270    -3.680
    -3.870    -4.500    -4.750    -4.410    -4.080    -4.250    -4.530    -4.060
    -2.710    -1.420    -1.290    -2.590    -4.590    -6.240    -6.820    -6.280
    -5.150    -4.230    -4.020    -4.320    -4.510    -4.280    -3.980    -4.080
    -4.550    -4.840    -4.510    -3.840    -3.670    -4.600    -6.460    -8.270
    -8.990    -8.370    -7.320    -7.240    -8.750   -11.010   -12.380   -11.930
   -10.210    -8.640    -8.110    -8.580    -9.570   -10.660   -11.240   -10.600
    -8.630    -6.340    -5.040    -5.010    -5.400    -5.480    -5.540    -6.300
    -7.850    -9.620   -11.070   -11.970   -12.080   -11.060    -9.070    -7.010
    -5.850    -5.750    -6.280    -7.320    -9.460   -12.900   -16.340   -17.650
   -15.960   -12.830   -10.770   -10.750   -11.530   -11.410   -10.070    -8.470
    -7.340    -6.450    -5.370    -4.290    -3.750    -3.740    -3.620    -2.840
    -1.700    -1.050    -1.280    -1.770    -1.470     -.080     1.620     2.480
     1.980      .370    -1.610    -3.060    -3.400    -2.940    -2.740    -3.520
    -4.720    -5.040    -3.990    -2.360    -1.250     -.970    -1.200    -1.480
    -1.430     -.700      .760     2.590     4.520     6.520     8.360     9.490
     9.770    10.110    11.350    12.970    13.530    12.640    11.590    11.700
    12.680    13.090    12.100    10.230     8.610     7.870     7.560     6.480
     3.920      .790     -.730      .580     3.510     5.630     5.770     4.690
     3.690     3.190     2.980     3.070     3.540     4.120     4.530     4.960
     5.780     6.770     7.130     6.460     5.340     4.910     5.870     7.950
    10.110    11.160    10.620     9.140     7.920     7.640     7.960     8.040
     7.460     6.520     5.950     6.480     8.420    11.320    13.980    15.240
    14.860    13.650    12.570    11.890    11.230    10.120     8.440     6.480
     4.850     4.120     4.400     5.030     5.100     4.380     3.490     3.080
     3.090     2.820     1.880      .770      .320      .670     1.050      .710
     -.040      .030     1.650     4.090     5.840     6.130     5.360     4.140
     2.600      .850     -.510     -.940     -.700     -.510     -.710    -1.290
    -2.390    -4.110    -5.730    -5.940    -4.290    -1.990     -.750    -1.180
    -2.340    -2.770    -1.710      .300     1.880     2.110     1.510     1.350
     2.110     3.060     3.460     3.560     4.020     4.800     5.520     6.310
     7.690     9.410    10.220     9.130     6.770     5.080     5.180     5.770
     4.260      .090    -3.730    -3.580      .280     3.850     4.280     2.810
     1.850     1.310      .050     -.610     1.920     6.690     9.120     6.780
     2.860     1.840     3.960     5.860     5.420     3.300      .570    -2.370
    -4.430    -4.070    -1.680      .210      .070     -.870     -.780      .170
      .570     -.060    -1.110    -2.190    -3.050    -2.910    -1.360      .300
     -.080    -2.850    -5.970    -7.270    -6.500    -4.840    -3.280    -2.080
    -1.310     -.940     -.670     -.140      .440      .550      .120     -.260
     -.050      .620     1.210     1.540     1.860     2.210     2.000      .760
    -1.070    -2.500    -3.310    -4.340    -6.170    -7.950    -8.340    -7.320
    -6.410    -6.800    -8.100    -8.990    -8.700    -7.310    -5.160    -2.840
    -1.230     -.950    -1.340     -.860     1.220     3.880     5.270     4.660
     2.850     1.130     -.050     -.960    -1.860    -2.490    -2.550    -2.200
    -1.910    -1.920    -2.100    -2.580    -4.080    -7.130   -10.980   -13.700
   -13.770   -11.660    -9.520    -9.180   -10.590   -12.050   -11.960   -10.260
    -8.290    -7.410    -7.820    -8.660    -9.010    -8.550    -7.550    -6.550
    -6.220    -6.980    -8.480    -9.670    -9.860    -9.640   -10.270   -11.940
   -13.420   -13.570   -12.720   -12.200   -12.710   -13.940   -15.320   -16.450
   -16.720   -15.260   -12.100    -8.680    -6.580    -5.980    -5.830    -5.460
    -5.260    -5.640    -6.150    -6.220    -6.070    -6.420    -7.330    -7.870
    -7.330    -6.080    -5.200    -5.160    -5.350    -4.660    -2.680     -.160
     1.640     2.210     2.250     2.700     3.550     3.860     3.030     1.460
      .000     -.840    -1.020     -.690     -.250     -.290     -.930    -1.460
    -1.170     -.310      .190      .100      .030      .380      .680      .620
      .760     1.710     2.910     3.170     2.330     1.470     1.470     2.040
     2.620     3.380     4.700     6.040     6.160     4.510     1.910     -.430
    -2.010    -3.110    -3.910    -4.240    -4.100    -3.870    -3.970    -4.160
    -3.640    -1.900      .570     2.720     3.930     4.440     4.850     5.500
     6.480     7.770     9.110     9.790     9.280     7.810     6.230     5.180
     4.590     4.210     3.940     3.780     3.580     3.380     3.550     4.450
     5.800     6.850     6.940     5.990     4.480     3.220     3.060     4.390
     6.710     8.980    10.330    10.540     9.960     9.130     8.620     8.860
     9.890    11.270    12.370    12.870    12.860    12.670    12.490    12.270
    11.940    11.620    11.670    12.280    13.210    13.970    14.300    14.410
    14.660    15.270    16.310    17.800    19.520    20.910    21.400    20.930
    20.020    19.500    19.880    20.970    21.940    22.000    21.180    20.200
    19.570    19.040    18.130    16.950    15.940    15.070    13.840    12.210
    10.810    10.140     9.970     9.860     9.860    10.120    10.300    10.060
     9.770    10.080    10.810    11.040    10.570    10.390    11.340    12.750
    13.150    11.940     9.760     7.550     5.860     5.130     5.570     6.530
     6.560     4.940     2.570     1.060      .850      .930      .230    -1.260
    -2.840    -4.090    -5.060    -5.820    -6.210    -6.080    -5.460    -4.490
    -3.340    -2.380    -1.970    -2.120    -2.380    -2.300    -2.010    -2.170
    -3.170    -4.620    -5.630    -5.710    -5.330    -5.370    -6.210    -7.410
    -8.310    -8.750    -9.040    -9.430    -9.840   -10.150   -10.500   -11.100
   -11.840   -12.330   -12.410   -12.360   -12.480   -12.580   -12.090   -10.810
    -9.330    -8.460    -8.350    -8.440    -8.220    -7.760    -7.430    -7.340
    -7.340    -7.400    -7.610    -7.800    -7.680    -7.330    -7.270    -7.810
    -8.510    -8.570    -7.690    -6.150    -4.460    -3.120    -2.590    -3.150
    -4.460    -5.680    -6.360    -6.920    -8.060    -9.850   -11.610   -12.570
   -12.510   -11.690   -10.660    -9.990   -10.080   -10.880   -11.920   -12.710
   -13.040   -13.000   -12.780   -12.560   -12.470   -12.490   -12.580   -12.820
   -13.410   -14.370   -15.420   -16.200   -16.670   -17.070   -17.510   -17.890
   -17.980   -17.500   -16.290   -14.390   -12.240   -10.480    -9.460    -8.990
    -8.700    -8.470    -8.380    -8.410    -8.290    -7.770    -6.950    -6.250
    -6.020    -6.220    -6.450    -6.430    -6.260    -6.240    -6.420    -6.550
    -6.460    -6.270    -6.170    -6.120    -5.940    -5.720    -5.820    -6.480
    -7.450    -8.170    -8.200    -7.500    -6.350    -5.110    -3.910    -2.690
    -1.530     -.630     -.060      .540     1.530     2.650     3.200     2.780
     1.820     1.050      .810      .990     1.370     1.750     1.990     2.120
     2.390     2.970     3.770     4.610     5.550     6.620     7.360     7.110
     5.850     4.520     3.980     4.180     4.390     4.130     3.620     3.370
     3.670     4.510     5.580     6.430     6.770     6.730     6.660     6.720
     6.860     7.110     7.570     8.090     8.260     8.040     7.840     7.990
     8.230     8.050     7.500     7.170     7.460     8.150     8.680     8.770
     8.420     7.830     7.140     6.520     6.100     6.020     6.320     6.770
     6.890     6.450     5.860     5.830     6.460     7.060     7.050     6.610
     6.360     6.590     7.210     8.110     9.070     9.570     9.240     8.510
     8.260     8.600     8.650     7.730     6.390     5.610     5.500     5.370
     4.840     4.230     3.860     3.630     3.480     3.650     4.140     4.430
     3.980     2.970     1.990     1.260      .620     -.020     -.550    -1.120
    -2.160    -3.690    -5.060    -5.580    -5.250    -4.590    -3.930    -3.310
    -2.820    -2.650    -2.870    -3.350    -3.940    -4.540    -4.990    -5.120
    -5.070    -5.190    -5.560    -5.770    -5.530    -5.040    -4.680    -4.510
    -4.340    -4.120    -3.920    -3.560    -2.870    -2.200    -2.150    -2.840
    -3.620    -3.930    -3.960    -4.220    -4.770    -5.240    -5.380    -5.270
    -5.130    -5.080    -5.110    -5.100    -4.900    -4.580    -4.390    -4.480
    -4.640    -4.620    -4.510    -4.490    -4.460    -4.170    -3.690    -3.430
    -3.500    -3.530    -3.170    -2.420    -1.420     -.240      .920     1.710
     1.950     1.910     2.020     2.300     2.440     2.260     1.840     1.290
      .660      .090     -.240     -.270     -.170     -.120     -.150     -.190
     -.260     -.440     -.670     -.830     -.860     -.870     -.940     -.950
     -.670      .070     1.210     2.440     3.420     3.960     4.230     4.660
     5.520     6.440     6.600     5.580     4.000     2.950     2.880     3.300
     3.600     3.810     4.220     4.780     5.110     5.030     4.690     4.210
     3.640     3.230     3.340     4.020     4.910     5.620     6.070     6.410
     6.700     6.970     7.310     7.810     8.310     8.520     8.260     7.740
     7.310     7.170     7.110     6.730     5.840     4.760     3.910     3.340
     2.780     2.150     1.760     1.740     1.730     1.410     1.090     1.350
     2.000     2.270     1.850     1.480     1.830     2.540     2.730     2.330
     2.210     2.860     3.760     4.220     4.320     4.610     5.100     5.180
     4.420     3.190     2.160     1.670     1.660     1.920     2.280     2.490
     2.320     1.760     1.090      .580      .240     -.170     -.910    -2.020
    -3.250    -4.160    -4.420    -4.130    -3.760    -3.720    -3.930    -3.950
    -3.540    -2.960    -2.620    -2.530    -2.420    -2.240    -2.290    -2.610
    -2.710    -2.050     -.750      .530     1.350     1.820     2.090     1.990
     1.220     -.060    -1.280    -2.060    -2.530    -3.070    -3.800    -4.470
    -4.750    -4.530    -4.050    -3.730    -3.810    -4.230    -4.700    -5.100
    -5.550    -6.010    -6.120    -5.510    -4.440    -3.570    -3.200    -2.970
    -2.420    -1.580     -.840     -.380     -.270     -.610    -1.400    -2.180
    -2.340    -1.910    -1.430    -1.180     -.950     -.640     -.580     -.920
    -1.130     -.660      .230      .710      .400     -.370    -1.130    -1.670
    -1.850    -1.720    -1.760    -2.520    -3.840    -4.820    -4.910    -4.490
    -4.190    -4.000    -3.560    -2.980    -2.790    -3.100    -3.440    -3.490
    -3.430    -3.370    -2.830    -1.390      .450     1.430      .820     -.850
    -2.320    -2.640    -1.790     -.400      .710      .990      .500     -.070
     -.070      .370      .430     -.370    -1.510    -2.180    -2.300    -2.470
    -2.880    -2.850    -1.820     -.310      .660      .800      .630      .590
      .670      .970     1.940     3.490     4.490     3.860     2.020      .650
      .830     1.830     2.080     1.000     -.440     -.940     -.230      .780
      .970      .060    -1.090    -1.300     -.300      .890     1.100      .350
     -.240      .260     1.490     2.400     2.380     1.660      .770      .060
     -.230      .110      .900     1.500     1.320      .440     -.390     -.650
     -.550     -.570     -.860    -1.120    -1.110     -.900     -.650     -.440
     -.300     -.230     -.090      .220      .550      .600      .490      .700
     1.350     1.940     1.990     1.770     1.820     2.050     1.990     1.670
     1.570     1.780     1.830     1.540     1.430     1.760     1.980     1.530
      .840      .650      .910      .970      .690      .560      .580      .120
    -1.110    -2.350    -2.710    -2.140    -1.410    -1.100    -1.300    -1.790
    -2.160    -1.990    -1.220     -.280      .300      .470      .550      .730
      .970     1.160     1.300     1.370     1.370     1.410     1.580     1.780
     1.780     1.490      .930      .120     -.840    -1.660    -1.950    -1.640
     -.960     -.210      .430      .780      .770      .630      .760     1.160
     1.240      .610     -.300     -.660     -.140      .750     1.290     1.250
      .890      .440     -.020     -.440     -.680     -.690     -.600     -.460
     -.210      .240      .860     1.640     2.630     3.700     4.520     4.880
     5.010     5.160     5.220     4.880     4.340     4.230     4.710     5.120
     4.870     4.320     4.250     4.710     4.970     4.580     3.920     3.460
     3.080     2.410     1.700     1.530     2.020     2.540     2.520     2.020
     1.620     1.750     2.340     2.980     3.270     3.170     2.950     2.930
     3.210     3.770     4.530     5.210     5.390     4.830     3.850     3.080
     2.820     2.810     2.680     2.390     2.100     1.830     1.310      .320
     -.990    -2.150    -2.780    -2.900    -2.890    -3.040    -3.200    -2.990
    -2.280    -1.420     -.820     -.590     -.500     -.320     -.100     -.160
     -.680    -1.460    -1.950    -1.780    -1.230    -1.000    -1.460    -2.300
    -2.910    -3.110    -3.180    -3.390    -3.740    -4.110    -4.320    -4.240
    -3.840    -3.370    -3.200    -3.380    -3.550    -3.390    -3.120    -3.270
    -3.950    -4.650    -4.820    -4.500    -4.180    -4.210    -4.450    -4.660
    -4.810    -4.970    -5.040    -4.800    -4.320    -3.960    -3.990    -4.250
    -4.370    -4.280    -4.160    -4.140    -4.070    -3.900    -3.910    -4.440
    -5.410    -6.240    -6.470    -6.250    -6.110    -6.360    -6.720    -6.650
    -5.940    -4.880    -3.850    -3.000    -2.420    -2.410    -3.230    -4.640
    -5.890    -6.490    -6.620    -6.820    -7.230    -7.490    -7.280    -6.680
    -5.930    -5.130    -4.280    -3.560    -3.230    -3.320    -3.420    -3.110
    -2.360    -1.580    -1.160    -1.080     -.980     -.630     -.260     -.260
     -.650     -.970     -.830     -.270      .350      .810     1.150     1.420
     1.570     1.610     1.650     1.760     1.930     2.070     2.110     2.050
     2.020     2.310     3.070     4.060     4.810     5.110     5.210     5.370
     5.480     5.300     4.850     4.360     3.900     3.340     2.670     2.080
     1.770     1.630     1.400      .880      .170     -.340     -.290      .280
      .770      .680      .270      .390     1.450     2.870     3.740     3.760
     3.260     2.720     2.580     3.180     4.390     5.450     5.600     5.030
     4.660     4.920     5.220     4.920     4.310     4.190     4.700     5.160
     5.150     5.030     5.330     5.940     6.360     6.460     6.680     7.270
     7.920     8.120     7.850     7.540     7.480     7.520     7.430     7.280
     7.230     7.260     7.260     7.270     7.220     6.760     5.560     3.950
     2.790     2.460     2.470     2.230     1.860     1.820     1.980     1.890
     1.590     1.640     2.210     2.610     2.260     1.520     1.170     1.390
     1.770     2.130     2.760     3.620     4.020     3.300     1.770      .420
     -.080      .150      .620     1.020     1.220     1.000      .130    -1.180
    -2.230    -2.520    -2.370    -2.650    -3.750    -5.200    -6.180    -6.400
    -6.190    -5.890    -5.580    -5.230    -4.970    -4.920    -5.070    -5.370
    -5.690    -5.820    -5.670    -5.450    -5.610    -6.290    -7.100    -7.580
    -7.630    -7.530    -7.480    -7.550    -7.730    -7.940    -7.910    -7.440
    -6.840    -6.710    -7.270    -8.030    -8.340    -8.070    -7.620    -7.320
    -7.140    -6.950    -6.790    -6.800    -6.960    -7.010    -6.690    -6.000
    -5.200    -4.550    -4.060    -3.550    -2.970    -2.500    -2.340    -2.510
    -2.820    -3.090    -3.220    -3.190    -3.210    -3.580    -4.300    -4.890
    -4.870    -4.320    -3.750    -3.470    -3.260    -2.890    -2.440    -2.140
    -2.050    -2.070    -2.140    -2.130    -1.820    -1.180     -.530     -.160
      .070      .410      .740      .580     -.200    -1.170    -1.770    -1.860
    -1.640    -1.320    -1.070    -1.000    -1.000     -.770     -.220      .280
      .330      .080      .080      .530      .980      .960      .560      .340
      .620     1.250     1.920     2.540     3.190     3.830     4.300     4.630
     5.100     5.830     6.590     7.000     7.030     7.040     7.320     7.690
     7.790     7.580     7.380     7.390     7.470     7.360     7.070     6.830
     6.760     6.720     6.470     5.910     5.190     4.590     4.340     4.330
     4.220     3.900     3.640     3.760     4.180     4.550     4.710     4.770
     4.850     4.850     4.620     4.180     3.600     2.930     2.250     1.760
     1.540     1.420     1.230     1.110     1.300     1.680     1.840     1.650
     1.480     1.680     2.080     2.270     2.140     1.960     1.920     1.870
     1.580     1.080      .590      .260      .120      .180      .570     1.370
     2.450     3.410     3.820     3.700     3.570     3.930     4.650     5.090
     4.890     4.370     4.050     4.040     4.100     4.110     4.120     3.990
     3.450     2.590     1.990     2.040     2.350     2.130     1.140     -.090
     -.910    -1.160    -1.100    -1.030    -1.060    -1.130    -1.020     -.540
      .260     1.040     1.530     1.850     2.320     2.940     3.390     3.440
     3.240     3.030     2.870     2.720     2.620     2.590     2.420     1.880
     1.180      .810      .960     1.270     1.320     1.240     1.420     1.930
     2.410     2.690     2.960     3.330     3.430     2.920     2.000     1.220
      .860      .660      .340     -.060     -.290     -.270     -.110     -.040
     -.200     -.630    -1.140    -1.490    -1.660    -1.920    -2.420    -2.910
    -3.080    -3.010    -2.990    -3.090    -3.070    -2.900    -2.880    -3.220
    -3.630    -3.710    -3.460    -3.240    -3.170    -3.040    -2.720    -2.450
    -2.590    -3.100    -3.670    -4.090    -4.410    -4.720    -5.040    -5.440
    -6.000    -6.580    -6.900    -6.950    -6.980    -7.170    -7.230    -6.870
    -6.370    -6.300    -6.730    -7.110    -6.990    -6.640    -6.620    -6.980
    -7.270    -7.150    -6.680    -6.070    -5.610    -5.550    -5.930    -6.340
    -6.290    -5.870    -5.660    -5.840    -5.940    -5.550    -4.990    -4.750
    -4.750    -4.500    -3.910    -3.410    -3.300    -3.490    -3.740    -4.000
    -4.180    -4.030    -3.490    -2.840    -2.440    -2.370    -2.530    -2.790
    -3.100    -3.370    -3.650    -4.100    -4.670    -5.000    -4.800    -4.290
    -3.990    -3.990    -3.940    -3.540    -2.940    -2.540    -2.420    -2.330
    -1.940    -1.270     -.690     -.530     -.680     -.650     -.130      .560
      .790      .390     -.120     -.190      .210      .680      .920      .960
      .960     1.020     1.170     1.440     1.820     2.220     2.540     2.730
     2.870     3.170     3.670     4.120     4.190     3.960     3.870     4.180
     4.480     4.260     3.610     3.130     3.120     3.300     3.340     3.410
     3.750     4.150     4.250     4.090     4.080     4.380     4.700     4.790
     4.710     4.550     4.230     3.790     3.560     3.730     4.060     4.140
     4.030     4.050     4.210     4.170     3.780     3.410     3.420     3.620
     3.580     3.350     3.400     3.910     4.470     4.610     4.470     4.560
     4.990     5.340     5.250     5.000     5.020     5.300     5.400     5.210
     5.130     5.540     6.220     6.640     6.600     6.330     6.050     5.700
     5.150     4.490     3.890     3.440     3.110     2.900     2.760     2.670
     2.740     3.100     3.640     4.020     4.060     4.010     4.220     4.680
     5.100     5.270     5.230     5.130     5.040     4.890     4.490     3.610
     2.300     1.080      .530      .740     1.120     1.100      .610      .020
     -.330     -.360     -.200     -.040     -.140     -.550    -1.100    -1.570
    -1.950    -2.400    -3.020    -3.640    -3.930    -3.750    -3.330    -3.180
    -3.680    -4.690    -5.750    -6.450    -6.660    -6.260    -5.260    -4.210
    -4.060    -5.040    -6.090    -5.840    -4.220    -2.590    -2.180    -2.880
    -3.780    -4.230    -4.120    -3.460    -2.570    -2.120    -2.610    -3.620
    -4.240    -4.080    -3.650    -3.560    -3.830    -4.070    -4.040    -3.780
    -3.600    -3.840    -4.530    -5.210    -5.350    -5.050    -4.890    -5.100
    -5.310    -5.290    -5.370    -5.780    -5.910    -5.000    -3.400    -2.270
    -2.190    -2.510    -2.350    -1.700    -1.150     -.970     -.880     -.620
     -.370     -.470     -.920    -1.380    -1.540    -1.470    -1.430    -1.480
    -1.390     -.940     -.300      .100      .020     -.530    -1.410    -2.410
    -3.090    -3.020    -2.230    -1.330     -.950    -1.140    -1.550    -1.940
    -2.300    -2.550    -2.520    -2.180    -1.760    -1.520    -1.540    -1.660
    -1.710    -1.680    -1.750    -2.060    -2.420    -2.480    -2.190    -2.000
    -2.210    -2.450    -2.040     -.950      .070      .360      .010     -.400
     -.360      .230     1.030     1.370      .870      .050      .060     1.380
     2.990     3.530     2.750     1.600      .940      .870     1.250     2.090
     3.050     3.220     2.080      .480      .040     1.430     3.700     5.240
     5.190     3.910     2.540     2.090     2.810     3.910     4.290     3.590
     2.560     2.090     2.220     2.250     1.780     1.180     1.060     1.500
     2.000     2.090     1.720     1.330     1.480     2.390     3.580     4.150
     3.680     2.690     2.220     2.720     3.700     4.310     4.310     4.210
     4.580     5.360     5.950     5.950     5.580     5.370     5.500     5.570
     5.070     3.910     2.630     2.040     2.500     3.420     3.810     3.350
     2.750     2.810     3.450     4.130     4.600     4.690     3.820     1.820
     -.020      .010     1.800     3.540     4.360     5.260     6.650     7.070
     5.670     4.190     4.550     5.520     4.620     2.400     1.800     3.280
     3.960     2.410     1.130     2.340     4.140     3.550     1.170     -.140
      .070     -.130    -1.180    -1.440     -.690     -.710    -1.960    -2.490
    -1.530    -1.260    -3.290    -5.580    -5.260    -2.940    -1.600    -2.360
    -3.630    -4.000    -3.790    -3.620    -3.460    -3.450    -4.020    -4.930
    -5.220    -4.750    -4.330    -4.200    -3.720    -2.910    -2.870    -3.930
    -4.740    -4.170    -3.100    -3.040    -3.810    -3.960    -3.170    -2.660
    -3.160    -3.800    -3.470    -2.370    -1.590    -1.550    -1.870    -2.090
    -2.130    -1.980    -1.570    -1.180    -1.380    -2.260    -3.190    -3.530
    -3.380    -3.360    -3.730    -4.110    -4.210    -4.150    -4.110    -3.910
    -3.410    -2.910    -2.810    -2.990    -2.940    -2.510    -2.110    -2.010
    -1.980    -1.790    -1.590    -1.550    -1.450    -1.120     -.860     -.970
    -1.140     -.830     -.130      .260     -.040     -.650    -1.080    -1.440
    -2.170    -3.350    -4.420    -4.640    -3.740    -2.260    -1.270    -1.470
    -2.470    -3.310    -3.660    -3.950    -4.330    -4.190    -3.110    -1.750
    -1.050     -.930     -.520      .330      .790      .340     -.500    -1.000
    -1.190    -1.300    -1.050     -.110      .920      .930     -.170    -1.180
    -1.070     -.160      .460      .300     -.140     -.160      .460     1.450
     2.310     2.570     2.200     1.710     1.660     2.010     2.290     2.320
     2.390     2.800     3.370     3.810     4.050     4.240     4.320     4.110
     3.630     3.150     2.940     3.070     3.480     3.980     4.190     3.830
     3.110     2.640     2.770     3.210     3.410     3.250     3.010     2.980
     3.140     3.300     3.280     2.980     2.520     2.170     2.090     2.060
     1.780     1.380     1.220     1.390     1.520     1.390     1.230     1.230
     1.240     1.070      .900      .930      .910      .590      .380      .900
     1.930     2.540     2.360     2.050     2.350     3.080     3.660     3.890
     4.020     4.170     4.270     4.250     3.870     2.910     1.620      .830
     1.020     1.560     1.270     -.420    -2.860    -4.630    -4.180    -1.020
     3.240     5.550     3.970     -.340    -4.380    -6.060    -5.370    -3.490
    -1.970    -2.130    -3.860    -4.890    -3.030      .680     2.650     1.100
    -1.770    -2.990    -2.470    -2.080    -2.600    -3.430    -4.540    -6.290
    -7.860    -7.850    -6.630    -5.870    -5.400    -3.040     1.460     4.580
     3.060    -1.560    -4.690    -4.160    -1.940     -.880    -1.610    -3.000
    -3.840    -3.370    -1.590      .260      .460    -1.210    -3.100    -3.700
    -3.200    -2.620    -2.160    -1.570    -1.150    -1.420    -2.050    -2.220
    -1.970    -2.030    -2.440    -2.360    -1.540     -.810     -.660     -.450
      .370     1.010      .360    -1.320    -2.560    -2.470    -1.490     -.380
      .570     1.190     1.170      .570      .020     -.120     -.270     -.890
    -1.510    -1.230      .060     1.510     2.340     2.610     2.790     3.200
     3.840     4.510     4.880     4.640     3.930     3.410     3.680     4.620
     5.380     5.190     4.140     3.200     3.220     3.890     4.090     3.190
     1.760      .880      .940     1.630     2.570     3.340     3.250     1.780
     -.300    -1.130      .350     3.060     4.920     5.040     4.170     3.280
     2.460     1.480      .580      .260      .550     1.020     1.160      .710
     -.280    -1.260    -1.310     -.090     1.440     1.810      .710     -.660
     -.970     -.220      .610      .780      .500      .260      .180     -.060
     -.720    -1.580    -2.030    -1.570     -.400      .660      .930      .420
     -.490    -1.430    -1.920    -1.370      .170     1.350      .670    -1.530
    -2.830    -1.390     1.570     2.820      .720    -2.770    -4.250    -2.470
      .600     2.220     1.740      .750      .790     1.650     1.980     1.150
     -.100     -.670     -.190      .840     1.760     2.150     1.950     1.530
     1.510     2.020     2.230     1.260     -.490    -1.410     -.430     1.740
     3.420     3.760     3.180     2.380     1.700     1.280     1.200     1.180
      .630     -.430    -1.110     -.730      .180      .600      .530      .840
     1.820     2.520     2.130     1.020      .110     -.550    -1.410    -2.200
    -1.970     -.700      .220     -.500    -2.340    -3.540    -3.050    -1.400
      .100      .500     -.400    -2.040    -3.330    -3.540    -3.070    -3.040
    -3.840    -4.640    -4.620    -4.100    -3.950    -4.240    -4.400    -4.330
    -4.520    -5.000    -5.000    -3.950    -2.380    -1.380    -1.470    -2.360
    -3.550    -4.510    -4.690    -3.900    -2.770    -2.290    -2.810    -3.780
    -4.460    -4.610    -4.350    -3.820    -3.280    -3.180    -3.670    -4.320
    -4.420    -3.780    -2.770    -1.810    -1.120     -.900    -1.300    -2.060
    -2.630    -2.750    -2.850    -3.340    -3.800    -3.430    -2.180    -1.120
    -1.230    -2.290    -3.200    -3.240    -2.670    -2.120    -1.920    -2.040
    -2.350    -2.590    -2.450    -1.870    -1.170     -.790     -.750     -.850
    -1.010    -1.270    -1.510    -1.420     -.900     -.070      .850     1.690
     2.080     1.640      .490     -.600     -.870     -.230      .820     1.720
     2.250     2.520     2.850     3.480     4.200     4.530     4.240     3.770
     3.670     3.920     4.040     3.850     3.680     3.740     3.760     3.320
     2.540     1.970     1.890     1.940     1.630      .940      .360      .220
      .360      .460      .480      .550      .600      .550      .620     1.150
     2.020     2.640     2.720     2.590     2.550     2.410     2.160     2.530
     3.980     5.500     5.460     3.850     2.540     2.960     4.410     5.250
     5.060     4.690     4.770     5.010     5.090     5.070     4.920     4.400
     3.740     3.750     4.720     5.930     6.500     6.480     6.490     6.710
     6.700     6.220     5.600     5.280     5.320     5.450     5.350     4.830
     4.030     3.420     3.360     3.690     3.930     3.870     3.700     3.540
     3.160     2.480     1.840     1.660     1.840     1.970     1.920     1.930
     2.160     2.420     2.380     1.950     1.230      .340     -.640    -1.530
    -2.060    -1.990    -1.490    -1.060    -1.230    -2.050    -2.970    -3.380
    -3.150    -2.690    -2.340    -2.100    -1.830    -1.550    -1.420    -1.530
    -1.750    -1.790    -1.510    -1.110    -1.100    -1.830    -2.930    -3.580
    -3.360    -2.670    -2.100    -1.830    -1.840    -2.430    -3.810    -5.300
    -5.780    -5.000    -4.120    -4.330    -5.380    -6.070    -5.770    -4.950
    -4.220    -3.700    -3.350    -3.430    -3.980    -4.400    -4.090    -3.300
    -2.820    -2.930    -3.060    -2.600    -1.800    -1.440    -1.930    -2.880
    -3.580    -3.670    -3.440    -3.390    -3.610    -3.720    -3.370    -2.820
    -2.640    -3.040    -3.600    -3.770    -3.440    -2.800    -2.130    -1.640
    -1.500    -1.590    -1.580    -1.300     -.940     -.650     -.280      .260
      .630      .490      .230      .560     1.360     1.660      .900     -.300
    -1.030    -1.050     -.630      .180     1.350     2.360     2.500     1.890
     1.400     1.490     1.710     1.560     1.180     1.030     1.220     1.610
     2.140     2.670     2.810     2.310     1.460      .770      .420      .300
      .470     1.040     1.630     1.660     1.170      .850     1.010     1.060
      .380     -.780    -1.600    -1.650    -1.250     -.790     -.370      .000
      .180      .040     -.320     -.680     -.940    -1.150    -1.300    -1.310
    -1.150     -.850     -.560     -.490     -.790    -1.380    -1.890    -2.040
    -1.810    -1.490    -1.320    -1.290    -1.190     -.950     -.690     -.580
     -.650     -.840    -1.200    -1.820    -2.510    -2.870    -2.710    -2.360
    -2.320    -2.660    -3.020    -3.080    -2.920    -2.760    -2.630    -2.390
    -1.940    -1.360     -.860     -.570     -.480     -.430     -.350     -.420
     -.780    -1.210    -1.300     -.940     -.470     -.210     -.060      .240
      .640      .830      .650      .340      .210      .340      .620      .880
      .970      .800      .440      .120      .070      .360      .820     1.200
     1.360     1.360     1.410     1.660     1.970     2.120     2.090     2.050
     2.080     1.990     1.660     1.300     1.350     1.980     2.770     3.080
     2.650     1.840     1.270     1.250     1.590     1.810     1.510      .650
     -.370     -.960     -.760     -.040      .620      .890      .980     1.210
     1.580     1.870     1.980     1.980     1.840     1.560     1.340     1.500
     2.050     2.640     2.950     3.010     3.020     2.990     2.940     3.010
     3.380     3.850     4.050     3.800     3.340     2.990     2.840     2.800
     2.730     2.570     2.400     2.360     2.580     2.920     3.140     3.160
     3.060     2.920     2.680     2.330     2.040     1.930     1.910     1.850
     1.830     1.950     2.060     1.910     1.610     1.590     2.030     2.530
     2.610     2.320     2.040     1.920     1.750     1.410     1.210     1.410
     1.790     1.900     1.610     1.160      .710      .190     -.430     -.850
     -.820     -.470     -.190     -.180     -.280     -.220      .030      .290
      .380      .360      .410      .670     1.030     1.230     1.160     1.070
     1.190     1.430     1.460     1.180      .790      .480      .220     -.070
     -.340     -.590     -.960    -1.520    -1.990    -1.990    -1.640    -1.350
    -1.290    -1.180     -.890     -.710     -.960    -1.430    -1.700    -1.720
    -1.770    -1.850    -1.650    -1.100     -.570     -.410     -.450     -.370
     -.240     -.330     -.640     -.900    -1.070    -1.390    -1.910    -2.360
    -2.530    -2.550    -2.750    -3.120    -3.500    -3.810    -4.150    -4.490
    -4.660    -4.570    -4.410    -4.330    -4.250    -4.090    -4.040    -4.360
    -4.940    -5.270    -5.010    -4.390    -3.890    -3.710    -3.640    -3.420
    -3.080    -2.760    -2.570    -2.500    -2.540    -2.640    -2.700    -2.710
    -2.730    -2.820    -2.950    -3.090    -3.200    -3.210    -2.980    -2.500
    -2.070    -2.000    -2.280    -2.550    -2.530    -2.340    -2.340    -2.660
    -3.140    -3.450    -3.470    -3.290    -3.150    -3.200    -3.400    -3.610
    -3.760    -3.850    -3.760    -3.390    -2.850    -2.390    -2.100    -1.770
    -1.280     -.810     -.620     -.620     -.510     -.180      .180      .510
      .940     1.500     1.860     1.770     1.400     1.120     1.070     1.070
     1.010      .930      .820      .610      .370      .390      .770     1.210
     1.300     1.050      .820      .860     1.120     1.440     1.790     2.170
     2.520     2.810     3.140     3.530     3.780     3.750     3.630     3.750
     4.080     4.120     3.590     2.750     2.140     2.020     2.200     2.290
     2.060     1.530      .980      .800     1.120     1.640     1.960     2.060
     2.250     2.630     2.950     2.990     2.950     3.120     3.350     3.220
     2.670     2.170     2.140     2.340     2.210     1.570      .790      .260
     -.020     -.150     -.040      .480     1.120     1.270      .620     -.410
    -1.090    -1.130     -.780     -.400     -.100      .020     -.120     -.400
     -.390      .130      .790      .960      .600      .310      .550     1.080
     1.320     1.130      .830      .750      .880     1.000      .940      .700
      .440      .360      .480      .600      .600      .640      .890     1.120
      .960      .520      .330      .590      .840      .700      .470      .610
     1.000     1.040      .600      .140     -.010     -.120     -.430     -.670
     -.530     -.200     -.080     -.110      .040      .280      .170     -.270
     -.530     -.350     -.210     -.610    -1.340    -1.840    -1.940    -1.910
    -1.940    -1.970    -2.030    -2.210    -2.350    -2.160    -1.710    -1.410
    -1.370    -1.180     -.610     -.050     -.040     -.440     -.620     -.400
     -.170     -.250     -.400     -.250      .130      .440      .600      .790
     1.030     1.140      .980      .710      .580      .670      .860      .960
      .920      .860      .970     1.330     1.730     1.860     1.680     1.510
     1.680     2.090     2.350     2.310     2.200     2.290     2.440     2.400
     2.230     2.250     2.540     2.760     2.620     2.310     2.170     2.200
     2.050     1.570     1.060      .830      .870      .890      .720      .460
      .330      .420      .650      .810      .850      .880     1.040     1.290
     1.450     1.410     1.290     1.210     1.240     1.410     1.570     1.390
      .670     -.220     -.570     -.150      .420      .400     -.190     -.690
     -.660     -.280      .110      .300      .180     -.230     -.590     -.550
     -.190     -.080     -.420     -.760     -.610     -.180     -.040     -.330
     -.650     -.700     -.610     -.540     -.440     -.250     -.100     -.040
      .060      .170     -.020     -.600    -1.170    -1.290    -1.200    -1.490
    -2.240    -2.780    -2.600    -1.980    -1.660    -1.940    -2.500    -2.900
    -3.010    -2.910    -2.790    -2.860    -3.210    -3.610    -3.700    -3.450
    -3.260    -3.400    -3.660    -3.670    -3.420    -3.190    -3.110    -3.080
    -3.080    -3.100    -3.010    -2.630    -2.170    -2.040    -2.290    -2.440
    -2.140    -1.650    -1.390    -1.350    -1.250    -1.150    -1.330    -1.720
    -1.920    -1.710    -1.370    -1.150     -.940     -.560     -.170     -.050
     -.190     -.290     -.220     -.120     -.130     -.260     -.400     -.440
     -.330     -.140     -.020     -.030     -.030      .170      .490      .640
      .470      .170      .020      .060      .140      .200      .350      .670
      .950      .940      .590      .150     -.080     -.060      .030      .070
      .130      .220      .260      .240      .350      .720     1.140     1.260
     1.080      .870      .870      .990     1.130     1.370     1.710     1.990
     2.050     1.980     1.960     2.020     2.050     1.990     1.890     1.770
     1.610     1.470     1.400     1.340     1.230     1.200     1.430     1.840
     2.140     2.180     2.100     2.110     2.280     2.560     2.890     3.110
     3.110     2.950     2.830     2.840     2.840     2.750     2.690     2.670
     2.460     2.050     1.820     2.070     2.470     2.430     1.930     1.500
     1.430     1.390     1.080      .660      .450      .320      .000     -.480
     -.830     -.980    -1.040     -.990     -.740     -.430     -.370     -.580
     -.760     -.770     -.790     -.910     -.920     -.710     -.550     -.700
     -.990    -1.120    -1.150    -1.350    -1.700    -1.850    -1.660    -1.390
    -1.320    -1.360    -1.270    -1.020     -.810     -.800    -1.000    -1.250
    -1.310    -1.000     -.540     -.420     -.850    -1.420    -1.560    -1.180
     -.700     -.510     -.570     -.640     -.570     -.360     -.100      .040
     -.020     -.140     -.040      .310      .580      .510      .290      .330
      .690     1.000     1.010      .930     1.060     1.350     1.540     1.520
     1.430     1.410     1.370     1.190      .940      .820      .880      .950
      .910      .820      .790      .810      .770      .760      .920     1.280
     1.610     1.700     1.610     1.520     1.440     1.330     1.280     1.450
     1.710     1.700     1.330      .990     1.050     1.440     1.750     1.800
     1.690     1.510     1.210      .910      .880     1.170     1.510     1.590
     1.450     1.330     1.340     1.400     1.410     1.320     1.080      .720
      .400      .290      .370      .420      .320      .140      .010      .000
      .080      .130      .020     -.280     -.590     -.690     -.600     -.620
     -.910    -1.330    -1.590    -1.600    -1.430    -1.160     -.880     -.800
    -1.050    -1.430    -1.560    -1.370    -1.200    -1.340    -1.710    -2.080
    -2.390    -2.720    -2.970    -2.970    -2.810    -2.850    -3.240    -3.690
    -3.880    -3.910    -4.110    -4.560    -4.970    -5.040    -4.850    -4.660
    -4.600    -4.580    -4.520    -4.500    -4.600    -4.770    -4.870    -4.840
    -4.740    -4.610    -4.460    -4.290    -4.190    -4.150    -4.050    -3.760
    -3.300    -2.900    -2.740    -2.730    -2.630    -2.350    -2.030    -1.800
    -1.620    -1.370    -1.140    -1.100    -1.240    -1.300    -1.100     -.760
     -.540     -.470     -.380     -.170      .000     -.030     -.260     -.530
     -.640     -.510     -.240      .010      .150      .260      .360      .290
     -.080     -.530     -.650     -.370     -.030      .070      .040      .090
      .110     -.090     -.290     -.090      .500      .960      .960      .810
      .940     1.310     1.450     1.230      .970     1.000     1.230     1.380
     1.380     1.380     1.530     1.770     1.890     1.770     1.460     1.210
     1.190     1.280     1.260     1.060      .920      .980     1.070      .900
      .530      .300      .380      .510      .390      .040     -.260     -.340
     -.290     -.270     -.350     -.460     -.530     -.480     -.330     -.140
      .000      .080      .140      .160      .130      .110      .160      .310
      .500      .680      .860     1.020     1.140     1.280     1.570     2.020
     2.360     2.450     2.440     2.630     2.980     3.140     2.980     2.770
     2.830     3.180     3.520     3.650     3.520     3.210     2.890     2.770
     2.920     3.080     2.970     2.590     2.220     2.050     2.010     2.020
     2.080     2.200     2.290     2.240     2.140     2.130     2.170     2.170
     2.180     2.270     2.380     2.360     2.220     2.130     2.160     2.150
     1.940     1.580     1.280     1.160     1.130     1.070      .910      .730
      .650      .660      .620      .450      .200      .040      .030      .100
      .190      .330      .490      .570      .560      .610      .810     1.060
     1.130      .990      .790      .610      .450      .300      .190      .140
      .080      .000     -.070     -.130     -.250     -.390     -.450     -.420
     -.450     -.600     -.730     -.670     -.450     -.300     -.370     -.540
     -.600     -.480     -.280     -.140     -.170     -.310     -.450     -.530
     -.570     -.680     -.890    -1.160    -1.470    -1.820    -2.150    -2.280