.020      .070      .410      .930     1.160      .820      .270     -.090
     -.280     -.470     -.470     -.070      .470      .680      .550      .500
      .590      .410     -.220     -.810     -.700      .100      .960     1.250
      .850      .160     -.300     -.370     -.270     -.170      .120      .800
     1.460     1.450      .720     -.120     -.660    -1.060    -1.440    -1.420
     -.710      .270      .930     1.270     1.370      .680    -1.190    -3.260
    -3.880    -2.900    -1.930    -1.950    -1.810     -.160     2.040     2.580
     1.060     -.650    -1.290    -1.780    -3.190    -4.580    -4.280    -2.400
     -.680      .120      .880     2.090     2.650     1.590     -.150     -.940
     -.670     -.540     -.830     -.390     1.310     2.990     3.130     2.030
     1.280     1.470     1.580      .780     -.240     -.290      .500      .870
      .270     -.300      .230     1.370     1.600      .520     -.600     -.580
      .040     -.050     -.970    -1.390     -.400     1.270     2.210     1.990
     1.140      .130    -1.000    -2.030    -2.480    -2.100    -1.080      .390
     2.310     4.430     6.080     6.780     6.470     5.180     2.930      .170
    -2.180    -3.420    -3.510    -2.480     -.150     2.950     5.080     4.970
     3.500     2.620     2.640     2.080      .310    -1.250    -1.390    -1.090
    -1.990    -3.690    -4.350    -3.470    -2.350    -1.840    -1.260     -.040
     1.220     1.950     2.640     3.720     4.460     3.990     2.770     1.720
      .780     -.720    -2.460    -3.360    -3.270    -3.070    -2.940    -1.700
     1.470     5.580     8.690     9.460     7.540     3.190    -2.360    -6.950
    -8.790    -7.830    -5.310    -2.290      .810     3.500     5.010     5.070
     4.170     2.970     1.650      .270     -.980    -1.900    -2.440    -2.200
     -.530     2.480     5.270     5.900     3.880      .590    -2.230    -3.840
    -4.460    -4.480    -4.220    -3.700    -2.330      .860     5.520     9.140
     9.010     5.340     1.390     -.150      .330     1.060     1.950     4.480
     8.690    12.070    12.190     9.400     5.930     3.080      .300    -3.000
    -5.710    -5.920    -3.290      .090     1.810     1.440      .330     -.800
    -3.000    -7.160   -12.100   -15.550   -16.650   -16.050   -14.130   -10.500
    -5.760    -1.850      .330     2.030     4.290     5.530     3.580     -.500
    -2.740     -.780     3.680     7.630    10.480    13.540    17.000    19.000
    17.950    14.600    11.270     9.570     9.250     9.230     9.320    10.570
    13.820    17.860    19.870    17.920    12.990     7.770     3.910      .920
    -2.060    -4.520    -5.180    -3.990    -2.560    -2.460    -3.680    -5.120
    -6.320    -7.830   -10.040   -12.060   -12.550   -11.350    -9.880    -9.500
   -10.090   -10.690   -11.290   -12.960   -15.780   -17.660   -16.060   -10.910
    -4.660      .310     3.460     5.080     5.090     4.000     3.890     6.890
    12.590    18.200    21.470    22.150    20.850    17.940    14.330    11.970
    12.040    13.380    13.980    13.540    13.270    13.500    13.090    11.400
     9.300     7.810     6.780     5.610     4.220     2.820     1.360     -.160
    -1.420    -2.600    -4.670    -8.190   -12.360   -15.620   -16.840   -15.400
   -11.190    -5.720    -2.150    -2.420    -4.700    -5.450    -3.720    -1.870
    -1.900    -3.120    -4.170    -5.210    -6.340    -5.430     -.140     8.240
    15.470    19.390    21.940    25.080    26.910    24.220    17.950    13.300
    13.540    15.840    14.660     7.990    -1.150    -8.610   -12.510   -13.020
   -11.120    -9.050   -10.130   -16.000   -24.260   -30.220   -31.410   -29.260
   -26.560   -24.490   -22.380   -18.950   -13.340    -5.750     2.070     7.620
     9.680     9.000     7.020     4.970     4.600     7.650    13.210    16.990
    15.700    11.810    11.460    17.300    25.430    30.150    29.730    26.340
    22.200    18.090    14.540    12.270    10.620     7.580     2.240    -3.460
    -6.380    -5.420    -2.800    -2.040    -4.600    -8.600   -10.860   -10.230
    -8.760    -9.320   -12.540   -16.620   -19.610   -20.720   -19.470   -15.080
    -8.160    -1.790      .630    -1.100    -4.170    -6.450    -8.540   -10.910
   -10.980    -5.630     3.570    10.520    11.560     9.950    10.670    12.860
    11.370     5.300      .040     -.580      .180    -2.520    -7.650   -10.700
   -11.510   -14.060   -18.550   -19.550   -14.250    -7.650    -5.790    -7.410
    -7.140    -5.170    -7.690   -17.070   -27.150   -31.270   -31.480   -34.910
   -42.030   -43.760   -32.390   -12.400     3.670     9.440    10.720    15.880
    23.770    25.810    18.290     7.580     1.870     2.460     5.930    10.540
    15.660    17.370    11.110     -.820   -10.300   -13.910   -17.550   -27.320
   -40.150   -48.580   -51.810   -55.460   -61.210   -63.280   -57.280   -46.870
   -37.930   -30.430   -20.730    -9.360    -1.080     2.780     7.040    16.590
    30.670    45.090    56.750    63.880    64.440    57.630    46.190    33.990
    21.680     7.310    -9.130   -25.140   -40.510   -59.020   -82.620  -106.140
  -121.880  -129.320  -136.970  -153.020  -175.960  -195.810  -203.260  -196.190
  -178.570  -155.250  -128.330   -97.360   -62.300   -25.290    10.800    45.130
    78.200   108.380   131.190   143.630   147.830   148.150   145.650   137.900
   124.260   108.220    93.140    78.060    60.100    39.760    21.580     9.390
     3.150      .750     1.560     6.980    18.090    33.390    48.630    59.290
    64.220    66.810    71.350    77.900    82.150    80.870    75.700    69.640
    61.300    45.670    21.180    -7.040   -32.530   -54.700   -78.070  -105.490
  -134.750  -162.090  -186.400  -208.240  -226.180  -236.460  -236.820  -229.550
  -219.260  -207.070  -188.250  -158.280  -121.760   -91.650   -75.930   -67.320
   -51.940   -28.670   -12.890   -17.350   -34.640   -44.650   -36.450   -16.260
     3.830    16.840    20.600    15.060     4.130    -5.180    -9.190    -9.320
    -4.930    10.010    38.820    74.780   106.750   128.680   138.980   134.830
   114.550    83.560    50.570    17.800   -18.140   -54.930   -81.430   -89.120
   -81.140   -66.100   -46.590   -18.580    19.990    63.900   104.550   137.290
   164.440   191.710   221.580   251.450   279.490   309.390   344.510   377.890
   393.990   382.610   347.650   299.860   244.750   180.230   103.900    20.790
   -53.270   -95.740   -91.300   -45.890    16.620    75.460   126.220   170.980
   203.810   216.370   213.430   210.660   215.370   219.570   215.950   211.930
   221.040   244.670   269.260   279.880   272.590   254.390   234.580   216.130
   194.300   164.410   129.770    97.970    69.070    34.630    -7.500   -44.940
   -65.850   -78.240  -103.210  -148.360  -197.960  -233.500  -255.110  -276.370
  -305.340  -339.530  -375.100  -409.400  -435.000  -442.500  -434.050  -425.610
  -428.610  -434.610  -425.420  -394.980  -353.530  -311.900  -271.160  -229.730
  -192.230  -165.660  -150.590  -140.450  -127.150  -104.830   -71.710   -31.440
    10.260    53.360   103.410   159.340   206.620   231.010   236.780   241.610
   252.260   254.770   232.910   188.350   136.340    88.460    48.160    19.200
     6.990     9.290    13.530     7.550   -10.860   -36.880   -65.790   -93.190
  -112.540  -118.950  -114.760  -107.000   -99.010   -87.630   -69.470   -46.650
   -25.100    -9.280     -.470     1.850     -.350    -3.170    -1.950     6.060
    20.690    40.150    62.040    82.800    97.790   103.530   100.170    91.520
    82.490    75.800    69.990    60.650    45.210    27.100    13.590     8.650
     9.080     8.540     3.250    -7.930   -26.320   -52.320   -81.670  -106.660
  -122.340  -128.830  -126.940  -115.160   -93.460   -67.130   -43.400   -24.960
    -9.410     6.380    24.430    47.310    77.430   113.530   150.940   186.790
   222.640   260.450   298.320   331.790   357.140   370.680   367.310   344.260
   306.740   266.180   231.030   201.200   172.550   143.720   116.560    93.230
    76.030    67.660    67.640    69.810    67.880    62.180    56.760    50.440
    36.120     8.590   -31.870   -83.350  -143.260  -204.090  -255.340  -293.010
  -322.500  -349.290  -372.520  -390.240  -404.180  -414.730  -418.510  -416.410
  -417.500  -427.990  -442.230  -452.130  -458.620  -464.140  -460.200  -434.420
  -386.340  -324.310  -251.130  -166.750   -81.080    -5.290    69.220   160.720
   260.370   329.770   349.890   351.950   378.600   429.220   468.230   477.810
   474.030   472.850   469.370   458.000   447.620   442.600   428.060   390.830
   341.780   300.230   265.430   221.330   164.890   111.460    71.380    36.590
    -4.150   -47.950   -83.120  -105.930  -125.600  -154.770  -198.900  -253.880
  -311.020  -363.700  -409.110  -444.820  -467.290  -476.250  -478.030  -480.500
  -485.420  -488.560  -486.590  -480.640  -474.040  -468.640  -461.540  -443.830
  -406.210  -348.930  -281.470  -208.020  -120.070   -12.960    95.570   177.110
   222.990   250.090   273.790   290.470   294.770   300.170   326.510   372.900
   417.900   444.800   454.220   453.280   447.710   448.200   468.050   504.310
   531.340   525.030   488.370   442.800   399.310   350.080   287.080   215.780
   146.530    82.620    22.830   -30.480   -72.100   -99.360  -112.790  -114.970
  -112.890  -117.780  -136.610  -164.950  -192.430  -213.920  -231.050  -243.840
  -246.820  -235.500  -213.140  -187.980  -165.060  -142.790  -117.140   -87.870
   -60.040   -39.810   -29.320   -26.200   -27.950   -35.030   -48.490   -66.100
   -83.230   -97.390  -109.820  -122.380  -135.040  -147.310  -159.820  -173.030
  -185.740  -196.500  -205.680  -214.880  -224.870  -235.320  -245.150  -251.810
  -251.320  -241.320  -223.870  -203.520  -181.990  -156.010  -121.190   -77.240
   -29.290    15.210    50.930    76.910    94.990   105.790   106.900    96.530
    78.120    58.530    40.320    18.140   -14.250   -54.430   -91.960  -118.670
  -135.360  -147.410  -157.110  -162.790  -162.900  -156.780  -142.470  -118.700
   -90.280   -67.100   -54.520   -47.080   -34.740   -13.340    14.660    47.880
    88.930   138.540   190.910   237.590   274.190   301.410   322.030   338.800
   353.240   363.390   364.260   353.250   334.320   313.420   290.560   259.970
   218.620   170.910   123.890    81.080    42.830     9.570   -18.650   -43.910
   -68.340   -90.520  -106.580  -114.970  -117.460  -115.800  -110.010  -100.770
   -90.310   -79.550   -66.540   -49.960   -32.000   -15.890    -1.950    11.100
    22.120    28.150    28.730    26.250    21.530    12.500    -1.330   -16.320
   -28.860   -39.640   -50.650   -60.350   -65.530   -66.470   -65.720   -61.760
   -48.130   -20.170    21.160    72.000   126.370   172.160   194.080   188.940
   175.200   178.330   204.580   234.470   243.950   226.690   193.540   157.260
   124.980   101.750    91.740    93.350    98.650   100.530    97.340    89.330
    75.220    55.450    35.380    20.250     8.640    -4.650   -20.300   -33.700
   -42.480   -49.640   -57.460   -63.160   -63.620   -61.200   -61.140   -65.000
   -69.620   -71.120   -67.920   -61.690   -57.300   -59.460   -66.980   -74.200
   -81.150   -97.170  -128.880  -169.520  -207.800  -241.780  -272.300  -287.150
  -270.660  -232.390  -206.250  -208.290  -211.080  -177.850  -111.570   -48.860
   -10.980    13.580    36.310    46.420    35.350    21.790    30.870    59.450
    83.230    92.690   100.650   114.900   124.820   121.870   115.090   114.850
   113.880    98.380    70.500    45.610    30.370    17.110      .740   -11.570
   -12.530    -7.620    -8.570   -18.550   -30.270   -36.640   -37.410   -35.850
   -33.690   -30.910   -27.770   -25.300   -24.520   -25.820   -28.640   -31.790
   -34.580   -37.420   -40.810   -44.290   -47.330   -50.460   -54.190   -57.170
   -57.250   -54.450   -51.250   -49.180   -46.980   -42.900   -37.370   -32.110
   -27.870   -24.390   -21.950   -21.420   -22.730   -24.760   -26.590   -27.970
   -28.330   -26.610   -22.500   -16.510    -8.380     3.450    20.130    40.770
    63.170    85.390   105.460   120.660   128.620   129.300   124.720   116.790
   106.390    94.310    81.930    70.590    61.440    56.380    57.750    66.170
    79.000    91.990   102.070   108.070   109.370   105.240    95.530    81.080
    63.200    43.230    22.580     2.540   -16.260   -33.810   -49.820   -63.250
   -73.150   -79.750   -84.420   -88.630   -93.210   -98.300  -103.870  -109.980
  -116.840  -124.580  -133.200  -142.670  -152.470  -160.820  -165.220  -164.570
  -160.220  -153.880  -144.930  -131.520  -113.950   -94.670   -74.270   -50.200
   -21.410     7.810    31.470    48.720    64.010    80.430    95.630   105.950
   112.070   118.340   127.190   136.410   142.460   145.190   148.090   153.400
   158.070   156.250   146.060   132.010   119.010   105.990    88.640    67.190
    47.350    32.590    19.980     6.160    -6.670   -14.620   -19.260   -26.010
   -36.290   -46.180   -53.110   -59.300   -67.030   -74.460   -78.790   -80.670
   -82.420   -83.790   -82.320   -76.960   -68.900   -59.220   -48.270   -37.030
   -26.930   -17.840    -8.140     2.690    13.000    21.110    27.360    33.110
    38.750    43.640    47.590    51.340    55.840    61.760    69.700    80.260
    93.600   108.830   124.170   137.960   149.660   159.800   168.660   175.460
   179.000   179.030   176.200   170.880   162.800   151.930   139.130   125.730
   112.720   100.300    88.010    75.290    62.360    50.390    40.120    30.650
    20.230     8.450    -3.360   -14.060   -23.940   -33.510   -42.020   -48.360
   -53.030   -57.860   -63.820   -69.860   -74.210   -76.000   -75.670   -74.510
   -74.260   -76.210   -80.000   -83.840   -86.530   -88.820   -92.160   -96.500
  -100.350  -102.870  -104.750  -106.720  -108.210  -108.230  -106.780  -104.180
   -99.700   -92.100   -81.640   -70.320   -59.680   -49.300   -38.190   -26.890
   -16.920    -8.780    -1.390     6.300    14.200    21.860    29.120    35.670
    40.570    43.250    44.380    45.060    45.460    45.010    43.700    42.420
    42.040    42.670    44.090    46.150    48.660    51.030    52.610    53.300
    53.420    53.300    52.820    51.500    48.750    44.220    37.940    30.240
    21.430    11.730     1.700    -7.780   -16.220   -23.880   -31.090   -37.410
   -42.350   -46.890   -53.340   -63.010   -74.650   -85.900   -95.610  -103.690
  -109.350  -111.100  -108.830  -104.220   -98.080   -88.950   -75.690   -60.500
   -47.080   -35.940   -23.930    -9.100     5.790    16.130    20.860    23.310
    26.820    31.150    33.700    33.090    30.640    28.440    26.970    25.180
    22.650    20.820    21.620    25.100    29.450    33.130    36.260    39.480
    42.670    45.350    47.610    49.750    51.670    53.380    55.710    59.000
    61.690    61.510    58.090    52.980    46.940    38.830    28.130    16.760
     6.970    -1.820   -12.220   -25.340   -39.590   -52.870   -64.540   -74.630
   -82.700   -88.210   -91.260   -92.060   -90.110   -84.720   -76.130   -65.380
   -53.480   -41.160   -29.560   -20.260   -14.490   -12.500   -13.590   -16.510
   -20.030   -23.560   -27.510   -32.680   -39.100   -45.720   -51.160   -54.410
   -54.990   -52.860   -48.640   -43.300   -37.510   -31.360   -24.970   -19.010
   -14.100    -9.900    -5.360      .050     5.870    11.510    17.320    24.420
    33.530    44.090    54.570    63.660    71.140    77.520    82.780    85.730
    84.890    79.880    71.730    61.800    50.910    39.350    27.420    15.570
     4.270    -5.930   -14.230   -19.900   -22.570   -22.340   -19.380   -14.000
    -6.940      .680     7.920    14.460    20.360    25.710    30.410    34.140
    36.510    37.430    37.620    38.360    40.730    45.000    50.920    58.000
    65.420    71.950    76.460    78.360    77.190    72.220    63.340    51.940
    39.950    27.690    13.800    -1.700   -15.530   -23.710   -25.750   -24.820
   -23.600   -21.550   -17.220   -11.560    -7.430    -6.180    -6.760    -8.610
   -13.510   -23.760   -39.130   -56.690   -73.400   -87.740   -99.250  -107.420
  -111.520  -111.070  -106.180   -97.730   -87.320   -76.550   -66.080   -55.580
   -44.850   -34.770   -26.790   -21.770   -19.520   -19.450   -20.930   -23.220
   -25.350   -26.580   -26.700   -25.690   -23.220   -18.900   -12.860    -5.860
     1.210     7.800    13.410    17.500    19.680    19.980    18.730    16.210
    12.780     8.880     4.850      .750    -3.450    -7.500   -10.940   -13.580
   -15.500   -16.800   -17.570   -18.010   -18.410   -19.020   -19.900   -21.020
   -22.200   -23.250   -24.290   -25.740   -27.890   -30.450   -33.060   -35.870
   -39.080   -42.050   -43.540   -43.100   -41.450   -39.210   -36.130   -32.090
   -28.060   -25.070   -22.550   -19.040   -14.400   -10.060    -6.810    -3.400
     1.560     7.380    12.080    14.990    17.310    20.190    23.310    25.910
    28.030    30.200    32.390    34.100    35.360    36.940    39.620    43.600
    48.670    54.540    60.870    67.150    72.810    77.540    81.510    85.060
    88.080    89.670    89.010    86.260    82.280    77.290    70.480    61.250
    50.310    38.890    27.570    16.380     5.790    -3.490   -11.440   -18.680
   -25.450   -31.710   -38.470   -47.660   -59.790   -72.690   -83.610   -92.210
  -100.020  -107.570  -113.380  -116.130  -116.520  -116.180  -115.590  -114.010
  -110.940  -106.760  -102.020   -96.890   -91.540   -86.440   -82.030   -78.270
   -74.610   -70.290   -64.720   -57.620   -49.080   -39.400   -29.080   -18.850
    -9.550    -1.400     6.310    14.780    24.850    36.760    50.330    64.810
    78.560    89.780    97.670   102.730   105.730   106.680   105.250   101.760
    97.150    92.250    87.170    81.620    75.290    68.000    59.840    51.420
    43.740    37.590    33.040    29.520    26.590    24.240    22.760    22.210
    22.290    22.510    22.610    22.520    22.300    21.960    21.380    20.470
    19.150    17.310    14.890    12.180     9.890     8.740     8.950     9.980
    11.030    11.620    11.680    11.190     9.830     7.270     3.770      .230
    -2.600    -4.890    -7.490   -10.860   -14.620   -18.020   -20.850   -23.400
   -25.850   -27.930   -29.380   -30.280   -30.850   -31.160   -31.120   -30.740
   -30.170   -29.530   -29.000   -28.740   -28.630   -28.160   -26.830   -24.730
   -22.320   -19.760   -16.820   -13.450   -10.170    -7.660    -6.180    -5.580
    -5.630    -6.010    -6.290    -6.140    -5.590    -4.850    -3.850    -2.410
     -.830      .370     1.320     3.010     6.280    10.870    15.890    20.980
    26.310    31.510    35.430    37.230    37.380    36.880    35.980    34.020
    30.550    26.090    21.520    17.060    12.290     6.980     1.700    -2.600
    -5.330    -6.740    -7.500    -7.870    -7.460    -5.720    -2.790      .490
     3.270     5.190     6.150     5.870     4.160     1.400    -1.620    -4.440
    -7.320   -10.760   -14.960   -19.630   -24.300   -28.490   -31.980   -34.850
   -37.220   -38.900   -39.450   -38.700   -36.860   -34.120   -30.450   -26.000
   -21.310   -16.690   -11.900    -6.690    -1.580     2.580     5.660     8.280
    10.790    12.800    13.940    14.560    15.140    15.500    15.170    14.320
    13.680    13.600    13.630    13.220    12.340    11.370    10.540     9.700
     8.610     7.150     5.360     3.330     1.170    -1.170    -3.800    -6.730
    -9.620   -12.010   -13.680   -14.870   -15.920   -16.760   -16.980   -16.410
   -15.540   -15.060   -15.090   -15.370   -16.080   -17.890   -21.050   -24.850
   -28.460   -32.020   -36.240   -41.110   -45.560   -48.330   -48.960   -47.650
   -44.590   -39.950   -34.050   -27.450   -20.580   -13.630    -6.570      .550
     7.370    13.370    18.490    23.300    28.410    33.690    38.450    42.550
    46.570    50.720    54.170    56.110    57.030    58.350    60.670    63.170
    64.780    65.360    65.270    64.460    62.520    59.620    56.580    54.110
    52.210    50.450    48.650    46.920    45.360    43.900    42.470    41.180
    40.210    39.420    38.450    37.080    35.490    34.010    32.520    30.400
    27.300    23.750    20.690    18.570    17.060    15.800    14.920    14.790
    15.410    16.450    17.780    19.540    21.760    24.020    25.930    27.610
    29.470    31.670    34.030    36.420    38.940    41.670    44.390    46.880
    49.120    51.100    52.410    52.500    51.290    49.420    47.510    45.500
    42.890    39.430    35.550    31.800    28.390    25.210    22.250    19.590
    17.100    14.400    11.270     7.900     4.570     1.200    -2.560    -6.970
   -12.230   -18.570   -26.190   -34.870   -43.930   -52.790   -61.220   -68.980
   -75.360   -79.450   -80.780   -79.570   -76.210   -70.970   -64.070   -56.060
   -47.680   -39.770   -33.090   -28.240   -25.390   -24.180   -23.990   -24.280
   -24.670   -24.780   -24.270   -23.040   -21.150   -18.540   -15.080   -10.870
    -6.200    -1.270     3.970     9.380    14.380    18.320    21.040    22.730
    23.530    23.420    22.530    21.260    19.910    18.560    17.340    16.440
    15.900    15.540    15.350    15.460    15.680    15.250    13.550    10.800
     7.580     3.930     -.570    -5.920   -11.450   -16.740   -22.010   -27.510
   -32.830   -37.330   -40.860   -43.560   -45.390   -46.210   -46.310   -46.110
   -45.490   -43.930   -41.380   -38.330   -34.820   -30.180   -24.280   -18.480
   -14.580   -12.820   -11.770   -10.130    -8.110    -6.670    -6.140    -5.880
    -5.230    -4.090    -2.720    -1.110     1.070     4.060     7.710    11.440
    14.740    17.560    20.200    22.640    24.350    24.840    24.190    22.850
    20.990    18.460    15.250    11.760     8.480     5.650     3.360     1.700
      .680      .200      .090      .310      .830     1.510     2.170     2.600
     2.580     1.980      .910     -.350    -1.730    -3.400    -5.430    -7.620
    -9.880   -12.340   -14.910   -16.900   -17.640   -17.210   -16.370   -15.610
   -14.800   -13.780   -12.770   -12.060   -11.650   -11.450   -11.500   -11.730
   -11.830   -11.730   -11.820   -12.440   -13.310   -13.790   -13.770   -13.720
   -13.980   -14.250   -14.130   -13.550   -12.720   -11.750   -10.630    -9.350
    -7.880    -6.210    -4.350    -2.500     -.890      .260      .820      .830
      .680      .900     1.590     2.210     2.170     1.510      .640     -.370
    -1.900    -4.080    -6.540    -8.840   -11.030   -13.330   -15.650   -17.590
   -18.920   -19.780   -20.270   -20.320   -19.910   -19.300   -18.960   -19.330
   -20.630   -22.770   -25.410   -28.370   -31.680   -35.140   -37.970   -39.440
   -39.810   -40.040   -40.300   -39.610   -37.310   -34.360   -32.280   -31.090
   -29.510   -27.060   -24.890   -24.040   -23.850   -23.000   -21.420   -20.150
   -19.590   -18.920   -17.390   -15.250   -12.960   -10.360    -6.940    -2.690
     2.030     6.970    12.090    17.150    21.820    25.960    29.700    33.160
    36.310    38.980    40.880    41.640    41.200    39.970    38.540    37.250
    36.110    35.050    33.880    32.200    29.740    26.880    24.470    23.060
    22.560    22.510    22.490    22.060    20.920    19.150    17.220    15.360
    13.250    10.640     7.800     4.960     1.720    -2.510    -7.470   -12.180
   -16.110   -19.630   -23.180   -26.500   -29.090   -31.200   -33.430   -35.960
   -38.410   -40.660   -43.010   -45.430   -47.360   -48.420   -48.820   -48.780
   -47.950   -45.890   -42.730   -38.800   -33.940   -27.860   -21.100   -14.930
    -9.880    -5.240     -.270     4.570     8.130    10.120    11.300    12.170
    12.400    11.590    10.210     9.070     8.290     7.530     6.970     7.720
    10.690    15.630    21.350    26.850    31.770    35.920    38.670    39.340
    37.840    34.850    31.190    27.290    23.240    19.140    15.130    11.200
     7.360     3.910     1.400      .000     -.690    -1.160    -1.360    -1.090
     -.620     -.590    -1.230    -2.230    -3.290    -4.560    -6.120    -7.640
    -8.740    -9.610   -10.640   -11.760   -12.440   -12.460   -12.090   -11.390
    -9.910    -7.350    -4.150     -.990     1.940     4.900     7.720     9.760
    10.680    10.890    11.010    11.130    10.990    10.560    10.090     9.760
     9.500     9.350     9.570    10.290    11.180    11.820    12.220    12.830
    13.820    14.810    15.230    14.940    14.270    13.550    12.820    12.040
    11.380    11.000    10.840    10.710    10.470    10.120     9.620     8.960
     8.230     7.390     6.040     3.710      .490    -2.800    -5.490    -7.770
   -10.380   -13.560   -16.650   -18.900   -20.340   -21.590   -22.990   -24.220
   -24.710   -24.270   -23.060   -21.300   -19.250   -17.300   -15.810   -14.680
   -13.310   -11.130    -8.260    -5.310    -2.710     -.440     1.790     4.100
     6.470     8.780    10.880    12.800    14.800    17.160    19.920    22.930
    26.180    29.770    33.340    36.170    37.900    39.010    40.140    41.210
    41.600    41.220    40.570    39.830    38.500    36.260    33.710    31.640
    30.040    28.380    26.460    24.600    22.840    20.770    18.200    15.440
    12.890    10.640     8.660     7.010     5.470     3.470      .750    -2.090
    -4.260    -5.730    -7.030    -8.330    -9.110    -9.000    -8.330    -7.680
    -7.180    -6.600    -5.970    -5.600    -5.630    -5.840    -6.000    -6.280
    -7.060    -8.440   -10.130   -11.710   -13.110   -14.570   -16.260   -18.000
   -19.480   -20.550   -21.180   -21.240   -20.550   -19.160   -17.470   -15.850
   -14.330   -12.780   -11.190    -9.570    -7.850    -5.960    -4.010    -2.290
    -1.050     -.360     -.040      .300     1.110     2.490     4.100     5.580
     6.850     7.940     8.600     8.600     8.280     8.370     8.970     9.360
     8.920     8.000     7.420     7.460     7.790     8.170     8.750     9.610
    10.420    10.860    11.010    10.990    10.600     9.550     8.030     6.530
     5.310     4.200     3.070     2.140     1.660     1.540     1.420     1.080
      .740     1.000     2.430     5.110     8.480    11.760    14.620    17.200
    19.560    21.390    22.390    22.800    23.120    23.460    23.500    22.980
    21.990    20.720    19.140    17.190    14.990    12.720    10.290     7.600
     4.740     2.020     -.420    -2.690    -4.990    -7.490   -10.320   -13.470
   -16.690   -19.650   -22.180   -24.310   -26.090   -27.470   -28.600   -29.780
   -30.980   -31.640   -31.120   -29.250   -26.360   -22.840   -18.880   -14.730
   -10.860    -7.740    -5.500    -3.860    -2.480    -1.200     -.060      .870
     1.610     2.260     2.840     3.290     3.640     4.030     4.610     5.370
     6.320     7.620     9.320    11.100    12.320    12.730    12.590    12.250
    11.620    10.390     8.440     6.010     3.320      .510    -2.200    -4.500
    -6.270    -7.670    -8.830    -9.580    -9.660    -9.060    -8.030    -6.900
    -5.830    -4.900    -4.030    -3.030    -1.780     -.440      .650     1.440
     2.170     3.030     3.900     4.670     5.550     6.810     8.310     9.530
    10.240    10.770    11.490    12.320    12.830    12.800    12.390    11.780
    10.970     9.890     8.570     7.050     5.410     3.730     2.050      .190
    -1.960    -4.190    -6.220    -8.160   -10.580   -13.710   -17.180   -20.450
   -23.420   -26.270   -29.010   -31.580   -34.050   -36.360   -38.020   -38.620
   -38.370   -37.740   -36.660   -34.690   -32.100   -29.760   -27.990   -26.060
   -23.480   -20.910   -19.170   -17.860   -15.950   -13.450   -11.380   -10.150
    -8.950    -7.110    -5.150    -3.790    -2.700    -1.030     1.360     3.810
     6.060     8.630    11.900    15.630    19.370    22.960    26.260    28.900
    30.560    31.400    31.770    31.710    30.960    29.410    27.220    24.550
    21.430    18.020    14.770    12.220    10.600     9.680     9.020     8.420
     8.010     7.980     8.240     8.400     8.220     7.720     7.050     6.180
     5.060     3.800     2.630     1.650      .780     -.060     -.790    -1.250
    -1.300     -.970     -.560     -.480     -.920    -1.730    -2.720    -3.890
    -5.350    -7.040    -8.760   -10.450   -12.100   -13.490   -14.270   -14.390
   -14.180   -13.880   -13.370   -12.650   -12.090   -12.040   -12.270   -12.190
   -11.630   -10.940   -10.490   -10.320   -10.380   -10.730   -11.350   -11.940
   -12.180   -12.090   -11.930   -11.850   -11.780   -11.640   -11.450   -11.210
   -10.750    -9.770    -8.180    -6.360    -5.040    -4.720    -5.150    -5.680
    -6.010    -6.390    -7.090    -7.930    -8.680    -9.480   -10.510   -11.440
   -11.690   -11.190   -10.410    -9.640    -8.580    -7.060    -5.330    -3.680
    -1.880      .370     2.690     4.390     5.440     6.520     8.100     9.700
    10.620    10.820    10.910    11.400    12.240    13.200    14.230    15.440
    16.810    18.090    19.090    19.810    20.460    21.140    21.730    22.080
    22.290    22.630    23.060    23.200    22.780    22.020    21.300    20.550
    19.400    17.780    16.260    15.440    15.240    15.060    14.500    13.580
    12.490    11.180     9.570     7.810     6.130     4.510     2.600      .110
    -2.920    -6.250    -9.660   -12.970   -16.130   -19.230   -22.380   -25.400
   -27.840   -29.350   -30.120   -30.620   -31.060   -31.320   -31.320   -31.210
   -30.930   -29.940   -27.700   -24.280   -20.370   -16.630   -13.250   -10.190
    -7.510    -5.360    -3.790    -2.570    -1.350      .180     2.080     4.180
     6.340     8.670    11.440    14.660    17.940    20.850    23.220    25.080
    26.450    27.410    28.140    28.850    29.490    29.850    29.660    28.730
    27.020    24.860    23.000    21.890    21.160    20.010    18.210    16.340
    14.910    13.710    12.230    10.440     8.660     6.810     4.410     1.220
    -2.500    -6.410   -10.490   -14.680   -18.610   -21.950   -24.740   -27.180
   -29.140   -30.270   -30.700   -31.000   -31.400   -31.440   -30.500   -28.550
   -25.980   -22.970   -19.520   -15.850   -12.410    -9.370    -6.450    -3.480
     -.690     1.750     4.160     6.870     9.710    12.210    14.370    16.620
    19.080    21.410    23.480    25.770    28.620    31.500    33.580    34.600
    35.050    35.230    34.950    34.020    32.630    30.950    28.800    25.930
    22.520    18.980    15.470    11.820     7.940     3.960      .040    -3.730
    -7.320   -10.690   -13.840   -16.890   -19.970   -23.270   -27.040   -31.310
   -35.670   -39.600   -42.950   -46.070   -49.130   -51.770   -53.510   -54.220
   -54.120   -53.450   -52.370   -50.930   -49.060   -46.580   -43.500   -40.120
   -36.720   -33.160   -29.250   -25.220   -21.530   -18.150   -14.470   -10.130
    -5.620    -1.670     1.610     4.730     7.920    10.770    12.870    14.600
    16.630    19.100    21.370    22.900    23.980    25.350    27.270    29.330
    31.230    33.170    35.370    37.310    38.040    37.110    34.830    31.750
    28.200    24.400    20.460    16.250    11.530     6.580     2.390     -.320
    -1.860    -3.070    -4.100    -4.510    -4.280    -4.230    -5.110    -6.850
    -8.990   -11.500   -14.570   -18.010   -21.350   -24.440   -27.340   -29.820
   -31.300   -31.610   -31.330   -31.050   -30.670   -29.690   -28.000   -25.980
   -24.000   -22.020   -19.930   -17.720   -15.340   -12.630    -9.480    -6.020
    -2.410     1.430     5.640    10.010    14.050    17.450    20.370    23.080
    25.590    27.640    29.040    29.860    30.340    30.810    31.500    32.400
    33.260    33.880    34.420    35.180    36.130    36.800    36.710    35.730
    34.030    31.760    28.970    25.800    22.400    18.880    15.410    12.340
    10.030     8.440     7.130     5.730     4.420     3.530     3.060     2.600
     1.900     1.110      .420     -.310    -1.420    -2.970    -4.750    -6.550
    -8.300    -9.880   -11.110   -11.930   -12.450   -12.640   -12.250   -11.260
   -10.050    -9.000    -7.920    -6.280    -3.950    -1.470      .590     2.140
     3.340     4.180     4.570     4.600     4.480     4.130     3.410     2.500
     1.830     1.450      .990      .320     -.110      .020      .190     -.400
    -1.660    -2.670    -2.940    -3.070    -3.920    -5.340    -6.410    -6.840
    -7.400    -8.750   -10.490   -11.610   -11.850   -11.910   -12.370   -12.890
   -12.820   -12.180   -11.670   -11.650   -11.640   -10.980    -9.520    -7.650
    -5.730    -3.850    -2.020     -.350     1.010     1.980     2.480     2.530
     2.330     2.170     2.250     2.580     3.060     3.670     4.480     5.600
     7.050     8.750    10.530    12.270    13.980    15.690    17.340    18.850
    20.240    21.590    22.860    23.870    24.540    24.980    25.200    24.990
    24.250    23.350    22.870    22.970    23.130    22.750    21.790    20.700
    19.750    18.590    16.650    13.890    10.850     8.060     5.590     3.150
      .660    -1.630    -3.630    -5.530    -7.580    -9.750   -11.840   -13.890
   -16.150   -18.710   -21.440   -24.230   -27.060   -29.770   -32.010   -33.600
   -34.820   -36.070   -37.340   -38.250   -38.460   -37.980   -37.020   -35.810
   -34.560   -33.410   -32.240   -30.720   -28.670   -26.270   -23.790   -21.300
   -18.750   -16.120   -13.380   -10.420    -7.220    -4.030    -1.160     1.340
     3.700     5.940     7.870     9.380    10.690    12.040    13.440    14.870
    16.420    18.120    19.750    21.080    22.180    23.270    24.270    24.810
    24.780    24.450    24.090    23.570    22.640    21.360    20.070    19.030
    18.320    17.930    17.790    17.820    18.000    18.380    18.880    19.100
    18.630    17.450    15.820    13.880    11.510     8.660     5.670     2.940
      .530    -1.700    -3.670    -5.020    -5.500    -5.230    -4.490    -3.530
    -2.590    -1.970    -1.900    -2.320    -2.880    -3.380    -3.880    -4.510
    -5.190    -5.700    -5.920    -5.950    -5.900    -5.690    -5.210    -4.450
    -3.540    -2.610    -1.730     -.990     -.460     -.130      .060      .160
      .150     -.120     -.780    -1.800    -2.950    -3.920    -4.590    -5.040
    -5.370    -5.580    -5.670    -5.740    -5.980    -6.410    -6.890    -7.320
    -7.680    -8.110    -8.770    -9.740   -10.870   -11.810   -12.390   -12.760
   -13.240   -13.850   -14.290   -14.330   -14.050   -13.640   -13.160   -12.630
   -12.240   -12.210   -12.540   -13.060   -13.610   -14.130   -14.600   -15.070
   -15.700   -16.670   -17.810   -18.750   -19.310   -19.690   -20.100   -20.510
   -20.690   -20.480   -19.800   -18.580   -16.890   -14.970   -12.980   -10.840
    -8.420    -5.830    -3.390    -1.160     1.150     3.780     6.580     9.200
    11.500    13.560    15.550    17.520    19.410    21.180    22.720    23.930
    24.760    25.320    25.790    26.370    27.120    27.940    28.550    28.680
    28.170    27.110    25.650    23.840    21.690    19.200    16.420    13.340
     9.880     6.050     2.050    -1.850    -5.520    -9.040   -12.510   -15.860
   -18.930   -21.630   -24.090   -26.440   -28.630   -30.460   -31.880   -33.060
   -34.180   -35.080   -35.470   -35.210   -34.450   -33.270   -31.550   -29.180
   -26.350   -23.370   -20.350   -17.240   -14.050   -10.870    -7.690    -4.420
    -1.170     1.740     4.150     6.260     8.380    10.590    12.780    14.880
    16.910    18.940    21.050    23.260    25.480    27.530    29.320    30.890
    32.200    33.070    33.330    33.120    32.570    31.500    29.640    27.120
    24.430    21.880    19.370    16.820    14.360    12.190    10.230     8.370
     6.650     5.130     3.600     1.820     -.150    -2.050    -3.920    -6.020
    -8.410   -10.720   -12.590   -14.060   -15.310   -16.380   -17.180   -17.720
   -18.140   -18.480   -18.690   -18.780   -18.700   -18.210   -17.010   -15.220
   -13.320   -11.600    -9.840    -7.770    -5.580    -3.700    -2.150     -.420
     1.700     3.750     5.210     6.260     7.580     9.430    11.360    12.890
    14.070    15.230    16.460    17.680    18.870    20.070    21.150    21.910
    22.290    22.230    21.560    20.230    18.530    16.860    15.150    12.950
    10.170     7.290     4.860     2.940     1.360      .210     -.360     -.550
     -.850    -1.510    -2.370    -3.240    -4.140    -5.130    -6.120    -7.100
    -8.170    -9.350   -10.510   -11.550   -12.560   -13.590   -14.420   -14.840
   -14.950   -15.020   -15.060   -14.820   -14.160   -13.240   -12.290   -11.340
   -10.300    -9.200    -8.100    -7.040    -5.980    -4.900    -3.830    -2.720
    -1.490     -.070     1.550     3.280     4.950     6.420     7.710     8.960
    10.230    11.380    12.300    13.050    13.790    14.500    15.080    15.410
    15.410    14.920    13.840    12.330    10.730     9.240     7.700     5.950
     4.060     2.260      .600    -1.070    -2.870    -4.750    -6.570    -8.320
    -9.940   -11.260   -12.160   -12.790   -13.400   -14.000   -14.290   -14.150
   -13.890   -13.790   -13.590   -12.890   -11.790   -10.910   -10.510   -10.160
    -9.390    -8.400    -7.710    -7.240    -6.390    -5.000    -3.650    -2.870
    -2.450    -1.730     -.540      .710     1.640     2.370     3.240     4.360
     5.540     6.600     7.530     8.370     9.140     9.790    10.250    10.520
    10.660    10.700    10.540     9.980     8.910     7.490     6.000     4.680
     3.560     2.420      .930    -1.040    -3.210    -5.120    -6.540    -7.670
    -8.840   -10.130   -11.370   -12.390   -13.150   -13.640   -13.850   -13.920
   -14.130   -14.530   -14.800   -14.570   -13.890   -13.100   -12.360   -11.490
   -10.340    -9.080    -7.940    -6.860    -5.640    -4.300    -3.030    -1.840
     -.570      .690     1.680     2.400     3.260     4.560     6.030     7.330
     8.560    10.060    11.720    13.010    13.750    14.300    14.870    15.110
    14.570    13.420    12.210    11.150     9.990     8.540     6.940     5.380
     3.890     2.460     1.300      .510     -.130     -.910    -1.790    -2.480
    -2.920    -3.460    -4.410    -5.630    -6.750    -7.680    -8.660    -9.880
   -11.220   -12.430   -13.450   -14.350   -15.190   -15.920   -16.540   -17.030
   -17.240   -17.010   -16.380   -15.620   -14.950   -14.450   -14.070   -13.680
   -13.120   -12.260   -11.180   -10.100    -9.130    -8.160    -7.160    -6.330
    -5.930    -5.850    -5.730    -5.320    -4.660    -3.920    -3.150    -2.300
    -1.310     -.050     1.480     3.090     4.560     5.850     7.150     8.520
     9.740    10.560    11.020    11.420    11.960    12.620    13.240    13.750
    14.280    14.960    15.730    16.240    16.110    15.380    14.410    13.420
    12.230    10.620     8.680     6.710     4.830     2.930     1.070     -.480
    -1.500    -2.080    -2.400    -2.540    -2.420    -1.980    -1.220     -.110
     1.240     2.630     3.880     5.070     6.370     7.850     9.330    10.630
    11.770    12.940    14.330    15.920    17.570    19.160    20.690    22.250
    23.810    25.140    26.030    26.550    26.960    27.470    27.990    28.330
    28.450    28.490    28.520    28.450    28.050    27.260    26.180    24.970
    23.640    22.180    20.560    18.870    17.150    15.490    13.920    12.400
    10.920     9.450     8.110     6.950     5.910     4.810     3.510     2.070
      .630     -.750    -2.070    -3.360    -4.700    -6.120    -7.630    -9.120
   -10.410   -11.360   -11.950   -12.260   -12.370   -12.400   -12.460   -12.640
   -12.920   -13.140   -13.090   -12.710   -12.080   -11.360   -10.680   -10.010
    -9.150    -7.920    -6.370    -4.780    -3.450    -2.490    -1.790    -1.250
     -.820     -.540     -.460     -.540     -.720     -.820     -.710     -.420
     -.160     -.130     -.390     -.830    -1.340    -1.920    -2.630    -3.530
    -4.540    -5.550    -6.400    -7.060    -7.590    -8.050    -8.350    -8.340
    -7.980    -7.420    -6.830    -6.210    -5.510    -4.810    -4.240    -3.790
    -3.290    -2.730    -2.300    -2.100    -2.010    -1.800    -1.500    -1.310
    -1.210    -1.040     -.790     -.690     -.800     -.840     -.570     -.160
      .050      .000     -.100     -.220     -.560    -1.200    -1.790    -2.000
    -1.940    -1.960    -2.170    -2.400    -2.580    -2.900    -3.570    -4.540
    -5.520    -6.360    -7.100    -7.900    -8.760    -9.450    -9.860   -10.160
   -10.650   -11.380   -11.980   -12.060   -11.720   -11.360   -11.270   -11.360
   -11.450   -11.500   -11.580   -11.760   -12.120   -12.710   -13.400   -13.930
   -14.200   -14.330   -14.390   -14.200   -13.630   -12.900   -12.350   -11.990
   -11.490   -10.700    -9.910    -9.370    -9.010    -8.620    -8.150    -7.840
    -7.850    -8.110    -8.450    -8.580    -8.220    -7.300    -6.070    -4.840
    -3.610    -2.260     -.920     -.050      .130     -.020      .060      .540
     1.090     1.400     1.490     1.580     1.740     1.850     1.880     1.970
     2.290     2.890     3.570     4.040     4.090     3.770     3.300     2.840
     2.480     2.290     2.320     2.520     2.730     2.850     2.960     3.190
     3.510     3.880     4.490     5.610     7.130     8.550     9.530    10.280
    11.180    12.130    12.620    12.390    11.650    10.690     9.470     7.910
     6.150     4.440     2.830     1.220     -.320    -1.520    -2.290    -2.750
    -3.000    -2.910    -2.310    -1.360     -.440      .070     -.040     -.710
    -1.770    -2.940    -4.110    -5.430    -7.120    -9.220   -11.370   -13.080
   -14.130   -14.760   -15.290   -15.740   -15.820   -15.340   -14.470   -13.490
   -12.500   -11.420   -10.270    -9.160    -8.160    -7.160    -6.050    -4.780
    -3.310    -1.590      .290     2.070     3.670     5.170     6.610     7.790
     8.580     9.140     9.680    10.060     9.950     9.330     8.540     7.800
     7.020     6.160     5.370     4.900     4.730     4.800     5.060     5.510
     6.040     6.710     7.710     8.940     9.820     9.900     9.470     9.300
     9.610     9.800     9.300     8.350     7.530     6.870     5.950     4.640
     3.390     2.650     2.300     2.000     1.770     1.900     2.470     3.170
     3.710     4.140     4.690     5.430     6.230     6.920     7.370     7.500
     7.290     6.860     6.290     5.620     4.940     4.440     4.170     3.880
     3.360     2.820     2.630     2.880     3.210     3.400     3.570     3.860
     4.100     4.030     3.740     3.550     3.460     3.180     2.520     1.620
      .730     -.060     -.740    -1.170    -1.250    -1.130    -1.110    -1.420
    -2.020    -2.740    -3.530    -4.470    -5.540    -6.490    -7.100    -7.550
    -8.310    -9.540   -10.810   -11.660   -12.260   -13.030   -13.860   -14.170
   -13.900   -13.750   -14.180   -14.690   -14.650   -14.240   -14.000   -13.650
   -12.320    -9.920    -7.580    -6.150    -5.220    -3.910    -2.230     -.930
     -.310      .130      .930     2.070     3.260     4.410     5.610     6.970
     8.580    10.400    12.220    13.810    15.390    17.390    19.780    21.910
    23.300    24.350    25.790    27.680    29.320    30.220    30.570    30.710
    30.560    29.820    28.560    27.110    25.600    23.820    21.740    19.730
    18.220    17.250    16.480    15.510    14.150    12.480    10.670     8.790
     6.700     4.070      .650    -3.510    -7.990   -12.140   -15.370   -17.410
   -18.550   -19.540   -21.040   -23.210   -25.690   -27.960   -29.680   -30.650
   -30.710   -29.980   -29.010   -28.480   -28.540   -28.650   -28.070   -26.490
   -24.140   -21.400   -18.570   -15.890   -13.430   -11.040    -8.460    -5.680
    -2.930     -.370     2.050     4.320     6.220     7.500     8.310     9.030
     9.890    10.850    11.850    12.860    13.810    14.590    15.370    16.530
    18.140    19.670    20.430    20.270    19.510    18.430    16.890    14.780
    12.320     9.930     7.710     5.420     2.850      .090    -2.430    -4.300
    -5.450    -6.300    -7.420    -8.940   -10.460   -11.510   -12.160   -12.830
   -13.720   -14.640   -15.300   -15.700   -15.980   -16.180   -16.320   -16.440
   -16.590   -16.680   -16.550   -16.170   -15.680   -15.140   -14.460   -13.440
   -12.070   -10.650    -9.550    -8.710    -7.600    -5.810    -3.710    -2.130
    -1.340     -.710      .490     2.090     3.430     4.260     5.020     6.060
     7.340     8.750    10.400    12.270    13.990    15.200    15.950    16.420
    16.610    16.480    16.200    15.970    15.640    14.950    14.020    13.210
    12.590    11.870    10.930    10.010     9.290     8.580     7.590     6.280
     4.880     3.660     2.870     2.590     2.550     2.330     1.790     1.130
      .400     -.710    -2.330    -4.060    -5.530    -6.910    -8.490   -10.020
   -11.050   -11.700   -12.570   -13.650   -14.240   -14.020   -13.690   -13.950
   -14.420   -14.130   -12.980   -11.850   -11.330   -11.000   -10.300    -9.450
    -9.050    -9.040    -8.760    -7.910    -7.060    -6.800    -6.840    -6.240
    -4.540    -2.250     -.190     1.400     2.800     4.200     5.580     6.990
     8.730    10.850    12.910    14.420    15.500    16.620    17.860    18.750
    18.880    18.530    18.270    18.220    17.940    16.970    15.300    13.180
    10.750     8.040     5.170     2.310     -.430    -3.010    -5.290    -6.950
    -7.750    -7.800    -7.520    -7.280    -7.220    -7.360    -7.710    -8.300
    -9.010    -9.600    -9.980   -10.280   -10.740   -11.400   -12.090   -12.630
   -13.010   -13.340   -13.760   -14.380   -15.210   -16.220   -17.320   -18.350
   -18.970   -18.770   -17.640   -15.920   -14.160   -12.560   -11.040    -9.600
    -8.510    -7.820    -7.160    -6.100    -4.820    -3.950    -3.820    -4.240
    -4.870    -5.630    -6.510    -7.280    -7.620    -7.480    -6.890    -5.800
    -4.160    -2.190     -.250     1.500     3.060     4.240     4.720     4.430
     3.810     3.360     3.310     3.680     4.510     5.770     7.190     8.530
     9.750    10.880    11.660    11.640    10.590     8.670     6.230     3.640
     1.270     -.590    -1.940    -2.900    -3.460    -3.350    -2.430     -.980
      .430     1.400     1.910     2.160     2.390     2.700     3.050     3.240
     3.130     2.760     2.350     1.990     1.710     1.530     1.560     1.820
     2.170     2.400     2.460     2.410     2.280     2.050     1.740     1.420
     1.160      .990      .950     1.150     1.660     2.380     3.050     3.580
     4.090     4.760     5.620     6.500     7.210     7.630     7.560     6.800
     5.220     3.020      .680    -1.270    -2.530    -3.190    -3.520    -3.830
    -4.220    -4.660    -5.070    -5.400    -5.590    -5.590    -5.470    -5.370
    -5.370    -5.470    -5.560    -5.620    -5.630    -5.530    -5.170    -4.480
    -3.550    -2.650    -1.930    -1.340     -.780     -.350     -.270     -.630
    -1.190    -1.540    -1.420     -.770      .440     2.190     4.190     5.990
     7.370     8.690    10.590    13.220    16.130    18.710    20.710    22.210
    23.300    23.980    24.310    24.460    24.400    23.960    23.050    21.960
    21.050    20.270    19.270    17.900    16.410    15.170    14.170    13.170
    11.990    10.670     9.220     7.550     5.640     3.660     1.820      .250
    -1.060    -2.130    -3.080    -4.000    -4.860    -5.600    -6.250    -6.970
    -7.840    -8.800    -9.860   -11.210   -12.830   -14.340   -15.330   -15.730
   -15.670   -15.140   -14.000   -12.290   -10.410    -8.670    -7.160    -5.770
    -4.480    -3.260    -2.110     -.990      .100     1.210     2.340     3.350
     4.160     4.930     5.820     6.560     6.670     6.010     5.040     4.080
     2.980     1.550      .210     -.510     -.820    -1.450    -2.620    -3.660
    -3.950    -3.850    -4.150    -4.980    -5.720    -5.780    -5.310    -4.830
    -4.620    -4.460    -4.110    -3.610    -3.280    -3.200    -3.050    -2.350
    -1.050      .370     1.440     2.190     3.010     4.130     5.350     6.420
     7.360     8.350     9.470    10.620    11.700    12.780    14.020    15.390
    16.630    17.500    18.060    18.590    19.170    19.470    19.190    18.560
    18.110    18.080    18.120    17.760    16.870    15.650    14.300    12.820
    11.190     9.340     7.270     5.140     3.230     1.770      .760      .080
     -.380     -.700    -1.090    -1.730    -2.580    -3.460    -4.300    -5.240
    -6.410    -7.690    -8.920   -10.040   -11.110   -12.130   -13.010   -13.600
   -13.810   -13.770   -13.900   -14.590   -15.700   -16.690   -17.310   -17.940
   -18.850   -19.640   -19.600   -18.750   -17.870   -17.460   -17.200   -16.580
   -15.670   -14.900   -14.360   -13.760   -13.030   -12.500   -12.390   -12.510
   -12.480   -12.170   -11.750   -11.400   -11.160   -10.870   -10.350    -9.550
    -8.600    -7.550    -6.230    -4.450    -2.450     -.850      .020      .410
      .770     1.150     1.360     1.360     1.440     1.810     2.380     2.940
     3.400     3.740     3.890     3.860     3.750     3.730     3.800     3.820
     3.680     3.450     3.290     3.220     3.180     3.180     3.450     4.170
     5.110     5.810     6.190     6.620     7.390     8.190     8.480     8.320
     8.370     8.980     9.720     9.950     9.690     9.450     9.520     9.630
     9.490     9.220     9.190     9.560    10.150    10.750    11.340    12.030
    12.900    13.830    14.590    15.050    15.290    15.430    15.450    15.180
    14.590    13.810    12.960    12.050    11.030     9.940     8.770     7.400
     5.740     3.970     2.370     1.020     -.330    -1.900    -3.700    -5.640
    -7.730    -9.990   -12.290   -14.480   -16.560   -18.630   -20.560   -22.060
   -23.090   -23.930   -24.770   -25.350   -25.300   -24.730   -24.030   -23.490
   -23.060   -22.740   -22.650   -22.700   -22.440   -21.650   -20.640   -19.910
   -19.410   -18.620   -17.270   -15.670   -14.280   -13.140   -12.000   -10.610
    -8.890    -6.810    -4.460    -2.030      .300     2.500     4.600     6.430
     7.830     8.820     9.620    10.400    11.080    11.620    12.040    12.380
    12.640    12.860    13.140    13.510    13.870    14.110    14.180    13.980
    13.360    12.320    11.130    10.040     8.970     7.700     6.310     5.130
     4.360     3.830     3.340     2.870     2.410     1.860     1.120      .330
     -.410    -1.200    -2.280    -3.670    -5.180    -6.680    -8.190    -9.660
   -10.910   -11.820   -12.440   -12.770   -12.740   -12.410   -11.960   -11.500
   -10.890   -10.000    -8.830    -7.510    -6.100    -4.640    -3.330    -2.320
    -1.520     -.730      .120      .850     1.380     1.890     2.590     3.420
     4.230     5.040     6.030     7.310     8.680     9.810    10.560    11.010
    11.250    11.280    11.140    11.030    11.200    11.670    12.170    12.380
    12.100    11.300     9.990     8.310     6.490     4.770     3.210     1.740
      .380     -.780    -1.750    -2.710    -3.710    -4.590    -5.200    -5.600
    -6.000    -6.510    -7.120    -7.850    -8.670    -9.450    -9.940   -10.060
   -10.000   -10.030   -10.300   -10.790   -11.390   -11.910   -12.190   -12.170
   -11.960   -11.720   -11.480   -11.190   -10.840   -10.540   -10.240    -9.750
    -8.920    -7.810    -6.690    -5.680    -4.670    -3.570    -2.470    -1.530
     -.770      .000      .870     1.730     2.350     2.580     2.390     1.890
     1.340     1.040     1.100     1.370     1.640     1.890     2.280     2.870
     3.530     4.160     4.810     5.650     6.660     7.660     8.480     9.170
     9.840    10.500    10.980    11.200    11.270    11.270    11.130    10.690
     9.940     9.030     8.090     7.100     6.010     4.870     3.760     2.670
     1.570      .550     -.240     -.800    -1.300    -1.830    -2.290    -2.480
    -2.430    -2.280    -2.200    -2.180    -2.110    -1.970    -1.860    -1.920
    -2.250    -2.790    -3.340    -3.730    -3.960    -4.160    -4.390    -4.550
    -4.580    -4.540    -4.590    -4.660    -4.560    -4.120    -3.450    -2.740
    -2.110    -1.530    -1.000     -.540     -.100      .420     1.020     1.580
     2.010     2.450     3.080     3.900     4.670     5.170     5.380     5.370
     5.120     4.530     3.600     2.460     1.300      .240     -.650    -1.310
    -1.710    -1.860    -1.780    -1.580    -1.370    -1.190     -.990     -.740
     -.580     -.720    -1.210    -1.880    -2.580    -3.290    -4.040    -4.760
    -5.350    -5.950    -6.790    -7.870    -8.880    -9.550    -9.980   -10.390
   -10.700   -10.680   -10.340   -10.010    -9.940    -9.920    -9.560    -8.880
    -8.200    -7.720    -7.280    -6.650    -5.840    -4.940    -3.920    -2.640
    -1.150      .300     1.590     2.810     4.070     5.380     6.670     7.910
     9.150    10.340    11.370    12.190    12.870    13.570    14.260    14.820
    15.150    15.290    15.320    15.280    15.130    14.910    14.680    14.480
    14.210    13.760    13.140    12.480    11.840    11.200    10.480     9.620
     8.640     7.510     6.240     4.880     3.520     2.280     1.220      .330
     -.530    -1.460    -2.360    -3.050    -3.500    -3.820    -4.100    -4.280
    -4.340    -4.460    -4.790    -5.250    -5.610    -5.780    -5.820    -5.830
    -5.800    -5.680    -5.510    -5.300    -5.010    -4.620    -4.160    -3.650
    -3.020    -2.290    -1.550     -.950     -.470      .030      .630     1.260
     1.840     2.400     3.070     3.880     4.820     5.790     6.740     7.630
     8.400     9.040     9.570    10.010    10.350    10.580    10.780    11.020
    11.300    11.550    11.800    12.150    12.620    13.050    13.280    13.310
    13.130    12.640    11.770    10.670     9.590     8.590     7.540     6.410
     5.410     4.650     4.010     3.280     2.520     1.870     1.330      .750
      .090     -.580    -1.260    -2.070    -3.030    -4.000    -4.940    -5.930
    -6.990    -7.890    -8.390    -8.510    -8.430    -8.230    -7.840    -7.280
    -6.770    -6.430    -6.100    -5.540    -4.780    -4.100    -3.650    -3.320
    -2.870    -2.240    -1.540     -.860     -.160      .560     1.270     1.930
     2.570     3.210     3.830     4.480     5.240     6.130     7.020     7.740
     8.230     8.470     8.450     8.120     7.550     6.810     5.970     5.000
     3.980     3.070     2.340     1.640      .840      .000     -.720    -1.290
    -1.900    -2.720    -3.710    -4.700    -5.600    -6.410    -7.090    -7.630
    -8.030    -8.360    -8.610    -8.750    -8.760    -8.730    -8.760    -8.820
    -8.760    -8.490    -8.040    -7.530    -7.030    -6.580    -6.170    -5.750
    -5.240    -4.550    -3.720    -2.800    -1.850     -.860      .270     1.660
     3.290     4.940     6.320     7.330     8.090     8.690     8.910     8.470
     7.400     6.050     4.770     3.700     2.850     2.370     2.440     3.070
     4.080     5.240     6.390     7.410     8.260     8.870     9.090     8.720
     7.630     5.950     3.930     1.780     -.320    -2.110    -3.380    -4.070
    -4.320    -4.190    -3.710    -3.100    -2.630    -2.320    -1.900    -1.350
    -1.120    -1.580    -2.460    -3.190    -3.670    -4.310    -5.300    -6.190
    -6.470    -6.240    -5.910    -5.590    -5.070    -4.340    -3.710    -3.360
    -3.120    -2.860    -2.760    -3.020    -3.520    -4.050    -4.660    -5.520
    -6.570    -7.540    -8.270    -8.910    -9.590   -10.230   -10.640   -10.770
   -10.790   -10.890   -11.240   -11.790   -12.300   -12.550   -12.600   -12.680
   -12.960   -13.320   -13.560   -13.640   -13.620   -13.540   -13.410   -13.240
   -13.010   -12.620   -12.060   -11.480   -11.020   -10.600    -9.960    -9.060
    -8.120    -7.300    -6.470    -5.500    -4.530    -3.840    -3.480    -3.230
    -2.960    -2.770    -2.730    -2.670    -2.410    -2.080    -1.890    -1.760
    -1.430     -.850     -.340     -.130     -.140     -.210     -.360     -.600
     -.700     -.480     -.190     -.290     -.790    -1.250    -1.480    -1.830
    -2.610    -3.470    -3.820    -3.650    -3.540    -3.860    -4.330    -4.570
    -4.630    -4.850    -5.300    -5.650    -5.650    -5.420    -5.210    -5.090
    -4.840    -4.270    -3.470    -2.680    -1.950    -1.080      .110     1.500
     2.760     3.720     4.500     5.230     5.850     6.250     6.550     6.980
     7.640     8.370     9.020     9.550    10.050    10.560    11.090    11.600
    12.020    12.310    12.560    12.890    13.240    13.390    13.190    12.780
    12.380    12.010    11.490    10.710     9.790     8.900     8.060     7.170
     6.190     5.230     4.370     3.550     2.690     1.860     1.240      .870
      .460     -.250    -1.130    -1.820    -2.270    -2.770    -3.560    -4.450
    -5.180    -5.780    -6.390    -6.930    -7.250    -7.440    -7.690    -7.830
    -7.460    -6.580    -5.730    -5.340    -5.100    -4.400    -3.240    -2.210
    -1.700    -1.370     -.650      .550     1.770     2.660     3.450     4.630
     6.350     8.150     9.520    10.520    11.660    13.150    14.580    15.450
    15.780    15.940    16.060    15.940    15.580    15.200    14.890    14.350
    13.380    12.240    11.390    10.900    10.430     9.690     8.800     7.980
     7.330     6.790     6.220     5.560     4.800     3.970     3.000     1.780
      .320    -1.170    -2.470    -3.590    -4.590    -5.450    -6.050    -6.490
    -6.920    -7.240    -7.050    -6.240    -5.150    -4.130    -3.060    -1.600
      .250     2.070     3.640     5.210     7.010     8.890    10.520    11.800
    12.940    14.120    15.250    16.220    16.970    17.490    17.760    17.830
    17.800    17.640    17.260    16.590    15.760    14.840    13.780    12.440
    10.870     9.290     7.870     6.570     5.210     3.700     2.100      .520
    -1.010    -2.560    -4.170    -5.710    -7.000    -8.020    -9.010   -10.160
   -11.390   -12.520   -13.590   -14.760   -16.000   -17.080   -17.820   -18.410
   -19.070   -19.820   -20.440   -20.730   -20.630   -20.140   -19.320   -18.380
   -17.390   -16.270   -14.850   -13.280   -11.890   -10.830    -9.950    -9.010
    -7.990    -7.050    -6.260    -5.580    -4.990    -4.440    -3.790    -2.850
    -1.640     -.420      .610     1.490     2.440     3.520     4.600     5.490
     6.120     6.560     6.880     7.080     7.070     6.820     6.470     6.240
     6.190     6.210     6.140     5.960     5.730     5.460     5.040     4.380
     3.430     2.200      .820     -.490    -1.590    -2.580    -3.730    -5.050
    -6.250    -7.030    -7.480    -7.930    -8.470    -8.870    -8.940    -8.760
    -8.550    -8.380    -8.160    -7.880    -7.620    -7.510